38
0 192279220 156648746 640494892 318065816 648104885 890791532 306647414 722629343 842804669 589558486 541586881 545052260 510023590 134561869 401033745 599986363 326439606 185635311 421663553 633917839 794174955 27828123 264697884 784935039 568069676 811799398 336525214 118844757 485987173 499252687 537686293 284108799 400446956 669578165 521221433 589121210 249394874
192279220 0 154396384 528756313 264440383 725454492 108201616 549862302 875317523 567530398 134166194 148171212 705924883 487449327 695564571 139381337 192576280 36819590 544659197 829251359 869082275 544258177 792547135 888333016 181217910 797782114 791821786 727121309 727214231 741840499 766554125 991633662 593105379 710870139 924924837 175469751 14832332 401767148
156648746 154396384 0 434883274 659789617 696703871 428505484 176916719 629938577 381873603 414950796 459480021 701326768 911192541 532291996 251320507 339470264 716162336 175477372 473970282 25145201 607157916 344979556 729753828 778665738 239098408 162447801 700275843 593398051 30052410 290065702 698553902 370738803 37116959 136431237 425710284 629898748 754862685
640494892 528756313 434883274 0 608119380 543030428 322953840 909058872 244419357 560028831 721407802 458194371 360797562 522937781 942581882 149124068 91311827 182538448 385632116 477181978 819042066 974478438 606529987 973849297 994337227 685400425 552007489 466233564 332310973 482019313 3996941 186304138 705438259 210364435 189986488 435891352 67277966 471122517
318065816 264440383 659789617 608119380 0 663661240 119811886 455464665 781214570 7218487 553010676 711527040 153907111 366865480 651125279 414594572 674221023 877980488 74114210 395005915 236424237 105432268 854248606 368415357 332058127 510134242 767002401 300170578 660656054 853044665 576853977 770200706 352988443 800081944 751880184 474348188 175309577 222925575
648104885 725454492 696703871 543030428 663661240 0 691103780 307270851 196670271 861789186 955308711 805750859 153703898 175671834 371623643 331487169 82572049 234609344 281221795 204518013 62605193 44562564 694655264 195626384 762456137 577467057 673284106 450550346 563298067 225880642 871885396 993970423 270146933 313741470 943934691 940665860 658555203 257098825
890791532 108201616 428505484 322953840 119811886 691103780 0 584469329 304620505 144376610 381588618 225659487 312119365 3720977 124409048 269144629 432342320 970639970 749035961 819349760 647411618 650759971 98844756 789440908 24400815 50978805 246463401 983917278 965893603 348694202 742091261 860312486 58754954 253001775 874965297 306488085 58123355 167725286
306647414 549862302 176916719 909058872 455464665 307270851 584469329 0 633084214 625456810 132249152 923622442 610379669 958798378 63074408 189437147 906953259 96912084 69575117 65949542 963213705 725160370 675361364 599511875 386891485 752028766 802742188 806337609 826781249 778235197 834056713 438703962 555701636 792937040 357525861 117257540 354151062 510581431
722629343 875317523 629938577 244419357 781214570 196670271 304620505 633084214 0 780877708 739990894 616919641 633051911 537811758 599149591 248342016 996236455 154071710 403681059 849289623 550125446 205744622 540932136 6405002 904050171 164889532 157822377 574319764 169725638 258285782 156134329 332779127 462029673 164309297 382249882 631443539 558792930 563067320
842804669 567530398 381873603 560028831 7218487 861789186 144376610 625456810 780877708 0 349655325 541627396 179752937 487222100 243222914 963352506 898717035 720041811 477587442 779931867 754369251 56560140 720653471 933416558 182407666 217280532 155385500 862578965 623612468 384092381 828218675 115921192 452459592 455246050 688272446 30515320 903896941 358072894
589558486 134166194 414950796 721407802 553010676 955308711 381588618 132249152 739990894 349655325 0 189845338 356035805 451715495 423151881 406539487 293935164 241584076 276294863 351133755 97791695 163959670 638568586 56060135 636003294 710088559 806266306 528527440 142394566 866266220 177743881 851511173 308797553 887096772 510008719 624824684 876514640 76774585
541586881 148171212 459480021 458194371 711527040 805750859 225659487 923622442 616919641 541627396 189845338 0 857066210 514312094 252728018 845833860 823871256 888321423 344958618 458419082 503316297 788812018 259188591 326810208 108423720 522973050 219727203 80741174 509185528 882003969 393648806 447963123 443252150 141317752 911794180 950287212 501212618 871200174
545052260 705924883 701326768 360797562 153907111 153703898 312119365 610379669 633051911 179752937 356035805 857066210 0 913636469 259733480 755591984 241618061 204059421 247221529 60835260 263982839 759517420 477025351 692565033 375403884 850448894 683743955 433952228 613787528 364669393 283659587 313740650 873227113 814946362 397712909 220526650 816465456 205432410
510023590 487449327 911192541 522937781 366865480 175671834 3720977 958798378 537811758 487222100 451715495 514312094 913636469 0 643176869 896411912 426188561 444486812 256653851 97550049 622206694 870450851 199659791 898701471 843008606 695807095 593913331 948356384 889856071 443811758 253754843 460526403 338522359 957356140 855849113 150080689 228127237 94407660
134561869 695564571 532291996 942581882 651125279 371623643 124409048 63074408 599149591 243222914 423151881 252728018 259733480 643176869 0 346209706 552250085 306061338 88799826 14347775 583095008 786197015 923181961 315946986 967930132 512732493 353321718 483602916 889200711 990976337 187850026 684368942 377179609 481685112 322380958 559167220 931074840 872259935
401033745 139381337 251320507 149124068 414594572 331487169 269144629 189437147 248342016 963352506 406539487 845833860 755591984 896411912 346209706 0 602446372 405953440 390143235 568484556 633551381 332668941 932329452 911332404 163815973 744621933 367144078 110481351 454786811 256754480 863335112 100922947 702718479 750342074 928083339 458600897 841137513 307561716
599986363 192576280 339470264 91311827 674221023 82572049 432342320 906953259 996236455 898717035 293935164 823871256 241618061 426188561 552250085 602446372 0 718697235 215677770 889658732 82619260 280884396 657848015 784951414 457948520 765043644 404043218 360912431 115186977 191813218 7836256 398047100 911859660 883786334 961481039 379655987 287120195 744265362
326439606 36819590 716162336 182538448 877980488 234609344 970639970 96912084 154071710 720041811 241584076 888321423 204059421 444486812 306061338 405953440 718697235 0 69615947 259645749 28565500 896616998 785316591 556831370 638332658 5572719 95990639 716293557 192402414 906988660 54524480 573149773 876435283 869032217 362386983 89467028 795895896 799945399
185635311 544659197 175477372 385632116 74114210 281221795 749035961 69575117 403681059 477587442 276294863 344958618 247221529 256653851 88799826 390143235 215677770 69615947 0 554047063 11547032 354325646 876288044 37285994 600592575 749446521 981617024 408395904 56222204 500055849 637801774 416271313 717014585 50127022 992059188 105922509 98268740 739415999
421663553 829251359 473970282 477181978 395005915 204518013 819349760 65949542 849289623 779931867 351133755 458419082 60835260 97550049 14347775 568484556 889658732 259645749 554047063 0 546769678 78199529 568202699 754591963 963917028 370336434 76965015 975980920 263923656 942895402 33448391 459698572 279290297 660073647 499432460 281689701 785104745 315925136
633917839 869082275 25145201 819042066 236424237 62605193 647411618 963213705 550125446 754369251 97791695 503316297 263982839 622206694 583095008 633551381 82619260 28565500 11547032 546769678 0 380937487 711859964 89276725 156722719 988285030 480476399 201310302 390546876 655120522 777909553 197822958 111602234 76052830 598315995 547580917 555610857 473326365
794174955 544258177 607157916 974478438 105432268 44562564 650759971 725160370 205744622 56560140 163959670 788812018 759517420 870450851 786197015 332668941 280884396 896616998 354325646 78199529 380937487 0 835360370 738593187 359729359 981229809 888827418 856922974 953655006 746453207 119086713 682461439 260788208 292917825 799730843 553349954 43082330 662932794
27828123 792547135 344979556 606529987 854248606 694655264 98844756 675361364 540932136 720653471 638568586 259188591 477025351 199659791 923181961 932329452 657848015 785316591 876288044 568202699 711859964 835360370 0 993973134 560390518 180999313 996998470 866803513 216442068 881011221 774437681 972237693 601004929 10574670 805105450 363463478 769864306 3826792
264697884 888333016 729753828 973849297 368415357 195626384 789440908 599511875 6405002 933416558 56060135 326810208 692565033 898701471 315946986 911332404 784951414 556831370 37285994 754591963 89276725 738593187 993973134 0 235226467 787390629 451741021 952671462 217298606 643999571 566315030 310667099 906480973 48693590 539543510 350131284 704357619 255007173
784935039 181217910 778665738 994337227 332058127 762456137 24400815 386891485 904050171 182407666 636003294 108423720 375403884 843008606 967930132 163815973 457948520 638332658 600592575 963917028 156722719 359729359 560390518 235226467 0 687572860 505811216 379464049 919899058 344763659 549859515 325551420 805247349 526945681 642981871 634609869 484656339 859919832
568069676 797782114 239098408 685400425 510134242 577467057 50978805 752028766 164889532 217280532 710088559 522973050 850448894 695807095 512732493 744621933 765043644 5572719 749446521 370336434 988285030 981229809 180999313 787390629 687572860 0 175718444 19340824 843904262 856823540 937142966 120649948 322621782 714900352 374565666 646336728 41403223 695629691
811799398 791821786 162447801 552007489 767002401 673284106 246463401 802742188 157822377 155385500 806266306 219727203 683743955 593913331 353321718 367144078 404043218 95990639 981617024 76965015 480476399 888827418 996998470 451741021 505811216 175718444 0 131379259 903158972 776963780 72805571 481833527 678137338 44232028 412114382 709278192 858756492 424439046
336525214 727121309 700275843 466233564 300170578 450550346 983917278 806337609 574319764 862578965 528527440 80741174 433952228 948356384 483602916 110481351 360912431 716293557 408395904 975980920 201310302 856922974 866803513 952671462 379464049 19340824 131379259 0 20051664 292684135 535999829 134347178 564670127 202084007 808810446 814749953 602689028 723459843
118844757 727214231 593398051 332310973 660656054 563298067 965893603 826781249 169725638 623612468 142394566 509185528 613787528 889856071 889200711 454786811 115186977 192402414 56222204 263923656 390546876 953655006 216442068 217298606 919899058 843904262 903158972 20051664 0 854968295 106597600 214392111 797337844 166197938 775163486 162810808 493083361 757796288
485987173 741840499 30052410 482019313 853044665 225880642 348694202 778235197 258285782 384092381 866266220 882003969 364669393 443811758 990976337 256754480 191813218 906988660 500055849 942895402 655120522 746453207 881011221 643999571 344763659 856823540 776963780 292684135 854968295 0 705738351 8142692 621334574 95995740 738962011 685184955 239342127 716355287
499252687 766554125 290065702 3996941 576853977 871885396 742091261 834056713 156134329 828218675 177743881 393648806 283659587 253754843 187850026 863335112 7836256 54524480 637801774 33448391 777909553 119086713 774437681 566315030 549859515 937142966 72805571 535999829 106597600 705738351 0 337442283 99678642 341945489 821298553 463222523 754317102 940797767
537686293 991633662 698553902 186304138 770200706 993970423 860312486 438703962 332779127 115921192 851511173 447963123 313740650 460526403 684368942 100922947 398047100 573149773 416271313 459698572 197822958 682461439 972237693 310667099 325551420 120649948 481833527 134347178 214392111 8142692 337442283 0 355399364 399061487 567831822 902127715 594272498 420975804
284108799 593105379 370738803 705438259 352988443 270146933 58754954 555701636 462029673 452459592 308797553 443252150 873227113 338522359 377179609 702718479 911859660 876435283 717014585 279290297 111602234 260788208 601004929 906480973 805247349 322621782 678137338 564670127 797337844 621334574 99678642 355399364 0 78143284 149471018 268301282 562926440 176738587
400446956 710870139 37116959 210364435 800081944 313741470 253001775 792937040 164309297 455246050 887096772 141317752 814946362 957356140 481685112 750342074 883786334 869032217 50127022 660073647 76052830 292917825 10574670 48693590 526945681 714900352 44232028 202084007 166197938 95995740 341945489 399061487 78143284 0 329079065 131047254 622267958 683565708
669578165 924924837 136431237 189986488 751880184 943934691 874965297 357525861 382249882 688272446 510008719 911794180 397712909 855849113 322380958 928083339 961481039 362386983 992059188 499432460 598315995 799730843 805105450 539543510 642981871 374565666 412114382 808810446 775163486 738962011 821298553 567831822 149471018 329079065 0 842900648 548145967 964135096
521221433 175469751 425710284 435891352 474348188 940665860 306488085 117257540 631443539 30515320 624824684 950287212 220526650 150080689 559167220 458600897 379655987 89467028 105922509 281689701 547580917 553349954 363463478 350131284 634609869 646336728 709278192 814749953 162810808 685184955 463222523 902127715 268301282 131047254 842900648 0 83150379 503007916
589121210 14832332 629898748 67277966 175309577 658555203 58123355 354151062 558792930 903896941 876514640 501212618 816465456 228127237 931074840 841137513 287120195 795895896 98268740 785104745 555610857 43082330 769864306 704357619 484656339 41403223 858756492 602689028 493083361 239342127 754317102 594272498 562926440 622267958 548145967 83150379 0 246969222
249394874 401767148 754862685 471122517 222925575 257098825 167725286 510581431 563067320 358072894 76774585 871200174 205432410 94407660 872259935 307561716 744265362 799945399 739415999 315925136 473326365 662932794 3826792 255007173 859919832 695629691 424439046 723459843 757796288 716355287 940797767 420975804 176738587 683565708 964135096 503007916 246969222 0
