16
0 451794314 2028037 111681588 177741457 727272894 625817844 358996390 499848367 130997331 334404235 915162678 653545259 78145328 571051694 870020617
451794314 0 288974909 291303632 164199418 383855815 903511050 239303569 7061287 463541289 867470925 71459492 112784412 581004064 550324427 207534299
2028037 288974909 0 155763712 280452914 451963117 636159790 23523747 551242323 120030523 674397136 341562698 626625485 943346726 172354129 532166635
111681588 291303632 155763712 0 745629015 263419161 788165373 398318281 622426888 986922531 958197434 951473804 423006839 856912692 844757180 503056550
177741457 164199418 280452914 745629015 0 854025925 442332844 935986353 79384002 112618850 404243924 52898442 483894301 227723599 27279851 66284175
727272894 383855815 451963117 263419161 854025925 0 275132246 142493592 19141560 230228300 86377174 401242089 669309742 266280591 835825143 660803648
625817844 903511050 636159790 788165373 442332844 275132246 0 695297770 513456960 678849560 618061916 794478014 618420173 128456734 711708323 200677819
358996390 239303569 23523747 398318281 935986353 142493592 695297770 0 313082157 504459522 863589554 364178763 342823400 832249497 241389523 118884818
499848367 7061287 551242323 622426888 79384002 19141560 513456960 313082157 0 679335110 791513591 453002785 63159789 530649785 601591618 741997440
130997331 463541289 120030523 986922531 112618850 230228300 678849560 504459522 679335110 0 435167767 706324970 669473697 552244092 95282135 706435381
334404235 867470925 674397136 958197434 404243924 86377174 618061916 863589554 791513591 435167767 0 720922658 552010351 760049622 388198169 66950056
915162678 71459492 341562698 951473804 52898442 401242089 794478014 364178763 453002785 706324970 720922658 0 785773594 285284864 895143571 578541378
653545259 112784412 626625485 423006839 483894301 669309742 618420173 342823400 63159789 669473697 552010351 785773594 0 907915613 122021473 975233884
78145328 581004064 943346726 856912692 227723599 266280591 128456734 832249497 530649785 552244092 760049622 285284864 907915613 0 420267989 175415879
571051694 550324427 172354129 844757180 27279851 835825143 711708323 241389523 601591618 95282135 388198169 895143571 122021473 420267989 0 620832440
870020617 207534299 532166635 503056550 66284175 660803648 200677819 118884818 741997440 706435381 66950056 578541378 975233884 175415879 620832440 0
