21050715
585971628
565783499
78613235
977823009
902855851
661270433
887969395
480168536
717942311
321235396
453546813
550932271
275728542
767012429
828696776
820189881
213699593
238263585
910626499
232446865
365607395
444213884
932259918
907790122
225141513
885735039
737046868
879420574
682179620
245816833
532946480
231646140
444686524
410911023
673582061
712660763
485661441
719250435
645137880
238533336
598150762
325044325
323593340
971997278
838035657
112827372
886011908
32027801
568503164
505768098
880427167
333770988
882028405
769287822
531597999
541466473
274756471
409536585
664101105
660255358
541644737
540473460
35711176
700352135
342843287
740456163
540947605
548162992
860985346
260150449
915450202
860215199
122115923
634423993
498694838
689071777
712959909
133318364
748043441
306746650
442167304
799563073
551359255
854433019
296979447
476100480
70040207
725154969
400708770
635344098
897157975
820340683
302129640
117437995
764223780
561126290
391395274
805977093
577789829
843394172
649926091
270831323
258563089
705462784
673117605
977130231
225455241
527918084
404074839
697848303
334433420
538988495
840509
763791491
226613657
593764413
843033581
682522909
588696787
876207957
133566890
269431188
223338881
230842480
529815522
850097764
116125892
360794442
553134097
867619397
692343438
854255910
952333709
902331885
892620005
404593483
247168556
547374646
526433789
925773846
109816683
495416565
168117891
800572697
855424375
3800838
813127889
974206931
443244711
499400938
561087235
533704613
415750018
532734272
910487097
216682574
287340544
23264402
774940981
449594547
441142368
826273924
897258538
446344802
412169112
221136833
344881616
468823355
836592318
386818510
909096897
237474995
347047776
677444653
729301679
22439934
521158269
465298478
805648332
567009439
900206825
715265533
380563859
448327728
657647726
435244255
316766656
855111071
378371363
226869675
536555668
373940667
307023890
197805286
554551181
455528910
980005725
284916815
601768813
55480859
742296765
49282790
220466495
759513263
754750368
286275990
25514588
892601530
307408948
959142869
142429377
368851320
886855445
670930707
398990583
745007240
531447096
628869005
73133086
409653937
191845466
13999839
986474278
356445979
647062219
768123984
661429523
444559617
988997246
709921909
472555622
282513214
415425735
822691833
634616610
709130698
776042311
7736831
939069628
433119359
171396761
136011237
649367826
494718765
778792790
758434703
559444544
710272996
454407952
825458945
732653708
372663839
238984355
128695407
929440405
911149565
879407239
870464114
343361152
267758429
210072829
351090344
847151066
347743050
70009671
50785561
297270509
963096692
640325364
614456460
859892216
419960924
468449546
870768909
769909434
174791478
528065153
442922531
757356176
108336876
481827
45902995
767020082
421639851
351554172
997068541
115901890
963751055
692663310
708771019
839240431
431372574
306294914
630499046
589702465
576333371
582048612
590219525
75588655
534822651
712336613
14111722
245630621
637208532
766123676
569189193
686683827
819326622
172223225
990697310
476033120
666468967
331708700
849386574
565180706
744114088
151587237
971031013
441221318
419861195
115174567
783431374
392416340
963719764
791557236
660061719
741768717
545913866
136686735
148462559
839920532
472886886
412028851
880029115
483984448
602528797
274550003
65358198
956699737
706078600
937643366
497582075
506080145
533534459
709255473
271311754
484206306
280052891
814584100
914079231
344893034
533421925
859077388
564362835
157442228
922326586
758718592
232753766
800140979
913411149
920338858
946111862
819666662
954249972
682546036
107338728
654194763
334954908
470493911
984451657
561215154
905085080
410792125
305201972
968496625
490999592
795881790
185574152
752380776
70000149
18807116
570102582
528423258
853460065
342371815
307253348
299513941
398704162
609289871
789687427
816112761
284972089
641831234
110077757
549750037
940384162
63110657
682348418
46980206
839347897
141322323
16238619
1565458
974943206
107027401
990615299
928407910
750456183
711821085
792992320
522972748
228766328
412327811
469217380
644198672
222651197
804779901
379479881
573677697
694478076
691875097
23009863
530495476
968317233
752234565
378729214
335602682
304228920
951425111
936400105
658077522
360811096
520237729
156258317
556478414
297888271
482937580
875762536
909977319
219402011
630831465
122593697
397547142
486501227
675273117
17525426
507524319
810323091
851288414
379839580
261491987
121550520
794677788
865891275
870775405
79701591
898648110
67549616
705150417
718994539
737436896
851369776
617530564
794736099
100934301
801463025
21984667
372094022
546641975
540274982
131075721
670120391
461067345
510075364
334388269
555864005
469495874
623026500
722916415
29584121
446916158
100465937
83247799
729541464
910109196
901757359
771984052
11330843
11743136
421061392
530952206
158569773
485467742
277250258
649250196
571648068
