189053796
210998346
418418483
272982503
981157384
715828833
425925371
876935466
291039331
978589603
530603247
994123514
692692323
847631337
712806841
734000249
807230179
907674550
745601099
801054883
314035334
617144980
710340861
531600130
832169205
328738887
183687568
552182396
281530979
490146215
786647369
767856612
395128042
220373199
573727225
490456370
478578668
244456766
907919073
953506145
101596497
336425874
319987343
444096626
197419144
633682459
924998851
186189701
785817
979076758
551763592
469627860
721936744
555173343
568075470
424877614
394663186
376143438
477685006
370414837
178188218
331064895
128574211
582923297
886029055
844674180
711002941
561901952
878652982
793275471
157159936
943550236
633982384
809837323
766816381
884012233
675167459
849145127
624255984
342102464
707063974
102621537
163900003
291262508
683275387
734546553
713202080
65774259
704167545
676968743
578497050
361130559
745717050
744691300
311559756
874844349
881297969
160876870
944325709
623946523
871618263
588639566
470550047
410322387
472984611
233322965
969880853
470017880
74267304
357617019
932600517
152043918
651730559
985623698
51172826
737549256
670277091
81219860
180812783
955622010
854826216
413237415
510038520
266700667
349715236
726144217
180147751
722249534
307696901
545228155
804080936
846381822
895023488
613462638
951704538
13600998
595768515
775333196
689178965
770604016
146474203
23285360
859497196
638141476
180310534
886025946
847154585
207962461
329446893
967529072
536039958
48830894
774112531
110222186
333145251
228235438
190476739
476580597
324603124
248834810
853468761
914668528
104111873
64082972
896187823
879852720
756683011
820494165
292995866
472362207
466604180
414417882
314483662
966712303
718658040
825754377
253154664
539595602
263022303
136589517
373052719
787130664
278823455
848026751
227165056
412071999
710747744
85309412
808844686
664965611
22175486
877781770
158694973
425101320
554353795
964002540
864078602
239921224
337306964
876782112
78614001
972218099
373139801
490487534
489814243
229804915
532445516
912595582
166616631
670657665
806207873
649505755
106437225
460139196
141163380
842152894
713127555
271758838
113231470
957647993
122999625
363827485
497060567
728152093
705688112
761718735
450753469
483341987
125048383
523674089
133368775
682455314
447638836
157638440
659789719
577043197
804770541
948518895
349035364
710824689
116187261
631080650
988221203
892105216
713788927
475543849
235871765
691302291
957094371
463807081
704770847
693076170
369822296
288347285
298310005
341328507
881352738
185391756
463955792
982354049
892384740
904349327
720372223
863024032
228378426
646646502
66502111
489260718
851195748
301835030
410456034
453214370
263709330
907582182
737724132
121245635
872813090
461310754
255048868
36993093
624912745
484386050
230146971
263905536
594049881
611758765
517842359
231122061
496905083
822929095
639310672
706801976
856300793
188861040
995067639
910663499
835702291
404524126
223468877
726994995
874262088
722929384
222910055
512153420
117696920
336829413
642851677
50737560
322154705
546357092
240096899
525687741
439553100
560285314
394322454
902261154
247767559
837295900
800146629
792785478
250206235
122976586
581646655
5284311
132240596
984579687
603573277
907166685
851109213
158487165
457575476
313638662
694731614
554155346
707216002
311447852
925288268
845799382
654156820
955078880
102634735
506435171
17441665
157108945
269775960
808710471
238197737
595348760
129161087
371410345
46949417
791169340
72349224
747533604
869576449
988519989
775303708
287693800
706618967
378400528
641644601
322392752
751970171
929023581
598485920
821102294
570910961
973330713
730003770
119997322
452720707
951920471
398244925
193816943
563983482
814601978
796105297
56209460
619629944
929014068
11520292
821416182
633713586
826825690
36744251
262887075
328331257
876847725
926417459
55993808
984779088
64413083
347859592
836327641
534086533
969588299
835673076
118622361
140978692
510161298
73805097
830575320
640938580
594317850
676888975
520301085
676154219
416275895
675707002
491564903
158130353
986212744
428264732
535779406
497778137
373937393
726834388
869481136
277498716
702891447
185020265
944868347
301238647
145015165
153501990
731767359
670297568
226958790
107908926
807163798
879998264
205090344
119026007
123214661
875283070
577461716
554667850
575861987
905588986
479372391
192460348
319166434
699303845
284602970
870882137
533744724
65840251
346196641
962899622
748876636
191739611
892099592
484324128
908271472
626818808
447079113
100073435
164761720
119385420
816439836
317561046
896205915
692125478
453126926
811935547
719169404
201425117
131906943
803335320
309037427
631865480
374393546
285873524
749437520
756810181
