202
25167
59237
98585
27662
98514
22077
35340
2884
39720
62074
9034
95279
5420
123908
87540
114088
101672
16103
17758
52423
133309
25787
84954
15463
149385
80576
61544
113676
12918
26747
155209
76379
2599
46449
99403
4879
2624
18823
4198
68503
141385
15000
3462
16916
37671
10870
59098
35056
122886
2156
6468
26766
16047
56196
54339
100187
38043
42332
62416
92319
47107
87041
12604
2894
34902
9095
101186
36446
14577
14769
64903
151017
43405
79571
15833
41095
103908
77174
35437
1275
64459
82443
37397
46978
11527
1090
37096
37482
79556
27716
65397
29999
31009
89793
68186
6546
36180
21641
119533
26522
270334
12558
34782
60843
25835
99620
10503
28024
85491
28582
79813
21884
85506
21250
64202
29784
966
91422
167119
24190
21786
46445
40388
84748
23606
6600
40913
64100
1246
197457
115025
150697
175965
1532
89191
48104
101795
8632
16037
60382
4087
163995
17834
11122
77502
74890
140129
177968
21990
31073
59454
18675
5432
36169
2375
105811
19701
36081
7006
3081
5683
36950
65523
29547
112917
6040
36707
54933
50109
201621
50897
34198
4922
59419
449
39623
46785
340442
26734
70623
15658
100988
10061
27799
6599
39738
74001
145036
12104
9530
36458
12837
34556
96565
16855
37385
47444
80805
3266
38631
25286
1706
