693 299 300 601 737
152 575 5478193
573 596 4034204
156 620 7538320
396 624 2371374
36 374 9144559
195 275 9181585
310 445 6380703
311 2 4699818
690 396 1793390
285 449 6495189
451 640 444491
607 42 4756484
243 612 1281811
432 378 2912167
474 69 6399893
221 477 2844085
72 538 3720977
554 420 682836
423 117 344141
283 412 3057786
543 216 8341890
265 421 5163609
187 524 709173
219 512 7051194
223 644 617264
264 426 8026904
304 555 6380711
363 60 1787672
141 548 7672502
646 288 5565256
610 670 6703052
399 156 4071450
495 636 5426222
162 675 2466253
535 207 9414298
281 539 4913746
259 331 2233153
618 26 9129947
637 256 8179931
59 444 466284
309 599 8367985
45 393 504486
533 408 9898766
491 129 3178140
102 204 3740082
494 524 282866
236 675 7424550
142 271 4017983
100 451 6789408
84 596 4061224
159 138 7530351
71 271 435081
44 459 7216892
626 28 8333540
98 637 911756
622 231 8043104
41 159 5362740
118 650 3731562
219 309 395683
127 630 6913802
103 459 7481417
381 507 7760424
364 606 4963688
655 191 7615716
543 207 7694371
374 355 9252962
552 361 6817762
689 94 5445487
516 510 7941239
333 111 1237682
102 241 6933261
165 474 2195466
425 668 1064378
131 450 1623395
499 142 1390034
384 151 580611
326 349 2494736
44 413 1031241
148 354 6940949
80 423 8832288
484 559 5742720
376 94 1284958
230 369 2563608
676 59 8548552
341 151 6195491
445 483 4697665
564 198 5869048
71 71 1801979
289 508 4670908
212 686 5043462
188 515 3642995
58 441 7776834
317 214 9588737
68 465 7604142
337 610 1018996
298 138 8255703
533 267 1185524
359 463 8862354
294 269 6428633
596 509 5139385
307 9 7772838
323 475 3300650
608 576 267566
455 305 1646201
22 187 5696707
341 224 1095279
277 254 1754762
130 247 4674470
631 296 6923181
362 155 259651
589 396 8677211
316 220 129450
303 491 5902819
627 563 666907
373 388 9044841
72 113 7044534
5 247 8080857
527 569 9129968
541 333 3854678
506 48 8808692
46 434 6335950
492 123 3562527
19 293 1343535
592 305 2261218
452 632 9639994
108 632 5762223
350 577 6851985
348 679 6401169
495 553 2213509
153 227 2550065
357 62 6692239
4 525 211097
158 395 5179727
551 12 2672598
462 606 764507
377 315 4021274
281 313 7697591
152 183 4586140
4 324 4067692
58 177 5519092
449 617 4448458
148 613 8802520
496 257 4039848
508 142 7537417
323 91 1829526
226 336 8327960
361 88 1962729
602 626 7848791
396 516 6544097
559 242 9278312
566 675 1360469
73 230 7264951
440 574 9665721
430 602 5571828
658 656 3564317
314 104 3348933
472 262 2039555
448 641 1273671
188 283 7833784
684 171 7440189
21 221 854586
677 164 2353524
478 680 1672876
196 300 1856218
46 554 389995
209 273 1130742
611 350 3404938
107 227 9719601
639 537 3102469
385 444 3699808
293 92 8227085
423 438 1820146
335 659 7088680
110 12 40808
553 663 8320551
149 517 5400662
628 516 8639630
193 415 6322061
675 84 9785056
226 662 6574813
552 384 1489849
152 208 2372144
110 223 9848126
505 6 185218
524 385 1544535
31 438 811545
600 413 7139877
542 424 7537471
34 380 9136856
248 577 9934912
200 171 6267629
63 182 3694936
90 566 6828377
101 495 9569635
561 516 9896486
449 527 6463659
599 285 9148384
497 271 8281273
538 573 328695
608 674 3361278
338 36 1318682
41 93 9244533
275 671 9119545
551 141 3071279
386 218 9240289
638 536 8159653
213 391 564909
594 645 2819518
452 535 1441330
666 312 7051182
9 659 36942
369 132 2393731
172 528 4733158
290 634 5111002
682 373 8328595
176 243 6796305
579 275 4665535
678 75 9002257
386 291 5086879
561 150 1747451
117 138 6964497
72 539 203884
97 402 4192205
125 154 8319086
398 1 3444273
556 25 1560904
137 110 9618623
416 429 7081120
393 356 4929042
242 391 8917054
412 18 8110360
643 466 1058315
440 289 9127467
549 34 5769807
592 92 1862995
503 550 9463319
112 80 8246840
465 540 2189069
403 300 929751
252 4 8238496
82 580 7255278
447 64 3918223
353 435 7501100
299 584 8632854
140 151 3807316
341 102 8746327
337 610 1135586
71 602 5865782
78 533 8061118
497 43 5111023
195 222 2156802
173 370 3157366
564 618 9038090
299 213 3692391
305 561 979402
566 497 2770189
315 406 3605693
421 549 4660209
287 278 4830225
661 299 1675182
340 445 7046382
396 28 9297359
607 561 8845925
65 28 6984755
291 257 9562190
115 84 6780741
131 19 6950698
77 473 8760492
168 354 5806985
233 294 3750555
166 251 5635949
636 594 9049562
345 143 7807071
185 426 6675253
385 652 4851561
315 488 5900072
354 338 4261251
256 665 7421738
596 512 6176808
630 622 8760247
468 388 3184721
102 622 7475546
482 34 140128
219 105 9380970
102 686 34912
50 652 921762
61 308 9194672
343 289 4974660
98 678 3877623
421 93 4242283
121 10 8862405
265 436 8642431
485 326 4144519
207 621 6232077
271 547 2311513
115 496 5415364
252 344 9048250
307 211 1717517
377 274 9745202
