198 235 167 115 277
34 157 7481041
166 53 8424919
37 135 3225647
192 175 3209105
121 193 3569482
188 167 9026000
37 175 4696409
19 68 4358414
28 126 5357991
169 52 6142135
0 117 7793779
188 59 3341306
97 105 9655673
16 114 8335371
161 35 9936154
75 106 973579
24 98 9837526
145 26 4024235
158 143 3602693
115 125 2151301
174 176 3424054
185 196 8387078
28 123 1412140
71 98 8396697
73 11 643426
158 139 4274821
62 93 5700450
86 58 8104316
84 99 3506789
86 85 377546
114 74 2306697
139 151 8479534
55 121 6054134
160 131 845643
191 147 5735670
129 93 9813066
74 178 4038018
169 81 1094392
96 61 5903485
159 177 6969084
183 22 5392676
96 109 2451994
44 24 8844498
76 178 4678262
38 41 7660668
56 70 1334959
130 38 7112097
134 105 2367633
131 50 1127802
141 184 8967956
169 173 8774019
165 170 414211
118 139 2836760
54 79 8536925
90 2 6927457
138 106 5428349
194 120 4645001
13 154 2696051
29 98 2884602
54 82 7376303
51 63 2577575
40 51 8584845
140 20 8831342
88 74 3267895
0 128 5751319
8 142 2627297
51 74 2322781
60 106 1658488
25 42 6523038
108 64 6194091
26 56 9509361
13 16 728143
188 115 9534906
108 190 1677129
13 15 5089545
134 122 3034286
108 27 1356312
145 165 6741896
58 141 3248760
156 141 2441160
23 114 6518275
86 121 82805
130 78 2937490
12 73 5251905
156 146 1075097
103 37 354493
105 73 4174685
173 2 3156100
85 45 5018913
77 66 4872141
180 17 8404126
174 110 9139098
147 94 8273623
189 60 6759016
109 180 3704087
166 21 601320
59 86 2396774
134 93 8557370
87 197 900834
132 66 3212587
49 178 5152751
114 183 663097
52 93 5557042
74 143 7855765
45 43 2713291
14 55 7559388
55 56 9353062
190 76 3751227
5 15 4638285
56 89 2529838
159 105 864241
68 183 6688203
136 6 1599345
94 168 40962
182 82 1422068
122 125 1999585
150 187 3062338
120 18 1728897
163 15 5943231
186 24 1875383
51 45 6971975
82 34 851181
180 103 5183898
30 36 4873554
100 131 8940391
21 170 3223309
118 31 4501657
47 71 2500762
63 42 8142767
74 63 8416428
66 98 1433910
5 94 1436179
151 119 7434490
160 79 6752984
178 20 5240670
98 109 4262958
65 176 6037466
72 188 2446464
71 197 5871019
172 77 2970460
20 47 877225
107 122 5778075
196 66 7058227
59 115 9661586
150 138 5222803
53 100 8346975
24 60 7678160
84 179 6374403
171 14 3628148
55 51 6759738
70 80 8694282
99 82 9149748
167 133 8223691
107 187 7784939
184 12 7142132
45 145 7186157
149 93 3517243
178 174 4950888
43 169 5935934
66 38 6395652
160 192 2485789
105 167 6968426
1 103 9762100
23 180 2047160
125 65 1866842
88 197 877139
54 119 8660154
63 72 947932
167 66 4561788
141 194 129489
19 57 4434466
163 165 5285725
96 22 3076533
64 131 7240783
0 30 6419719
16 96 356215
45 61 388709
131 97 9249287
37 67 8737577
91 54 1688090
68 100 3235643
20 4 855500
170 3 4157252
79 112 899204
101 25 1478104
97 31 3557612
103 29 8326498
107 0 7998940
178 64 357700
37 173 5452169
69 125 5374286
3 26 5693437
135 109 9143893
190 185 3356879
188 166 771959
71 38 3729154
38 171 3020854
132 106 1917396
184 12 507450
38 17 4223553
64 117 2202484
40 190 4101884
72 55 4417403
10 126 7981284
50 176 9989964
126 175 7845172
76 193 3652293
153 109 5038954
79 149 8627751
46 165 6156485
131 125 3022139
48 161 9801404
148 72 8432018
165 57 2829746
92 185 6655788
25 52 7106219
133 23 4805241
192 178 7101981
21 20 7344903
76 109 7195658
173 144 5644454
122 132 340020
1 6 4304399
29 168 9063370
49 177 9394025
181 79 7294356
93 18 3912622
65 65 6938582
13 134 3898733
69 181 2015591
2 54 6611135
4 23 5984451
190 99 1005176
133 147 1158174
83 130 9255459
