300000 1000 148756 210547 300000
125085 141009 3918065
36311 103205 556167
79919 221632 3209105
21697 115522 3569482
113104 10277 4696409
168428 136657 2149444
164110 269182 5357991
229801 35584 2221537
96444 292667 3341306
149089 160105 9655673
27250 278027 8335371
132387 229963 973579
65522 216344 9837526
272542 148367 3602693
159438 118131 6215805
54149 85713 3424054
277689 263620 8387078
257403 14151 131795
8089 125001 643426
296862 80517 8457022
114652 218210 5700450
199510 239996 1208148
209545 155531 730775
90926 138438 2492025
203204 83833 6054134
36000 253571 845643
149490 82623 2475726
97754 117139 5735670
217217 38730 2289842
260009 45816 2581856
247613 76162 5903485
167071 183217 6969084
149796 40288 2451994
143079 161574 7660668
189766 286383 5538178
197926 296353 4116358
202089 270481 921731
75826 79226 3632013
55060 10183 173225
148645 19929 4361386
2524 144267 2836760
172598 196431 8536925
75610 138754 6927457
70367 45930 5428349
234946 85868 4645001
66278 48119 3989234
227226 29027 2696051
34094 263162 861238
36085 133714 7376303
206131 196237 3734782
71188 21578 3267895
99811 87040 5751319
298588 5857 8026869
44874 225629 1783548
83772 44567 1658488
188880 168746 6523038
25298 255040 6194091
158746 58424 9509361
154128 186863 728143
159347 82421 9534906
11198 104265 5751565
133903 246150 4608219
254842 162412 2592539
62629 265117 6741896
103032 195725 2441160
226819 175446 82805
102018 97870 2937490
100338 224780 4069193
9025 24732 1075097
299482 220263 9866950
294693 109228 354493
135529 176386 3156100
169517 298738 9999437
153549 169908 9071377
15518 88238 6647662
4880 226202 5754259
62653 73532 6759016
217709 34071 6335765
77032 40763 2396774
95472 236893 8557370
291159 290948 3212587
60465 233394 5152751
138809 93688 1682740
189789 237130 450530
143 123739 2713291
251959 219356 8566471
91582 179682 3751227
144655 218842 7992409
223196 210537 864241
65542 26481 2826590
167080 40962 854710
215031 54755 5317242
25981 224406 1219259
84492 32376 1728897
128994 6399 3924751
176063 152250 1875383
299571 133865 2239277
71701 156231 8895826
148770 166375 851181
193895 54558 8453156
154962 236025 9101412
220291 27495 1729813
177395 294314 3223309
202031 119367 2500762
162346 278447 8602186
211007 27820 9893954
269410 94458 8988064
72420 30642 5240670
248674 68654 5142081
115888 68326 6037466
107964 125419 3656133
103851 287660 3338829
9639 41873 2970460
261627 69083 4058415
124874 10907 4665796
242483 216179 9661586
183093 88932 8346975
86076 289007 7678160
82947 95147 1905166
179270 98384 8694282
190819 241234 9149748
180166 56171 7784939
142062 116408 7142132
44689 233565 3517243
128946 287918 4950888
218839 261419 3837353
168766 4930 8815398
104196 98240 2485789
222119 152682 9209345
17431 44789 1087156
225472 138813 2047160
199037 152897 1866842
195160 17861 877139
97590 10615 8660154
165375 10473 656194
14336 291522 129489
99641 240162 5285725
28256 289748 2527216
102934 236096 3470467
267473 227870 6419719
86288 113760 356215
225325 184712 388709
171395 83553 9249287
246748 200154 8329795
295188 115226 3777860
89915 200724 1144068
15269 206250 6398723
169295 125843 899204
148581 241689 1478104
48737 20938 1695981
169845 260038 7998940
264882 230720 357700
41427 91685 7421869
209289 8938 1318269
131406 76013 2595843
237978 31066 5693437
268935 297069 9143893
285118 20921 3356879
160188 222374 771959
183590 59138 4147238
294640 115100 3020854
34692 70506 1917396
271800 9981 507450
4250 29249 627264
53365 105332 9191893
16168 166590 4101884
233544 223099 3949263
116964 33074 9062603
188848 28492 5854949
200012 53185 3652293
191221 125037 5038954
175951 210837 8627751
142638 32677 6156485
90755 65889 3022139
5424 105121 9801404
67732 39496 8432018
15340 239781 2829746
105820 35865 3950132
290475 16919 4805241
124903 297982 7101981
10464 173333 2507284
199811 4871 7462253
204530 120186 1635460
32774 110095 4331997
41896 150474 6456497
87791 70223 7294356
208146 228957 3912622
100417 53825 6938582
196843 27917 2436818
44882 228717 9551285
90830 63467 1968438
294652 79108 5984451
254398 44387 1005176
109598 182342 9255459
294437 230318 8228592
134853 48415 1902555
259800 198395 9533921
4741 177620 6831662
56658 107665 4853275
17269 119596 2817703
158504 173218 5563681
217318 40414 4983823
139835 23359 3692051
255198 112068 2086589
176691 6505 2298017
70701 19612 8603553
18047 224990 6479898
34497 110900 2949550
164448 28394 8620705
88763 96050 4019860
214292 177741 9012989
147775 48314 6646358
97547 69244 3462398
103948 146162 1529835
147977 232933 3228870
176409 18571 8324615
268031 106777 7610890
102650 159384 4300362
62889 58062 7731675
255536 215098 364220
285791 45703 4921471
191373 129642 7266663
241947 207788 427656
45638 270718 2543550
116489 190184 546015
118844 28625 823385
85512 178191 3024200
163013 52019 5856257
98604 86332 7684651
293463 124145 5206343
51154 271185 6855852
37838 33492 2797925
193819 188296 9512356
191028 166903 1402185
226348 297117 8173445
137973 243976 4802824
83529 104225 4311662
121334 223361 4289375
62829 47676 1502055
262719 68232 9588687
207394 238453 7263626
32916 183734 8758869
193437 120344 7824743
123148 88589 1002465
298861 273161 666495
151866 297298 1681443
199795 61650 2804808
82086 177591 279342
88699 216608 3909884
1725 166777 3670937
18000 266939 7116700
70077 194862 8446820
267059 266791 8698773
123419 26496 277335
244712 111058 744085
217684 200396 8135239
216598 144986 2465817
271153 174235 6572791
244192 181430 1651323
214471 185737 9244773
173219 248934 3852017
34409 173883 8703283
296023 237838 1435657
119616 213365 118325
247476 26146 3096083
194201 88690 6028858
69651 126753 4533130
268607 190794 6897431
94902 111053 9492538
75855 225355 647397
152452 38635 6259396
266308 29870 6757402
3427 134374 4029590
298613 73369 9184283
296357 150629 7042171
120957 93851 95837
40497 210230 7787522
239276 179726 2057878
5963 249505 1361544
31088 280320 3359567
69880 28131 5123360
200281 178618 1407493
290218 136389 1688803
95144 1017 7586348
238265 276883 1093823
254093 236513 3573927
214561 182838 4597320
258486 47784 2391105
202165 128667 4484808
114556 264312 5504066
255663 39989 8975972
197337 231142 7228973
87927 80980 3813849
218919 28806 2400165
145320 1053 244896
164234 281409 4546761
243220 80484 4767055
290384 245892 5702638
149356 104416 5901285
277327 180585 5759632
10081 220623 6863244
275357 282994 9977950
22572 135840 1856019
104154 40163 2900016
1967 209059 1742547
61706 253115 1097837
77799 279866 5358218
192469 40360 8028006
212225 119522 764592
17357 64238 9481287
125803 28959 1732629
148487 148618 7667393
11349 241629 6468454
160929 86169 5395993
24005 107289 6616842
2566 250015 509567
150877 74756 9950904
154520 52365 4716813
61414 295979 4618185
76582 186792 3598597
293985 65620 9058367
43908 54172 6523533
282902 290618 5856345
89213 114430 971289
9136 276941 2250640
119935 215586 8559417
133486 53001 6897038
68304 208504 7734095
89953 211223 7595149
227251 149336 9545070
58246 100093 1830441
175496 162073 3422979
174028 59824 1063393
209312 6505 9249988
116829 241356 2392779
84567 136405 2247301
268540 287337 7919607
142994 232762 5899926
190999 293028 4325110
127994 25219 1170700
147996 8902 8630465
5173 185190 3593453
175335 158707 565971
190363 216706 2890293
178766 262447 5455522
275532 51960 3761827
153283 132936 1406926
51556 134626 3774714
32578 188538 5409350
60693 136516 7449879
90209 182039 3466601
269410 96830 2368840
283123 216877 3600853
147600 23806 2186299
247043 262998 9790006
202218 65227 8894323
6937 138850 7560373
179207 96561 3931988
111217 75092 1340100
292641 179356 3137474
13615 206517 2622755
285334 123935 1379409
34123 26932 7874867
25543 181131 1501467
75666 165673 9048987
185256 200515 811521
150488 4325 8423113
117096 119007 6452022
113277 287034 575323
3363 183455 2108997
34003 56763 2375767
163322 189608 1908103
239916 65675 2065589
22601 17054 3078902
18945 8424 1513052
21246 211283 4751222
21567 191769 9217305
249699 99138 4502400
174764 57136 4040028
244867 159508 2611725
96509 85428 1127698
108671 245955 5190023
270035 210820 4543859
12543 251304 1826913
111135 254600 9698983
248321 246892 7039041
15728 237644 3096943
15459 192436 6822545
198341 265089 8520277
118042 106268 7086769
137113 144086 6806515
61573 34541 4140857
284433 128245 9350298
233686 114754 5236797
101341 16397 6093085
183304 79663 5026832
33548 106141 884564
169348 117718 2303622
97272 255547 1827379
138643 248532 6254788
11224 189589 1009636
91207 67297 5114594
282764 56216 699829
162778 245618 9400061
207560 168947 7527048
6966 68706 4639238
18558 256248 8277715
206408 284252 3026988
96586 222569 4106147
38445 152973 4105197
175948 16992 2299810
201975 424 5399322
272739 65728 3058967
232963 155295 4063581
253341 172889 9294263
222806 197707 9663494
74738 111786 9636708
52344 196462 4999935
45115 289164 6674844
192328 122840 356684
8651 54337 3991668
182196 255311 260712
89705 269376 6889457
241132 73097 6367700
294615 53267 813755
83053 236143 7922529
266201 37464 8214696
192466 175952 4544354
60117 66978 8506271
22640 45025 510075
139382 288968 8730521
73454 217995 77588
158270 57120 2203772
66680 199276 8521799
273278 137364 1964417
259170 257760 6972302
5764 215372 9236320
270308 38175 3035509
217717 159240 6970267
155582 16339 187632
266905 170912 9812264
298625 16319 8105084
58463 198252 2953460
210925 235649 4865207
52686 283939 8212590
68375 238563 4226159
105631 188909 8695319
163880 288225 9952491
284896 294458 1236682
296564 44638 6010166
296983 68176 406726
225960 247524 5006335
22882 69064 6649425
21311 190289 97103
272344 299418 124585
112256 229869 9978279
7612 175786 5515041
163856 299879 7321374
219470 4818 4793402
198070 132942 955187
186109 160485 4588797
274047 211195 258641
255954 181286 9452036
3675 55277 4399707
150803 76760 4048169
206094 158515 5137233
226765 179746 625112
167807 45274 9439044
208630 256496 2317321
102792 93589 7924643
146507 104342 2108637
239416 187287 1003319
47481 123075 2978340
278843 219731 1212184
99266 94442 7567285
20660 68452 2100955
108440 204338 5255221
248171 167842 5488482
182664 83980 1178671
269016 66285 2210294
258874 23490 2047210
251414 178081 5276726
79629 83231 383347
7537 92910 5907255
165311 55577 8773018
238479 179445 5818308
231248 53669 9566010
294162 222856 9410935
216839 258172 2878643
185486 219710 6066255
155037 125001 1635273
117135 187889 3318458
133639 62985 7028457
26386 276328 3258234
128945 90478 472496
11428 190761 6161492
189899 83251 3375226
113991 170019 2539168
13099 243568 3108303
259231 259626 5483840
259832 33065 9524079
101530 107868 8998771
201046 263965 4135238
192773 206115 913441
52708 7851 3615782
174442 105338 9569325
229763 235625 5831692
234078 179762 641213
112602 72578 9584298
275358 61847 4263580
204506 224753 3350240
206010 121867 8319946
173245 64806 8530526
152345 105739 2304196
99674 297053 6133502
133934 152662 3928707
131910 36146 7309865
212233 64105 6862113
199817 94552 6483500
80927 147788 1197716
134011 102976 1022443
120650 188771 4011449
123770 251977 4409320
37776 137278 4021629
37374 150776 6973450
175163 149936 8089264
100772 277174 7407044
279929 45300 4351442
269888 235153 3013539
27454 213955 9779417
250349 85131 593912
139203 210221 1884620
857 251716 1851987
49471 76441 8745074
198378 146395 3296219
165288 293379 4307297
76182 229518 4779628
14488 273779 2512412
57164 42347 283268
60238 169033 167842
248634 139905 2496635
55220 71067 8500978
3052 187398 7309697
84429 186765 3573285
249393 1641 4405686
28035 179427 2804217
287333 46695 1081257
243724 36852 7996069
163131 145814 8279598
70830 35456 9773521
125229 239255 6358019
276546 66842 4592208
164611 294040 5888731
92644 262871 2122957
270409 215299 7971535
298068 5657 4199998
2971 15022 5831231
148110 240770 8204521
161076 59074 3294562
172148 136461 2779476
190557 153584 5764195
201663 161609 3634263
63286 59321 9052171
12410 60962 7547436
10206 189383 7046469
51135 38262 5801326
57461 254426 6458209
244152 155840 5706562
272058 206623 2317676
264315 19150 7558390
136986 194974 5974093
273499 142042 9597483
13740 277113 3398643
168565 87916 8745293
185357 293431 2960736
131571 293323 9322926
297929 70564 6015570
227481 181779 8765603
42566 52373 2360742
93759 61551 4578517
73267 271561 5824525
210386 176085 7244124
23874 99917 9416248
286335 27349 7565912
255536 88853 7517750
205865 73839 708311
22255 120066 61277
227789 285765 8882465
67552 87767 1871931
199031 284786 4498847
253454 6507 8842263
180455 269937 1232690
264407 41508 6420863
36537 171528 4075907
289890 196868 5259573
51189 266444 4633773
88275 290759 7178950
22598 230475 5031844
243891 105837 9882882
224286 49391 6726394
41531 198966 6369200
71640 130510 4956244
48951 117583 6439654
189650 45382 357070
73694 129792 3693357
213115 54775 804233
8936 201696 6786687
18044 12601 4599955
281738 38348 5926656
185093 70989 2785046
100696 179751 4734116
212573 134091 1665631
271152 181577 3052205
220750 141602 7002991
233724 17786 1230298
49368 298149 5527916
48439 90651 6415628
31401 55807 3802907
30963 136080 3270204
161146 198071 3443634
166022 212866 1202338
134117 298131 2099759
45379 252672 2235527
297759 96120 488276
266596 227527 3631026
291680 35276 5056039
69812 234727 1855540
46754 43619 5749957
159000 184922 5479786
83454 41798 7604277
299771 90244 760799
127704 219093 6743845
275968 285637 4415480
261632 142041 8395915
194155 6908 928266
295104 259447 3240003
152447 86096 5062453
179414 166799 676314
60664 125633 6484969
187712 87038 5579149
177790 279187 5306664
182349 283773 6594970
28635 133577 2775657
58685 255465 7034213
181080 154678 7013990
236446 116847 2086714
126674 294753 2563691
65006 136283 2954921
174982 210083 7579846
50097 158399 618083
199716 292403 9065363
82287 144585 7218359
240698 178698 2241819
182603 124893 9540229
20619 20457 3290101
181796 126113 8505707
198304 33332 3548127
16465 50547 2361170
163235 157551 3790052
83080 217568 1993795
246599 95974 7334361
186353 110095 2642010
176188 107054 889077
27528 162831 3474421
61035 60404 2823068
180329 6932 5332825
194158 231970 9226121
163291 220457 636593
31533 288369 9972345
220962 3358 3491867
6836 20781 1092398
151019 271153 1149119
243215 250897 6337648
206949 118702 2590310
254264 221155 87040
141031 181838 5085656
87563 3407 7464831
283484 63493 1980305
217106 117111 5240733
182513 159801 9122298
273833 45680 2908947
163658 230373 2374559
259855 34884 6645987
207446 235668 7308772
101988 244742 2389096
243813 22344 5094145
131243 35260 8734846
15135 187965 4975641
252845 164220 7008864
149895 117825 7889617
106689 6119 1727661
51917 132461 6305453
52804 270667 8885235
184509 128437 1514021
196153 29297 8911503
54573 211003 5323249
209109 208757 1091027
197497 228082 4193020
8348 257530 1591288
157887 1970 6245557
210112 195066 9577671
148698 120961 1613107
130019 88814 725913
271241 262447 9431373
19899 33354 5074834
137188 229989 1005165
21673 202177 586509
58834 34811 593458
211441 145017 6682247
183528 27973 8019374
299238 170229 5189040
272462 230816 1772883
133682 266526 4942005
41500 174187 3417399
177537 130509 7071675
135146 82415 5587924
192770 25524 8511060
97483 238584 5278059
7064 73204 4930680
103852 281005 2615058
166031 238716 9987221
241525 109883 7640435
285009 174964 4330349
168605 132632 5715637
197600 264424 523904
177201 115796 248192
249495 116072 3421924
237031 189673 405187
269446 197203 9874173
286153 297641 2912156
48057 265900 6821375
200098 235171 2335861
278089 59189 8525697
34133 176116 747516
144335 177840 4674505
14681 59230 8613065
27528 82187 94618
81810 246677 9074618
58310 193404 8616058
208650 219957 3090963
156184 77206 1535042
1079 16588 5256034
254202 95178 9483514
262485 23168 3216156
250502 208620 2628819
237588 232395 4158065
155754 254178 1299663
185390 216276 7750212
241950 32788 946485
288075 107581 7612401
182821 74151 3874606
139294 92202 5093560
120848 75951 505580
39171 204566 1997751
120717 104980 8278845
43752 298235 4146837
249856 93118 8329542
188039 85171 7010015
195017 174842 1485870
172466 43149 7844922
112362 64650 6927241
116591 250995 6810214
40823 15261 6387620
105672 191919 3212425
232555 13656 7746329
225335 244670 170124
178774 69638 6645005
197991 114789 6118403
136553 232146 3409005
255548 70507 7006649
135047 139513 1962241
110548 10704 7217516
275829 152279 1490368
16467 259863 2204409
83772 167993 2508187
6421 252503 6299502
230440 36091 4287639
270426 141311 9841456
299142 126846 1805806
124709 254604 9683004
81532 104048 8483480
94536 100733 9063182
283438 258548 7389031
177682 298736 3866032
37270 100072 9029658
242074 48705 8966825
145152 278742 2518545
279414 23109 2728018
222337 201267 200660
248735 138564 6582395
292784 13164 5936645
248001 277361 7446986
30126 290198 8007612
68634 116276 195211
29985 202401 9388956
79724 72201 7239474
21213 282724 1395748
205445 260465 7415723
37670 30251 8585031
107800 175155 4512490
286096 20346 5854962
291605 52318 5725066
144624 280455 5466974
5534 234764 7698642
92579 270006 3818099
145265 236093 498476
278667 181644 4648570
24874 23591 9582565
100242 174608 3535197
229324 12149 3864239
9185 73149 7720919
189009 2298 3192015
60481 186670 2940471
175836 223908 4845036
284094 57416 6798221
126806 25845 9039897
129297 248038 1124750
295341 141578 3665730
223173 67201 1563443
122061 77844 6633870
227953 246089 5689755
80989 175116 6957019
169484 33949 5556495
82797 7647 8874412
221256 216069 9643
265637 100173 3359879
273615 286727 2769548
217633 222099 8796213
141157 49571 6441788
97937 292015 9222313
112657 280101 7338983
118943 260059 8135794
15925 267258 5241000
281104 1441 797104
236432 12864 1221271
33799 201880 4049606
83614 39455 3404476
238761 195255 1780121
40640 272999 1881851
104119 18875 5466257
12894 35011 7760950
294042 31424 373084
272333 17295 9420869
114061 82983 3846165
48041 93393 7769689
247194 77500 4088012
190214 51994 8173658
189467 281740 4930165
148007 199930 6667113
134910 187250 3430825
142517 158573 1393311
206171 167846 7432029
167967 243828 787670
14877 272970 1406626
245240 248719 6994676
120988 137971 7646287
181519 7045 8474742
162116 76574 6523141
192421 254151 2525392
118393 164793 217002
196694 103034 7914072
61287 51050 7068871
186770 9707 2138086
192006 53561 5490199
111572 100923 1148346
12820 158550 9277365
264248 181919 4024373
193171 282930 7646070
237624 77406 6689584
35594 147053 9331768
279207 89747 5677728
254852 209872 2447447
282982 96534 9668909
274466 180356 3111620
84459 135297 6000022
230024 32831 460530
8445 95982 3782150
126590 144597 1602794
268826 125008 9983132
131331 184327 4206956
85263 69681 1797013
294660 207049 7276371
74690 194497 5512963
71296 278988 4332439
241822 103357 3413959
54303 171699 301424
282352 151778 9594817
11941 205726 6562986
38630 4226 8456952
95759 186168 3975167
255523 10376 2747938
50906 143034 8750552
286392 76461 7980421
31472 246083 3936629
77992 215082 4895704
28653 253854 9596557
226374 106427 1583285
1875 9909 4259910
176462 21263 7846008
126963 13899 7578620
63686 86240 3608601
114832 46802 9305140
53887 223095 5997594
232901 111977 1939838
45968 251894 3548831
44825 149609 7036082
148699 30597 8113665
273130 183891 3798565
64897 217377 9998456
37873 93903 8474023
160029 110242 5737465
244916 200126 3203619
13674 75324 2282134
223105 291964 9713189
213147 148517 4773702
103572 207250 7555303
270613 199362 494484
9435 174901 7373806
849 83451 1954978
148856 222492 9236790
126491 144881 8210934
158844 280193 3352083
18665 507 160136
180566 45778 1850139
88508 170596 3393164
8888 187197 5784577
140438 177907 454215
165085 15406 3189692
118281 147493 2680930
250064 140559 5690246
195992 208844 5612359
239038 250197 6146026
136728 107555 7610467
89545 251232 6234000
209658 165141 2350425
230364 99016 2773220
14292 48896 5666060
278368 157491 5570038
112669 85848 3142773
178023 261185 4446204
126843 275420 4787281
230789 159172 9190137
155690 75973 7795434
46330 287138 2440910
90646 270932 4326903
123132 110345 931104
183699 292334 3573163
111917 78486 780470
169953 256826 4026961
280028 119106 4166979
201481 152868 6162976
220523 247070 2130707
185415 97622 5862773
119862 75067 5255179
93351 66051 6262205
151133 157835 6181306
18256 165739 5725318
88728 245869 172506
209446 250461 9870182
285305 191072 7806716
6114 274419 4793523
35733 28898 568863
196000 122696 7598191
5844 39038 9320434
298770 264136 209455
71981 295441 6667747
180071 150246 1465404
70325 14732 595790
79688 21589 4925775
201847 134532 3352207
148281 260257 9670832
169470 277196 9895778
85403 107910 4610956
80415 163044 9656631
251166 4935 6822870
81871 137475 1656216
290201 189603 3259958
171782 54625 9671629
271231 125182 7339787
201103 255641 9320117
167766 213812 3359338
267725 120860 2074098
108428 33608 9689007
89059 142536 3351036
261909 81023 8122796
61026 122533 5685334
130701 288706 8624938
154808 177877 8990952
134848 177893 9267568
79943 204400 5678225
103308 199638 9674335
12210 245832 3043992
13129 193735 4542351
175313 278616 2889575
162533 157603 939558
58956 65144 695842
54685 50571 5401697
293541 288699 9189407
112615 56069 2202457
90112 71805 5225791
