230
930
329
906
527
820
994
82
62
172
291
573
545
960
600
899
127
16
47
72
653
72
975
7
99
137
315
43
437
464
573
43
311
299
964
44
66
80
21
112
204
344
299
911
960
153
655
397
904
811
905
795
468
948
457
204
349
471
670
680
709
587
320
323
741
294
666
963
474
975
428
348
966
425
442
372
856
261
961
456
453
580
805
976
340
117
291
138
271
567
590
906
654
893
556
640
763
962
262
917
804
547
532
793
642
743
348
38
903
340
743
399
117
905
69
536
886
722
474
330
708
874
64
238
567
533
636
778
804
830
181
620
417
236
330
190
533
743
767
186
638
138
98
269
881
710
101
985
906
964
329
437
257
532
349
288
904
667
152
69
489
388
456
117
171
795
423
152
539
270
269
815
178
597
464
574
708
536
275
406
943
388
32
812
153
437
236
176
164
131
848
593
902
563
659
55
533
892
69
29
659
133
767
325
969
600
61
489
840
969
291
221
892
753
881
742
491
953
865
382
705
680
177
963
294
742
135
328
279
145
893
423
398
911
917
876
117
907
95
986
938
886
154
400
818
701
883
619
492
330
706
907
