860
736
782
151
395
949
477
355
118
288
307
333
102
756
207
241
698
854
118
172
802
563
172
529
158
858
577
822
158
223
58
879
28
819
102
221
84
675
281
541
527
495
491
668
277
782
579
71
215
494
644
47
364
851
934
207
870
298
341
533
859
155
396
668
212
449
357
558
450
782
333
956
62
972
538
474
28
434
563
515
378
846
441
333
689
816
961
689
535
288
10
108
610
219
742
408
833
271
46
22
241
187
224
483
731
247
538
716
459
736
466
71
665
73
474
558
423
715
831
236
786
413
846
608
491
739
552
892
118
941
68
214
47
13
543
432
816
666
381
271
820
678
535
484
26
758
355
694
174
208
289
524
826
1000
156
262
738
98
716
996
765
509
145
376
942
626
650
802
441
879
484
626
187
905
305
967
708
341
668
441
904
949
822
94
797
475
131
858
632
627
851
734
719
991
756
187
20
658
952
650
786
730
676
226
91
803
949
670
851
570
840
188
961
72
151
437
71
617
954
4
188
754
381
606
594
833
304
384
953
655
841
922
719
535
967
851
437
858
444
444
504
465
589
441
972
432
322
289
650
563
862
35
679
910
153
155
459
886
904
822
165
738
71
46
785
792
441
797
220
719
897
373
835
708
892
40
846
515
94
567
291
676
230
789
802
890
465
316
4
721
893
188
35
425
94
131
632
293
698
