547
816
28
450
175
422
545
907
331
258
816
589
450
503
913
503
973
24
446
665
547
709
332
907
776
92
29
301
28
676
823
330
651
973
973
83
419
623
913
41
198
595
746
198
493
665
973
41
237
589
535
178
684
651
177
676
177
566
854
713
301
490
652
422
913
0
29
24
0
726
929
832
652
29
535
726
709
468
746
468
913
807
655
650
315
595
488
41
814
332
177
83
488
38
26
331
490
83
198
650
354
676
765
468
10
83
811
330
952
24
301
545
446
545
468
315
258
237
820
823
623
535
244
198
332
920
726
315
907
301
493
650
973
198
29
814
258
776
10
468
726
595
446
832
419
811
651
651
422
545
920
199
178
652
589
746
726
92
545
354
952
41
800
34
468
315
854
26
907
976
589
237
746
10
589
330
547
623
652
818
450
814
765
535
178
542
973
301
545
468
332
83
807
41
26
655
952
354
816
208
490
468
623
92
450
29
83
650
814
330
83
713
713
651
698
419
655
28
92
332
419
807
713
684
811
535
535
330
566
422
258
913
676
61
676
589
258
698
816
29
52
547
208
776
354
823
244
589
446
776
709
976
83
713
354
726
41
301
10
175
765
488
535
684
41
92
503
92
547
450
330
237
488
175
41
301
244
713
83
655
177
746
41
776
10
38
776
652
34
41
713
41
450
244
698
776
907
330
330
490
913
332
335
258
820
177
29
920
929
976
807
92
823
832
315
776
726
446
446
177
446
832
493
547
595
493
726
422
343
330
450
589
709
315
41
244
41
258
446
976
854
24
335
177
665
315
354
807
450
52
335
542
34
816
566
832
816
503
446
765
713
419
199
907
595
177
38
913
450
746
545
814
244
631
446
820
920
24
542
920
547
623
92
713
258
650
237
976
545
244
29
29
83
651
330
