212
556
718
431
839
830
372
131
721
523
158
538
403
129
982
785
188
714
528
280
921
609
431
47
861
280
723
843
464
352
198
386
785
47
178
657
380
378
114
866
866
779
822
158
951
538
135
505
839
341
423
44
645
703
877
945
282
973
261
528
381
611
114
423
866
926
779
852
74
538
716
294
852
866
183
354
270
768
852
341
185
492
341
718
538
743
663
176
354
907
185
779
44
613
822
76
155
643
829
609
160
796
379
354
178
354
796
58
764
528
125
538
280
131
714
431
907
633
714
913
643
386
465
381
41
796
611
822
645
44
246
373
764
718
907
44
901
143
645
839
86
185
587
518
926
115
556
779
143
373
523
423
714
894
254
528
926
913
714
591
212
852
721
911
743
354
68
988
481
158
988
474
158
946
229
768
74
354
239
159
760
518
534
373
911
902
193
183
178
505
157
842
41
372
768
403
679
372
481
81
425
657
907
270
139
423
988
827
830
474
587
518
86
643
431
768
587
131
657
371
796
379
613
354
41
452
901
982
723
381
379
139
663
471
779
