427
818
916
35
551
325
762
767
93
933
776
636
454
681
152
780
702
776
435
482
277
201
207
8
411
147
334
590
44
272
383
447
766
886
147
330
152
851
295
230
766
732
216
281
320
823
91
618
779
330
956
83
116
789
890
705
473
629
266
584
552
345
662
673
951
810
341
660
294
81
847
37
84
706
454
214
751
157
180
570
590
20
899
104
473
776
665
307
429
415
829
399
677
737
873
662
204
424
47
518
403
44
303
484
933
789
624
175
174
278
203
927
218
414
748
715
721
590
525
697
67
756
10
568
469
329
468
536
857
185
624
155
720
218
784
683
400
415
477
36
602
442
954
636
10
263
702
968
113
758
664
942
634
888
300
67
158
214
165
167
167
699
624
731
19
988
125
636
779
721
658
83
525
624
904
705
503
780
670
221
44
447
147
379
624
833
477
942
547
774
415
129
91
207
735
591
724
71
976
570
721
764
510
172
601
517
824
165
974
991
1
