708
710
912
646
653
405
171
457
677
132
0
380
24
918
254
619
840
261
220
681
320
69
71
41
392
583
964
434
250
756
847
736
453
892
335
284
902
218
354
709
499
90
334
631
798
678
467
211
774
145
132
471
335
648
864
510
908
468
631
617
609
708
123
894
320
933
796
679
710
397
708
796
699
480
453
570
382
41
210
921
268
277
461
54
116
677
519
313
53
342
588
102
95
100
717
122
894
601
641
723
818
152
498
336
942
327
967
348
493
796
866
504
984
441
15
964
696
575
896
61
883
818
470
822
802
61
542
847
821
715
270
24
647
616
693
717
705
269
465
57
12
806
329
22
288
158
616
264
739
205
135
980
799
228
660
660
912
212
497
999
660
821
488
875
468
709
420
274
798
468
465
980
336
792
981
270
100
578
86
436
911
739
800
818
22
390
434
609
911
63
933
578
442
704
924
24
199
336
279
580
503
681
269
105
242
881
967
594
320
908
395
354
911
163
37
613
591
955
902
604
551
371
570
631
520
457
277
145
443
283
376
787
984
228
320
336
578
179
655
105
298
593
715
460
360
269
800
467
916
466
796
483
866
442
908
46
463
475
309
778
708
271
391
100
486
274
90
179
610
588
646
122
78
708
632
632
980
434
517
710
588
787
348
821
575
291
210
984
471
644
698
710
542
798
303
881
902
485
348
809
274
822
524
970
281
663
141
679
65
360
461
163
103
942
916
3
677
7
901
498
123
142
105
253
488
647
468
57
336
942
682
390
105
135
80
617
360
12
132
841
21
374
697
822
395
493
613
486
951
571
135
588
918
103
531
604
101
551
480
593
556
661
199
907
510
611
441
53
924
716
493
181
804
202
53
594
173
261
381
212
57
434
84
728
967
21
847
380
947
829
69
635
997
611
348
696
171
355
23
327
210
588
270
199
493
728
554
464
408
556
551
281
132
335
792
902
924
155
646
820
647
868
303
964
185
705
691
222
475
883
857
619
869
348
710
102
392
822
578
645
796
212
594
434
466
821
307
820
969
635
307
123
933
615
907
551
116
723
910
253
894
677
842
408
0
648
632
147
475
205
205
709
223
257
460
759
510
930
0
181
709
421
257
677
637
355
661
228
145
611
7
46
355
226
798
145
101
795
152
551
421
866
90
408
966
799
337
318
524
693
167
65
802
226
708
443
343
311
298
264
854
155
663
798
155
352
809
95
822
609
531
220
69
902
53
185
798
806
806
327
519
360
480
980
646
578
655
268
798
577
392
360
697
975
713
222
260
65
586
922
454
337
715
382
933
150
480
847
483
570
132
841
917
902
225
394
421
158
453
533
571
41
59
710
800
900
105
242
78
655
57
829
698
199
281
847
892
792
930
210
896
635
524
399
660
336
677
796
262
697
841
577
556
441
352
468
185
254
739
876
641
705
637
455
397
994
980
611
705
517
167
122
994
926
716
681
980
902
457
359
617
924
155
575
155
453
698
980
896
220
980
663
577
269
143
632
676
857
582
935
709
210
15
857
190
346
7
796
496
397
261
647
759
210
505
796
260
821
262
967
220
636
929
879
591
490
470
63
3
946
966
298
728
455
897
661
313
465
908
665
307
665
352
380
202
348
264
374
833
315
309
971
434
181
709
243
774
348
464
90
455
211
691
166
100
681
337
759
655
337
137
205
218
635
411
645
889
242
179
268
691
641
316
698
504
298
190
382
868
663
275
234
881
7
281
710
7
355
359
348
739
61
441
420
360
613
969
264
677
334
881
360
821
329
806
463
615
883
242
84
181
499
274
665
259
411
41
457
575
539
822
648
32
955
896
715
646
907
697
613
942
461
806
211
223
250
811
759
926
354
268
376
632
