407
611
138
275
894
123
483
821
607
929
146
209
779
429
858
779
540
118
990
177
620
215
89
350
239
76
63
798
757
630
38
467
536
455
202
500
507
202
408
798
858
258
23
714
253
924
782
693
108
6
74
174
718
997
507
490
171
798
949
669
657
597
670
647
275
41
527
831
763
655
118
334
548
63
861
349
757
82
245
610
208
744
990
15
506
588
732
130
176
633
860
204
468
945
510
188
550
249
925
89
988
575
889
653
648
727
198
447
15
90
281
752
178
48
296
532
380
627
1
63
976
782
254
544
992
42
552
231
221
488
753
836
325
18
507
728
188
686
225
511
116
74
836
349
232
174
292
347
669
683
933
363
907
445
524
398
876
282
88
281
11
763
488
591
116
963
198
450
331
581
560
76
62
911
788
904
626
282
944
179
97
807
645
461
232
842
613
70
527
861
409
626
523
979
633
772
817
676
177
671
267
727
570
476
11
842
329
200
445
919
216
374
163
933
202
757
796
867
659
662
542
