666
110
923
159
990
569
261
657
296
689
568
407
820
727
936
23
510
906
685
989
715
829
339
818
401
697
656
772
651
371
234
638
989
812
318
230
371
661
187
461
344
936
94
461
97
358
563
272
354
934
325
325
890
339
302
645
27
338
604
214
461
568
163
251
707
110
656
936
647
464
484
421
187
407
259
141
624
902
371
73
934
638
276
159
638
720
339
9
990
871
479
473
989
282
772
556
387
282
282
814
893
818
794
727
727
665
703
794
437
715
665
685
649
9
371
906
803
551
772
890
826
97
325
637
666
727
26
387
305
814
295
563
464
344
354
232
682
338
657
645
261
906
569
437
578
638
645
272
9
889
667
371
556
703
325
624
529
52
889
794
682
597
569
484
666
665
657
720
226
488
727
226
826
497
902
703
575
26
723
877
27
251
989
343
296
488
928
252
364
990
598
503
925
661
540
464
569
234
865
563
437
651
812
510
713
230
289
492
244
159
871
713
358
656
745
638
503
665
563
163
236
553
647
647
484
325
656
187
990
163
110
826
680
893
812
939
165
826
667
