203
546
476
367
704
146
659
551
240
436
445
360
805
418
357
790
805
23
537
537
273
960
737
623
292
179
700
273
970
44
322
546
419
322
775
436
490
214
704
419
419
775
387
546
328
655
803
575
146
960
437
588
419
773
806
5
201
240
367
179
333
367
328
115
302
659
551
537
588
600
460
201
333
333
70
575
546
193
15
790
179
710
803
367
581
116
418
704
70
956
193
575
710
956
600
600
822
588
214
551
277
631
387
655
537
23
23
805
551
273
666
44
772
773
15
573
460
786
710
277
179
215
179
357
15
803
524
460
775
531
349
524
700
387
44
826
776
776
215
737
772
631
333
782
357
447
436
44
239
328
970
23
956
146
273
573
859
970
737
360
551
859
573
44
28
490
917
970
581
116
490
786
186
704
239
772
15
360
806
349
694
792
773
524
70
556
518
537
70
447
943
70
655
419
805
988
302
115
302
551
302
960
277
214
581
623
588
822
659
328
186
44
737
419
537
704
73
775
437
790
775
328
302
859
15
524
694
23
655
631
15
666
518
367
775
357
782
970
70
599
240
349
333
302
551
28
786
776
772
546
387
694
292
23
23
775
447
357
239
15
277
710
302
599
186
436
546
186
737
806
476
546
575
790
943
599
772
419
239
556
273
786
460
803
551
737
490
776
476
460
600
659
792
387
367
960
215
659
215
447
185
700
15
556
185
631
333
782
418
186
943
357
581
700
239
659
490
328
201
146
460
772
805
436
490
203
292
988
277
185
531
419
956
333
23
28
694
116
44
302
193
776
437
445
988
328
588
418
581
73
437
349
70
215
551
5
988
357
214
776
588
826
322
214
943
333
70
826
970
322
179
859
436
292
599
551
694
116
273
737
782
367
859
600
704
70
806
600
988
193
186
44
710
418
490
179
704
146
806
185
641
556
73
573
556
460
803
988
186
203
773
203
357
826
146
700
700
201
115
556
357
193
357
23
333
70
357
805
460
15
575
447
960
460
659
775
419
186
15
700
115
772
805
917
76
700
418
214
201
588
772
116
822
546
44
70
581
773
419
822
551
773
573
490
694
518
447
826
10
333
805
273
531
201
806
575
214
806
146
460
600
546
960
600
146
15
773
418
600
575
773
460
803
193
600
537
737
302
776
215
302
518
292
776
460
600
792
292
333
710
419
273
419
822
302
826
803
436
322
360
460
447
710
943
357
537
15
445
790
357
419
186
115
185
240
631
215
524
631
193
186
460
600
988
694
28
581
518
917
924
328
185
333
710
782
10
476
737
917
659
186
806
806
537
273
960
551
546
179
551
537
806
116
115
476
239
531
73
775
179
631
666
481
460
803
273
186
186
28
179
546
776
806
201
737
694
73
193
666
273
203
215
805
960
775
333
214
775
15
960
551
556
704
772
460
988
859
599
445
23
387
588
15
15
292
146
292
292
776
806
772
70
115
524
356
917
672
859
419
44
573
214
600
15
710
704
186
436
447
537
322
146
537
436
588
970
322
551
524
146
710
599
490
988
419
694
186
23
573
792
302
631
240
775
805
436
600
418
10
73
737
775
822
70
15
419
357
694
115
73
15
239
588
357
822
23
436
490
776
600
806
775
146
146
70
537
659
23
277
28
588
551
333
575
546
349
436
333
672
186
23
419
436
146
803
292
623
588
666
28
943
805
655
185
240
292
360
737
917
782
575
302
10
28
357
782
575
333
806
357
357
115
803
737
943
737
792
387
546
186
436
600
524
437
240
575
273
240
737
704
575
367
737
185
10
859
193
599
23
277
15
588
826
710
655
859
943
599
70
573
115
15
