451309769
618387727
424403794
702990103
459695568
480499473
933434452
675295080
589192643
416837400
35808818
440457969
364736868
172120632
273608285
891135239
194496410
9346937
716556115
518327421
697152944
410072342
465799706
531538741
940681008
383851278
431329587
481206341
366528236
538521870
297453166
693600013
690502269
184058043
149885049
361589723
157364469
363965722
975047946
324661946
588762408
27433734
902575439
174787070
711288429
57410247
214777430
60010481
406723421
13765381
624314358
546595626
360560487
713509498
667222976
667222976
700867297
667222976
338909726
55773065
716882336
718503968
591056635
693439866
54171590
548856515
123336714
948237736
61362165
520408688
823906844
659305095
918303289
979777300
55309516
586919004
790246675
690046094
863104057
59425498
193933684
86330888
286551011
790242515
408371691
186856039
147351003
861106739
384945889
687257666
591005617
158203950
328826872
22721091
434963190
761848639
12732472
435185174
865942215
843221124
347424283
982946884
271338542
1314055
446642476
68606588
582413201
786107192
238787201
528842569
917564389
494603860
984805558
14309302
911045689
915395887
600302195
602831854
352276838
77186382
62725460
904040312
343166276
812947858
300177344
660669025
833798903
469847811
372865568
52396769
539685980
469773652
915661405
920926793
316995466
214603711
123383060
108985020
381926868
86516502
128081022
800960696
802684022
924490324
406465032
757703942
720671676
630962349
241564050
113408839
876099864
90653390
14782311
539346970
55660599
495160842
435759961
109245930
539346970
430760478
23842320
5447098
143903283
910779136
407695625
46145046
840179227
538241521
163533620
105672211
213204007
449660934
314962793
199968106
937773263
284152934
990413404
517753356
898999263
130621958
920873752
36278924
284152934
813663639
297531522
791627731
719161171
94343034
260293834
243946023
961739827
930171949
857511178
912619946
808826462
929324176
127591336
36820275
790380297
994385075
522643924
982696836
15252401
248734177
438258946
504615209
173780068
255874903
936780698
621893871
806923188
317338558
544077479
42863330
741563412
262338667
201644564
455116598
558076334
952744269
925441272
6951436
287995800
187771511
231240676
345030271
701578953
238651424
354824628
408063574
685901454
186626096
717826848
939412676
477624581
344732669
370351351
708674155
529967618
864273613
971096196
35938753
113753788
718954820
784576911
984486849
984486849
589273578
111311438
345198967
166118812
507553509
594837590
615208666
164840931
570233157
384405710
330473386
404084780
459314416
515477261
746443836
463450694
880869133
59456454
401164288
135720354
53910904
548250347
588704563
6952995
769573953
144709776
922988761
220638600
542171726
783407706
766637202
339005050
246946961
321911906
574471163
413818651
302869959
169108292
548438515
166431147
3298316
384358883
337975316
995567208
3298316
819882626
341892009
14672988
796417287
837466066
184876404
832342808
485635522
571790352
217493092
217493092
21933892
576248403
350425866
472037468
994393269
118078094
566617421
28307400
485040347
965894210
551806190
966493755
606375027
886581406
704468924
351229883
225734034
552207583
125656958
509637614
633354765
830798147
155862126
619207608
490156150
266807610
658762056
279122862
619207608
547702968
926739713
342247359
316080369
545020981
986607393
336414625
368676595
266807610
301058799
418932024
443760837
431273947
142691861
328101529
969244352
700253533
528005054
216822910
577658068
377962192
621251528
252706654
631193078
648763936
173827119
3980690
101723184
307281110
572248695
833729629
446464507
159417296
930353475
188167234
960534398
613034593
619550637
474692947
66491375
822570430
534318685
467100343
918200523
951591781
9733512
97158903
812966596
662569902
781314508
542780519
525095477
653975964
703863884
244436680
265724584
945161084
548496029
707279218
638374959
559696359
467292519
717177418
602700749
239127515
207020398
818545316
7979751
81523739
782783652
405629593
876890078
256733663
55542579
861823141
731966675
641512274
674800475
205051731
271980446
355551943
124814953
209357484
629125447
793574996
696530394
184181310
362507443
544289349
85461362
737606280
737606280
85461362
271160548
473402965
216186025
922684346
800544980
46936350
576917938
426088364
942806873
298166701
956379423
640168913
507602009
397151839
776742575
964203988
736715383
956429922
599814971
952799819
331926185
980367438
879928182
146928010
81650370
154746770
164184294
379856838
534603608
304384841
473709103
227283277
678783376
4856225
512334336
920830391
210514013
526961371
645784862
82270187
706202722
130488580
182974579
674398213
916655743
779551004
445747613
4585547
332750401
674398213
214718096
867874430
867874430
95035211
884366385
148919746
301951938
99261288
847502063
991110349
912343914
366981178
476547127
168903774
694670136
317749336
169368828
624074944
847335451
208508019
