173330281
394773047
84170341
137646240
424945334
414578729
551757446
301335298
769681927
363828244
157427223
532933761
242692126
548441187
184364222
80876786
76451790
552573895
330439350
564147232
989409060
694262434
885690410
801308088
604437185
146634645
337814121
637672140
857301135
681385031
221836969
565696914
326895641
853662397
718151696
92851995
547944534
513762545
491922579
21399809
30077127
761345401
828450539
96336303
26715327
153985041
414722542
725204975
620106427
255662843
780941054
256614881
780941054
981228233
360749733
555434115
914236803
667058497
310979396
594411586
899166433
86540767
812625666
915168891
340065489
277773893
867020989
208842125
888810933
349792921
858754920
56929850
655386618
724729916
273604100
412465834
528056965
528251231
484212764
823988604
36607422
153235096
690431855
963274685
412452670
309289189
956126199
247743402
821804862
973666260
888522188
833757340
83429343
959652370
527664288
392368498
207576890
428825247
548216035
15371853
396711087
429070512
411791337
33864789
219924611
640108828
477602750
596736390
640108828
583040330
477602750
640108828
860310831
429013539
677623136
770114525
62234419
903958258
986572553
914116479
362373542
469599751
843577362
265483274
321988527
901660040
307832319
779498265
44249259
836453026
398115563
696436078
96960874
718687031
607842504
257132596
527201226
963366359
963366359
494561656
121719192
985026499
775520135
45130060
915583039
808867696
275105846
744226613
277024608
574497853
53713392
29550764
881248490
321653796
561968038
55785462
558392365
845892089
845892089
538587511
568056674
367235446
247701451
776551753
670031251
933072153
936508344
604704583
518304424
936508344
911844194
549894224
549894224
78833534
534730787
285776255
119502727
784341505
240097260
402745229
105879675
635798436
468340326
231580989
635798436
498670784
210490509
565268691
510102477
287234798
753373296
282104487
664454038
514571065
249770739
676167258
787197484
497734014
280778556
882465795
214798197
929713962
492245251
116256423
518081754
264874144
652577468
177327403
946086453
25879512
70614168
715632587
871793882
801179714
743783961
64387106
912413832
151137483
281159898
71823159
780547679
748999043
807842886
568210716
386657227
223642022
591367433
886147574
803976638
801649971
911753009
293985838
840902484
166326220
900945292
166326220
900945292
233057548
97422662
241441634
126545532
903675780
795652325
229746771
774045018
603061601
603061601
441589686
415358544
160298944
167399603
102183746
242988236
198601450
140486252
692170214
487796751
816566863
737523344
86144178
867908561
615912915
846296910
867908561
42185376
615111340
653115311
182620214
344508411
593617677
593617677
254523719
442059939
40333155
556444810
132198062
40333155
780295926
693621261
309275396
645991459
755281217
391933933
530574099
947995799
313535720
644025021
760292236
211526796
73053872
815690236
556100178
984388710
984388710
362600373
813668974
349523585
622953995
842633150
675311198
923228313
685091106
775669021
675311198
250744347
837995951
989128854
824863314
923139005
905816336
633600443
506146221
556796588
745059908
633600443
861374642
450078666
817671542
674815386
573358829
292587906
543609265
664415927
412988542
310596505
890229417
701942432
418834637
240917013
649089208
734647853
419660840
500017086
377769559
886619054
413618760
761091179
972399740
886619054
26083244
245613077
943572734
344874132
450162784
253306702
482580756
394489715
258594051
363557453
969788946
241642014
201070212
245074991
605267935
549282259
439758583
177158847
386334457
681611850
118901213
743467435
335765377
161936316
144224641
888147531
686764779
510653321
144224641
657319373
510653321
821765360
490906449
898950999
546746159
672233795
546746159
913935723
490906449
61835665
288428186
480202792
942485125
368715428
713339867
701228198
815472215
956933955
632075635
340023695
878550372
58309636
632075635
446357569
446357569
859255399
660849008
446357569
981089557
215885791
12835846
965616324
544915450
903318258
143957650
325672307
177099134
779001210
755067600
44619287
82788859
990461775
332511808
78049562
750935866
552601360
271122941
2809658
34169932
34169932
750935866
552601360
610355277
944030960
71377816
182346175
459266892
182346175
128132782
824455167
136142847
196092561
123726636
289894690
22464669
192423472
719369852
493007644
171713480
776547788
171713480
547470055
404127318
846655792
34997227
225967228
790428674
404127318
547470055
790428674
66484331
247728481
211281956
336764799
14939546
424542785
165878697
424542785
862850388
699800977
501889563
301272662
754278363
478439777
65867513
597823681
337937749
597823681
417388701
705501375
65867513
407191634
849764279
832138308
311678066
273881524
314892113
344384975
725456541
760673365
15126777
58415255
127739410
615189136
216900509
870234415
406176587
224749514
569389433
675775613
451976290
730580007
593989197
