587104823
594492394
839038378
461106269
984316165
179184913
230849639
230849639
305380346
60111371
143138913
185504414
623285542
185504414
185504414
330858675
202298148
623285542
840177048
221773350
198255742
863803246
875084517
6516146
971570661
119086895
405012135
268151709
621749995
12369132
608358652
12369132
447834993
783056592
663022754
178300921
416983891
990518717
164791947
682715156
39064695
39064695
9911202
667537590
140139672
144809887
276207555
140139672
310237134
213250235
296007827
970274859
509258062
816533262
710080336
508501602
630622324
342458307
630622324
485835897
671840188
690809661
840998721
840998721
83736567
508093285
436872788
490299773
869492635
652119693
637220516
64620462
896909093
610970424
535885256
637220516
466254409
13506268
261630430
715586070
61281701
29853854
150406661
334317565
150406661
963819492
472531189
536125765
705615621
98019437
687300556
963819492
324040917
629419152
324681456
375093049
897221224
403945754
542528108
92731334
520750808
443813185
152558360
141255850
150405759
390864578
390864578
532299289
259121756
600365002
801107111
600626887
939182940
600626887
659688300
263664706
257461885
249527812
257461885
845545750
970618332
340997907
870166972
365791472
236539498
503640299
257189145
509820195
257189145
976458787
976458787
57250412
509820195
575709554
422791236
116549177
112873870
899896153
838384941
654320970
118907301
175020236
510638669
816184857
175020236
50688136
694243032
192059744
425503274
764804424
899463569
389795876
637190915
127475411
785813857
961487218
749056722
92973728
961487218
697492839
958291741
962985985
558812717
34378394
565105726
574637409
624204339
914299029
336448206
681245754
947738160
490209851
237283562
390427418
382689757
727218924
607872341
509774001
119401989
119346583
327543494
231161277
706133112
968845433
968845433
968845433
39417462
340683737
606465741
676574224
19013608
676574224
470818519
695442469
956301396
279727172
428875562
989601178
491059306
639633047
265969412
358423520
681852069
29854827
963253825
384142188
236802465
196763112
5336618
589768266
589768266
164054747
91715400
365061720
797237380
957224184
726538921
226705567
108183166
262774994
667209562
905201315
667209562
271107150
893241908
890265109
637563428
530300116
405578012
395168089
858398082
10409923
395168089
405578012
478671779
66573789
441407988
970402219
841088728
365082929
110448250
644448525
679888870
783700133
847873906
646699617
233237813
233237813
233237813
789630811
476476485
391676434
383038524
479151375
277792631
440797224
54832429
823835748
192994900
247802324
187863849
247802324
859071112
500434925
610074113
859071112
767058167
19090189
634476450
634476450
219963907
162023596
834654075
191182874
968531109
764673219
549013691
424013023
424013023
424013023
741970027
24020381
950043709
509232313
16095540
614432931
141516431
141839649
125420891
267260540
614432931
525327853
267260540
868611264
371251432
52724264
371251432
973735453
182357353
791378100
791378100
868611264
579871595
52106158
697413204
52106158
399619014
680564763
887431016
255243310
61543713
395998788
395998788
347502676
412333835
633720981
633720981
750552585
962634219
529765649
178154686
428461003
921986432
277850853
176152073
58588710
931073976
934209214
510721570
598908281
810968700
510721570
326479515
742407586
254884803
885109049
316040644
618557683
880201189
65861148
807598627
793687668
261316833
998159004
261316833
641909271
830490144
460768355
393215792
830490144
67552563
78369851
369640826
411562819
650816704
650816704
84302852
96477323
84302852
483919954
669122540
216677438
216677438
705646320
24526907
24526907
685083192
218716655
587412399
218716655
127688235
362063130
846637774
166498880
651361515
279212020
188642729
732035833
55219617
944011074
458050427
830330870
903076422
603903830
29246453
106199603
755159926
666939279
117467100
910023706
117467100
117467100
117467100
994795470
555499104
294571556
669417262
711013126
711013126
940360461
962006342
940360461
904122450
940360461
188349232
962006342
980497166
193109324
445165502
562281242
666225279
365606566
173299104
265696092
442238916
442238916
672992683
846019653
881640711
121013814
973132990
527386107
973132990
354988670
749945324
749945324
969846983
806263755
157633912
549987175
616239828
66252653
205224255
549987175
369091260
83225041
83225041
746250031
971453138
47295439
548241713
707684196
577478468
231514952
231514952
627217627
908204378
261955673
231514952
889173300
395702675
627217627
231514952
19031078
860567742
860567742
550233036
295435952
809811757
195482018
397036195
44504951
194165226
505408762
378748236
505408762
526830646
475615858
263410087
246174276
484228351
417821329
671489754
263671681
439263115
348326649
348326649
281013831
930931535
281013831
880039104
770538531
704568633
418016192
778258994
73690361
124340472
707765037
628762623
69853936
256486893
453894345
357910317
263930346
584438209
76695419
663476466
825269450
490501563
363204036
453934497
90730461
544423385
90730461
