310829542
636355096
639519060
378563599
917938514
997256914
843649342
40152598
218120497
294048827
886098569
919784226
734260027
165042055
738507338
772118887
924139671
602413775
752535245
714124865
339870528
22735839
214609829
366301554
818303637
162165849
690198959
336415300
528783203
982606908
635461325
608890048
708119467
261645987
672883167
47579321
418156358
664378862
334243579
26437886
601342222
428473502
63906603
260868259
579897725
483548560
593278036
531675360
365891882
17922167
319511487
409088620
47172134
619300841
216292676
857112501
64227376
785441129
789705565
136348839
660662015
143904864
821828487
806370357
856232219
168991294
69354754
3513412
329633814
225383107
97680125
388883704
462292739
760086513
326694284
439444131
347673071
509095045
492236451
16115924
187393591
702372496
114518256
197059242
459557858
565882959
498322918
373346744
629562461
406600275
381598528
392941600
768325295
362926682
990451080
710276764
42321084
148835926
136146497
426201720
972869172
473949040
688459832
462772150
488195421
802764545
863552442
711514527
959019036
225522156
697155686
558758685
379526667
300530057
340084442
78163431
543640059
138225185
34240998
603441764
849105521
729054117
613073159
103442089
865450042
278222043
709136344
48666976
772727010
496235352
470093065
534280887
449670052
241965828
186540431
878453415
579277887
936376475
201540954
547975589
183237519
92313405
264683421
499962054
331913318
396688440
279250876
696613283
928656178
992967645
31809467
531375678
398724264
356069009
890037169
864131168
941741866
535612840
822132776
293607450
793002895
881519469
951364571
537401524
179731536
51622536
330881837
357213321
132996639
299502784
668367023
337197425
496460502
493814849
942736487
233705872
646905662
866070201
343896797
538902974
955609112
361014388
296928050
272389155
119835891
897203657
500528732
898359735
782513171
795439626
201141231
630910974
98483303
519379649
199727747
885845890
28246301
889839295
945860856
379362963
206213937
843595251
540689625
969512993
945980987
437020793
657530372
241335194
22562806
944971309
513579512
48639423
135619011
353275723
386857526
546060884
551328138
235888747
718389737
485289638
554894126
387346834
936000102
562650514
891024637
223457230
865594259
955784613
412661756
713529159
470572577
633384420
257514422
65360816
650412856
885509289
512873284
971946157
293530030
906935444
285301213
594906199
682459983
953566502
905205192
353711436
613953692
948047315
837356120
164493749
913838560
207093619
914103685
542431132
362044162
909898630
592752163
455096185
175179828
660628518
432908270
714700509
518447704
220426713
118044434
319877579
820885894
856693874
763838932
869607438
104791157
928938150
706381716
452186033
218133312
351642738
219093929
52916303
673035343
263076841
399213437
595907360
659437617
813221353
774973765
792290961
513709699
456781371
319954750
576606684
804795024
621560414
907589478
100172343
624186865
405523942
189836793
563785288
418983196
849493505
900105491
928879693
203900710
20304567
183168533
125831503
212887499
747093266
162378393
469597785
52582
721838824
789567668
78847297
724546381
91186389
902720221
567075342
89769856
697343957
335113078
860698650
214639920
592426140
73762124
263419812
920946837
834075261
887199518
813558442
270685962
843354446
213698455
995582946
386438753
938335187
585480855
614384547
837805157
862201964
134875415
311371639
341563218
305014311
419810952
95736590
921154182
608507256
443310566
760393806
800948561
141471283
753346623
172226344
725315984
28893023
842805620
291747585
442845388
364722033
758485053
944190055
991302625
807857809
229075098
602254623
457506177
885739408
923333524
610716974
276145705
679033862
554070018
198568323
730827913
834604937
320481568
963306047
77793604
862920468
909439454
247874308
992935963
572390201
644569674
156052356
674382251
121165003
996982062
169383849
341235815
724399978
854723228
577477460
221903259
753278395
278274109
934237770
887504626
43968241
309849931
478312315
459417068
630881968
539987634
121187753
476222813
937836640
493814736
657906413
997957185
596050018
837995404
572592594
981761592
227499451
975420755
520309579
410638743
762697086
802787863
33564690
789702600
719770780
293073244
393038183
322949710
23040001
633528548
246636980
553031951
259796190
133384602
54488764
865125003
527043534
693491015
748681863
766070933
766526495
36158702
735759841
627569831
532288737
598613215
654619632
372902382
823387993
2278417
864536672
622972004
65873325
649466539
630003211
168045571
815117890
496616883
532377026
814263151
550091614
785764438
377303004
337659546
532838376
276113916
783717063
699907693
605275760
38483542
16616313
309616987
21844703
908718099
987355075
653767109
854659895
503932660
396780721
344053138
911692362
408947895
561612844
898808781
923274762
977611220
423638585
318590804
833882196
515724186
727871897
945450615
426409385
32964670
879979038
949321597
329560900
786790905
337453297
683777921
6283126
943870669
293924845
869131430
81991756
516493505
815696305
73742747
541220857
480673046
638948011
340279800
967638848
751166907
636084971
348870420
509846699
861097323
146381777
1621663
395085376
892439309
436299260
80469924
216638436
754829226
567820483
665553342
699105848
176144743
379892832
603607350
648446200
157922999
122920955
882901976
313094056
806263293
526435097
118892438
491527597
197645859
13732056
171621381
389642586
924867624
434325254
200090461
112477610
834599781
313109698
982802875
937738823
252705487
411931668
381472107
152823254
350388072
915909223
337688146
266883707
262768461
94823711
78752195
763214103
800703432
828480268
815009439
730947461
199358738
592764021
693634818
488053249
820065569
507504918
178551068
320123848
439635936
547088692
8755210
565390623
897783309
717563593
877324601
768663140
275700115
714409979
159226510
418484434
834729122
615741559
12494031
887176673
141623645
441068710
16071068
379863888
382239310
671713535
803132393
886671172
511302348
881955359
315381763
187241915
712493029
454077242
529160377
263523895
273029002
488728620
202029121
47341715
481907905
445881307
822861629
943427868
213072138
477459734
890184857
70813501
578705122
994958200
719693406
592564209
983872977
817521296
105297607
955437512
881991761
937732693
280919233
741718726
978661090
623208858
128365352
870168334
822037419
953903884
607060798
568752414
137748435
426705564
34391919
532589929
325582226
559667847
239313595
672667095
380240915
190167053
553491874
133961636
698727392
290361298
568473229
588738851
585137134
98885078
864806606
40289385
948993539
361072312
900348691
422066709
994546703
978107244
339337945
91843223
428515461
175073805
967761911
