215143474
562573622
325370936
52221522
379243778
731951299
410254853
700309246
270436055
518095905
42538008
976527320
748629273
442867099
825826269
364831617
82836256
201063693
535267452
665326612
107792833
350125717
955170977
967186762
159039945
855442290
724884701
256602249
956630494
163743426
414659388
936191190
465165363
426551713
636592313
513625938
194926581
467768549
721383893
357742122
997947834
527469118
333946288
377710442
533098342
415388744
121938021
472527830
968893056
867596172
414686648
79028654
603176011
756286408
408282447
844829431
466558433
509311419
49622540
458797195
609572173
203038993
95669489
862427142
597790771
75766125
392164355
401768482
542501965
539491379
854554710
193551375
167664204
949722585
310574356
574466962
943702741
992858653
992858653
162544062
117762656
992858653
144662529
181273257
830314591
20047482
634102389
457226107
598247493
934065495
960489099
196719161
233056881
157658352
196719161
309045740
837076566
309045740
924253092
457391093
367495457
206252579
205153409
746264866
217489922
833512035
187128952
462336289
100025817
187801114
707136866
885398889
404024087
812829108
887443023
525635569
275801495
727057585
848609715
188003319
317276851
676980664
977561405
977561405
871075778
692883150
701759910
73056618
128249569
335239295
365123570
682063921
988390069
732771352
393985776
988390069
872700049
891769152
619956515
301009430
637152615
455136565
449501752
132440368
137291508
400431268
956004745
883371299
636306415
846222002
816979347
491073031
898925542
247064884
684988654
942805767
119196620
322020975
970255876
263439697
787638639
266362826
975014043
362707273
802813529
835755811
857098641
274789207
122419522
531047932
660956545
162949704
420111385
420111385
799503559
178765285
765969740
529694959
402466416
583120985
402466416
709488415
82908326
28864983
459269067
138852433
682692396
97071945
717392269
552566788
9807483
465479332
59518759
713132365
686451411
596916749
709759745
566203884
867812395
668337439
736742990
581233787
151258883
429974904
429974904
111052989
342028375
963460375
454413226
649151809
454539428
378739572
487037373
362146668
613530851
955623187
68253252
88192315
217662995
395914333
476508738
544761990
476508738
65929380
550212815
27102039
335440833
602425373
797032920
55661255
153011391
213104217
6700374
112479085
869877298
527606341
4675488
524825746
424337798
933323042
564411595
938721130
564411595
564411595
903306796
569521582
469007776
15054393
978214979
11467618
773153847
140752754
333498228
887729952
730904876
660452360
810453974
197203736
770841876
647666073
558213711
169888776
436129655
241999394
315092199
205728637
285324674
392804375
232960397
682337765
466725650
472463451
947423082
297447684
302464623
751431127
450206390
618882381
503308242
806355840
469555922
320899172
718759259
69102460
530801482
336980587
257562551
378802677
530801482
44613672
961824126
704261575
133064230
14419672
330027414
127844485
584255155
193642124
97628821
95024373
607200536
181194331
181194331
692087709
236879847
956251451
913626252
676839544
930944320
146788280
451266688
861017877
371359874
132040683
661327422
297841237
387854546
344115098
709804729
314571158
344115098
826392368
81108033
828875605
934640457
483900044
194054931
886302612
83223842
231444489
600851051
460121313
270433397
853378800
460121313
504358021
491911227
23092622
334556712
847039984
990450084
497208899
295759172
403778724
143048408
141977683
982263583
317015675
789593666
497208899
465054648
47089064
99395823
307101417
894205016
312857932
569705311
29445532
150140959
714429117
712210636
478181658
761996894
182240281
602900334
313306080
930989104
772055675
428486411
63951841
133444075
811357556
36189866
717972025
804453216
764179619
626063913
217200953
828173347
987993246
78611018
879033967
366674227
359793530
838001995
140610554
7600740
621035211
584642550
530142871
137883859
697898812
833187565
292242354
647143290
381400174
942324981
984107370
788681678
782190319
186602532
602737516
186602532
936965845
570928671
505396828
305556221
95222218
95222218
760820678
117212122
396426962
288390056
250759441
634396347
89632310
498936183
642738792
584652584
369134847
609423915
923035912
518339712
518339712
268057050
80256869
729826394
745544947
553457881
253660758
735977862
457722848
206543305
359673623
204578646
824665634
690394762
754113417
625767856
562519286
730975548
813861279
332007462
323234558
83589331
901666064
497650504
634866505
675504867
171022493
84134725
659505476
517411662
555984859
913814545
422873602
297722971
176100356
829667392
69499043
590123806
354059088
423558131
176100356
553103037
440288489
119784905
653996306
792280874
553103037
931826968
928065370
602864602
767354175
