539423458
162873938
271784177
729088830
442429510
478405967
558318185
573987930
104380781
48171472
714140030
507770587
767345503
989387703
592889099
163281778
589858003
43335221
446076718
705956878
37681700
721302722
93794200
343030542
216438298
622976126
891734790
625295944
747928078
579609095
170115994
838244667
553882929
923206083
319488278
447111347
372514196
410646665
671734545
442500985
154407500
216550425
577845269
653489540
747592399
859768776
323196523
51388396
720363423
570594866
871234687
504614875
350501062
11547852
734286563
997471347
926186598
401751759
601485302
169505696
834774337
259087083
298655773
974516562
409250856
829310355
1137907
975375161
605939421
433466480
652529327
362101142
945829893
292012645
861316635
491425650
460933275
948840167
859837977
180809951
814539297
579979011
515033711
892197882
469711181
473466841
273574093
439808129
237410072
584030382
630050242
736525792
789413184
372089226
191797691
85147475
112849978
336746683
836536037
227790075
875351093
534731992
908936354
259089340
444737465
42925120
856362244
226148182
91054187
883049426
646409083
30737679
985669131
516939428
256984717
820458300
942286016
925400773
255539732
543118725
494257905
962625988
378262130
138197223
631744074
880350032
784809088
394670939
677740752
817637225
667546024
509369786
855472874
504626247
251628134
497688804
459549959
424542434
616912028
671988912
90235719
479597065
741975621
629018700
897679803
17776759
747033928
183094756
973005215
967234369
433032177
624758956
454213827
600697967
119103666
369509400
531243621
540445863
736009592
438766103
3758362
367834262
59292927
577937034
248656557
487421803
861363940
210184517
575385742
781393731
579944068
543803543
182509851
637671011
497786209
169833324
873907067
64027720
562211569
169547147
370957127
827980557
308757404
658288679
250403266
666558777
512951352
500105256
70826415
294559998
848456788
474470358
448523648
713810547
379105349
634821624
818354728
78393117
526641193
570600532
966869217
862946681
557025993
660102552
532873891
597120393
723427993
818520982
698982017
471652295
776851741
567063172
454590302
23036778
976365185
172346499
271045931
589976066
82834047
385051863
557018541
33346573
61083963
372359520
277709150
882709748
187481580
816024116
13048610
432463283
811146013
282218767
726001556
636526267
63437183
670730816
497218083
621092426
281572052
997831311
667580965
908517382
699958899
637950083
683683020
455722424
181784353
304902003
720821255
942363012
329760639
65089892
488170684
806381095
769863912
976773562
434823116
470303260
827536833
314916786
933845767
779241813
878151349
928335339
675277189
143008655
657127735
568594494
779536670
700020715
825753310
781471102
891814088
421627500
347150229
167655368
195402127
264279236
91497884
633735973
658657238
524552555
256215511
354519172
33844876
543415290
452315684
581235413
659949744
839679536
429600553
795904782
120191616
832749819
168189896
744088554
95056867
52799182
687594303
277087192
766481747
748343057
590351351
422791801
532611453
900799381
265653917
865392691
263696698
582225919
395849762
226638860
551595991
467969700
223343852
211290585
795338815
488967086
36337823
483158286
606455682
749808286
295205053
393384672
509272647
683306394
334749397
405841682
318358192
625856757
250146347
583675843
369390975
965048222
143151211
553392243
7706991
850730622
308336232
882217498
700266896
789208889
424772231
187652621
949020360
685818882
782224335
707826693
551030304
256189070
925254438
279409697
626362271
223110223
77558676
47037153
215316213
704419998
933449533
766669607
95694736
487330393
842948363
684161543
896951022
645275450
139934290
890428534
271475224
845703721
364093396
489215014
3832053
650458300
777986831
439616771
812087969
605640886
732068261
944733096
941439663
378051083
348976901
10894120
117303913
445375308
683865375
461237181
434490328
637740245
805869486
398300943
230366736
29231805
196003473
817664801
646466694
727015298
449632539
887057244
50622717
138079097
582948950
419809018
865916250
483684024
948309395
372442286
808272589
669858631
862449528
730363192
440570961
695965919
624720255
827058405
605061787
515076588
348051318
365619145
736379696
114486142
632401537
256329803
163413849
772718402
483571921
41897781
74210167
405175736
278199692
474059463
111537259
930927625
845130307
281318634
109481811
763845038
234346518
919427382
168443104
422071724
559926726
511620225
805652941
693679076
881457211
664318
943498410
524809971
756869484
325851909
215999963
402441824
659105593
729246609
351108842
765288575
670043575
97769755
597169380
754615541
599707563
699272806
947486641
82384226
113156798
670695465
203967388
971882902
142538709
505395034
359071456
148805645
357369271
298683734
807500072
682805728
201294478
571550256
854193186
864879369
512154502
704657269
328887084
86148797
902974488
40945655
778386558
527807397
643451955
846749552
556637300
260481674
719004829
555230766
651658253
33960751
196592427
670220931
492979331
986971914
371423668
740970022
71488760
324640415
438805369
480983715
848635010
547575234
226979261
772133934
888282770
306124237
55563186
177980989
805482677
859377215
588580449
413914075
756437271
989120270
879143923
411533451
184237625
77634039
328094686
299886929
855207747
811924161
423852885
452061116
721955310
488748787
628579316
624277466
42549754
434627848
173858604
750744272
114103746
337905136
356514638
549220333
526016634
526687147
596650872
197399699
405984167
552334792
215842238
69737017
986024057
918954140
203884392
30769433
444138315
809949343
268317202
109072506
675993109
80073118
388011819
277214105
387318645
710568386
230996020
504311404
895882283
736423840
164415636
237456882
610556177
735341037
951224157
36944835
55983634
926412005
596698592
638600293
209371719
99636303
189454340
857271145
113639797
351629348
882711404
125367093
256894459
401023745
570303834
380887404
211666707
409327231
728277093
873091112
825663134
404703743
615915560
12172380
589076356
98358855
406482178
479136226
706085533
764137437
164845858
773354644
157035553
733100260
889131673
770076471
403172105
888536658
11833566
550707296
439633122
757669351
885982785
671565391
45643126
191712784
245521628
858391204
142575319
