191607652
191607652
967526353
967526353
542324303
551742342
551742342
738541253
738541253
364220957
762524466
762524466
981726805
981726805
981726805
489773822
489773822
489773822
489773822
489773822
27445058
27445058
27445058
27445058
27445058
27445058
497421855
67990204
598083914
671804767
671804767
911700246
911700246
911700246
911700246
911700246
911700246
911700246
911700246
679395428
1544438
1544438
1544438
1544438
1544438
692806134
692806134
692806134
692806134
692806134
692806134
692806134
692806134
386235776
440985790
304948334
304948334
227893025
848220996
859208564
920042460
797545220
797545220
746090675
392304163
392304163
392304163
392304163
392304163
392304163
946315845
946315845
946315845
921602636
921602636
921602636
921602636
921602636
191766806
386013539
386013539
386013539
386013539
386013539
682773305
682773305
682773305
682773305
208704484
208704484
208704484
671500329
481514026
481514026
481514026
481514026
481514026
44996561
44996561
44996561
44996561
44996561
44996561
656558511
656558511
538068551
538068551
538068551
391802441
391802441
391802441
391802441
413136508
413136508
330060402
72816665
72816665
72816665
72816665
991900334
991900334
991900334
516029675
516029675
522758543
933752864
933752864
793622196
793622196
738803528
738803528
738803528
671563682
910516734
910516734
238695998
238695998
238695998
133374024
133374024
133374024
778255185
778255185
778255185
778255185
778255185
778255185
778255185
778255185
778255185
378928088
235703631
235703631
390290779
693766162
453210379
453210379
687197430
687197430
642453873
642453873
107194138
331842594
331842594
331842594
415401081
263839937
263839937
861094470
861094470
861094470
861094470
882172911
31456750
714442210
714442210
714442210
813947642
813947642
813947642
813947642
813947642
813947642
71162601
71162601
450963936
501694245
501694245
520079401
626940387
121550274
121550274
202143972
202143972
202143972
101906636
184036016
392751485
392751485
392751485
392751485
392751485
392751485
392751485
392751485
753609002
753609002
753609002
99739980
27145126
597054657
530418161
530418161
530418161
250860904
977244231
302094134
302094134
498089533
498089533
498089533
498089533
498089533
498089533
810635923
810635923
659456872
928688464
262803354
5942749
5942749
582752510
582752510
420433031
382806497
382806497
382806497
382806497
382806497
382806497
750677082
161577333
130985731
130985731
130985731
130985731
130985731
130985731
130985731
786134417
367210227
367210227
26518898
26518898
26518898
791407434
111485673
111485673
111485673
111485673
111485673
78688541
78688541
882469265
882469265
698193333
897556780
639263513
639263513
639263513
639263513
639263513
730347375
948664762
573695070
94900841
980361199
801512576
740469416
981666981
96634827
96634827
718607934
718607934
712389958
919989982
919989982
345730931
810863319
592837386
334555449
334555449
334555449
334555449
334555449
334555449
334555449
88396943
544089719
544089719
872843270
371512618
371512618
596083881
176657861
176657861
176657861
176657861
359269167
359269167
704894290
187412907
187412907
848627808
848627808
848627808
781383031
781383031
781383031
781383031
781383031
781383031
781383031
781383031
718257913
917047459
277501109
277501109
277501109
774647277
774647277
774647277
774647277
187407021
187407021
187407021
140050393
140050393
309475916
756527765
756527765
756527765
186714142
19257297
19257297
316962586
268437441
634111077
320706819
320706819
438131205
479048141
629247488
243910468
229141475
4232481
502216549
387053087
387053087
387053087
387053087
821275886
821275886
821275886
821275886
422431226
941105113
941105113
941105113
941105113
941105113
428705374
428705374
428705374
982577327
982577327
982577327
982577327
982577327
89043605
308545545
686886524
686886524
966886837
626165206
626165206
795205485
129363977
33765297
33765297
828618394
63247410
396287761
396287761
983583881
288510628
288510628
288510628
312699844
312699844
312699844
869403304
768903847
564455443
564455443
277097987
408276348
647384208
218409214
875699998
30685195
40747988
787838564
38360586
38360586
415246287
345336324
345336324
647275632
369862203
369862203
369862203
753820627
698458665
698458665
714027776
714027776
714027776
546982080
546982080
546982080
546982080
546982080
546982080
546982080
546982080
384857231
384857231
384857231
866306621
866306621
866306621
374146249
5494138
901230830
19787414
19787414
19787414
19787414
19787414
19787414
19787414
19787414
581342552
581342552
581342552
850731846
850731846
917582936
693620641
129568310
129568310
129568310
129568310
240298963
240298963
240298963
621389051
621389051
621389051
79365919
958058080
445325762
310987660
204520714
204520714
524715555
338012931
954034709
954034709
672879391
672879391
761610344
969091715
969091715
81818653
432627247
510151626
510151626
949933899
949933899
735314113
735314113
10133807
208629225
847165962
38570315
38570315
38570315
930333429
930333429
517433154
24109040
24109040
184661368
545390205
545390205
545390205
