682152023
135701984
198674801
577216379
577216379
198674801
577216379
856932681
307693643
805113029
265958944
909059669
909059669
961913707
961913707
961913707
961913707
506730411
365998612
872729023
271492357
360677041
531444303
136917224
389714852
596648336
596648336
777220815
77874894
77874894
899646244
77874894
844387551
231731696
55258693
445417656
991041246
604273965
792022970
691601906
957737870
296158220
762000714
438688468
456132765
301907988
68674354
86951800
107002041
553296125
724071089
170774964
505295255
664675522
908469421
574900590
135184402
535080352
535080352
352173400
85278036
769747802
402139814
686130920
586595214
328032257
748502383
897829895
775537222
897829895
775537222
80101999
891348597
628930955
52335789
299907904
774902298
927295827
509237085
916056548
993465476
735197168
254655223
782312393
933481672
893965163
297907567
292209192
212774347
870049967
457740563
654384131
878144141
577840775
457740563
727981452
467188465
390092183
497196408
211064332
78337925
467188465
78337925
467188465
467188465
467188465
738420047
793840894
467188465
458510180
298130508
537078252
683285047
423439768
207638060
58734490
825880297
474732157
413803051
974295772
974295772
20425744
912082535
20425744
989862048
918104018
918104018
918104018
104088100
970387662
558661644
372157290
372157290
254768510
308169304
586634876
137079147
723714023
468930423
313633892
195471941
239415471
70418527
829247409
837444775
829247409
239415471
381789439
595150776
54351248
567457121
381379383
244089179
494257479
165027811
892627922
98734707
156974095
539439420
831348602
831348602
539439420
831348602
291909182
831348602
71677739
71677739
56288290
789266153
343967100
844748134
190840961
275132041
275132041
479062608
616268021
616268021
159254090
638316698
730986429
359865215
616268021
359865215
616268021
434650509
4304250
428889667
4304250
771406758
771406758
978188358
49330231
619394106
372839682
953668166
814094807
814094807
139573359
139573359
953668166
205237323
814094807
295768189
535577926
814094807
655227907
814094807
247497016
737808904
420902634
93610957
691618921
870847040
296414834
263905654
691689475
616436802
755657240
351147489
654113362
1476713
127739733
948227371
290107718
127739733
162367985
332922845
370848709
692778047
301643347
216724633
421166186
951838227
835312115
288868
369243851
681796856
442832359
532244401
605558696
368257309
605558696
973816005
163987092
368257309
648881408
392864988
763841063
549165492
111188086
760069494
245374483
245374483
598208488
79032020
417082647
417082647
144262779
144262779
853603986
43071334
267613495
43071334
344206832
750459707
455865894
320964347
903771853
626024263
186328337
732818545
306591206
306591206
233048055
292849024
924701202
938443384
938443384
938443384
292849024
233048055
631852178
306591206
161012041
161012041
498624384
640430569
640430569
599907540
495217586
779982079
847809610
764915606
143873186
111505693
621042420
668272036
443438720
756810419
111505693
577686314
619788844
619788844
144915424
940698523
677334674
516734154
982559257
516734154
185667646
932546906
268877765
801981349
454893676
208348361
183647789
779753108
402139034
253456285
330239716
964697394
253456285
172272416
761139818
866922837
531747100
216019149
458160047
18202710
251003366
299249632
774306165
774306165
774306165
647377448
101869303
247360201
528552172
548494561
829686532
561873856
548494561
841567340
654860489
452954733
148069042
680560967
148069042
465752428
313372022
525596033
337840637
537017697
90022709
20725988
911802769
716348733
298347159
365164365
365164365
365164365
321044911
401203330
918085934
401203330
211953907
894717355
894717355
973968499
8842884
603012711
8842884
97880163
249734725
922683498
97880163
450432086
97880163
656820510
97880163
896139784
97880163
84385813
529342596
529342596
819455123
57323560
640604118
640604118
697927678
471970400
46585268
260735992
51347169
854212011
759622303
242607432
338505457
177706545
673902182
37483657
881517389
921628009
142883635
259610599
173228842
371661783
192406742
592983002
691291748
655439315
899935607
592983002
657899439
28123952
486261527
50802401
357654375
435840180
653569778
814079125
668176470
290880463
719219532
896184736
831445054
150993320
117183665
856310258
766755833
9995336
776751169
70364936
699125458
528750709
147816790
699125458
617310434
656583824
830469816
105359289
799051855
38994542
693692566
799051855
654698024
741720139
847079428
741720139
847079428
741720139
105359289
916491090
916491090
741720139
916491090
173471286
429995500
741720139
741720139
252079642
132453157
568170079
252079642
433716704
849979811
70670679
637367948
965821144
277045907
277045907
277045907
15261552
126040920
126040920
151335786
1606453
724723757
25294866
126040920
724723757
876059543
126040920
487448208
203552311
892373705
203552311
203552311
847671875
263095302
847671875
553123817
553123817
931291865
64343723
552978539
246423383
369373009
613329084
613329084
362318187
510944779
412721549
913418113
100189117
31110426
17850274
718032891
622540429
