743788002
357990184
540217933
462067965
47537893
738537708
547238610
20804869
628234623
642991815
320863064
177821119
580727588
552297105
505639227
114001634
210773798
256815341
274454914
741909586
174163136
691044771
968573463
434710004
968573463
644889801
661145744
36051010
493446123
736136956
111042222
874204427
81577623
893514975
303359777
720006248
670279643
891373700
538218692
87283455
925271261
139285263
379073465
62095343
853196044
262613841
397132067
132627229
22201333
936274491
696149432
990315614
700625121
90945405
320903963
841546447
153773135
244718540
324903632
257310793
610455455
828920245
217775365
678243315
945511995
822906148
502044815
810138125
387715428
522911251
908267190
957107119
505878102
233825356
485342255
62356584
586407591
663720263
99266042
395609321
902963898
649817357
39398021
663720263
925710213
764251818
636140349
259496249
266840130
59788829
503284761
339559747
390830445
534137778
490549431
931233874
521200326
288535648
335364253
829293892
933752977
760976024
660894216
254810780
715713186
906418720
878297023
495650133
277962794
642736565
859878177
691749108
948105322
504025586
913818185
732093591
92703606
679419084
963120623
34552455
533657900
22034523
890287838
898875215
64668579
649969481
718574421
649969481
642148610
67728266
339957593
644775809
132365920
296015332
495969527
977702236
714990494
217432628
76554415
667569115
201520441
635953809
535697737
284466538
331417714
168087856
399500393
410339798
810279622
598304529
139594818
282365062
424027046
803130526
344302206
785049306
762777375
66862918
83129797
216911152
559618689
876520670
419125744
639059293
982637302
630171595
491301123
800512122
175051612
356504140
580560026
617754401
594560948
267923247
136098887
557854815
119788125
279946294
639310621
557854815
557854815
462256037
114914880
765592285
318418193
667249609
856411278
426501702
647710062
225746173
199602072
599009658
928156514
904556193
130962396
491761468
299510014
971736858
715936177
774346898
25683451
659114969
141182632
385230802
881029720
567390126
550972231
456878487
468044977
97067014
767500634
641290818
253718559
94657824
452675081
452675081
93120079
300588288
392558465
575097827
480440003
82057199
89635099
907136023
898294910
214624505
173462431
757746016
227700489
651703906
922975771
651703906
242913154
385628788
205641352
871550474
413582558
79413413
369731298
90450493
372215003
7976275
734660419
745316149
265224690
842654415
376761224
935490893
31073653
600031505
975040328
127495509
410281583
346229980
198647504
811598354
231449461
214412574
520980662
899610570
677693954
282776737
105799602
26917386
390148044
771248716
218162763
853745217
567254866
953256784
939721768
323616635
947250431
303925354
612271110
640949548
45020573
693365573
931326753
834270136
268998317
888043095
826657019
177137785
971667855
247200765
896719999
428577048
901604875
247200765
522735010
312737497
350117820
409650511
717565371
634432345
765313866
401467306
807079671
754423989
50520611
608262732
317348414
199336873
506354446
827557670
531502680
138544375
120136095
463391423
206626652
254381365
353372828
377264412
363945749
290614112
575017569
548359891
891565092
310675339
828597829
984824624
330616616
992739512
893812598
61747263
897301658
710355310
600126218
381219069
865406702
600126218
263295354
429352491
925746627
113714010
273288266
549730479
549730479
571995414
33675901
740238304
161349986
261877300
450473265
872140214
140202062
793204474
152672929
843214874
721802140
760909804
139227182
509337818
544276356
263351481
340240862
806745856
934707170
239821329
637735649
626907236
240261468
188771525
645385404
220827580
817905942
652883933
652883933
467029804
418587031
601940306
691935454
651184662
678939116
710547843
549216308
617259505
463441352
754664344
666037869
711094974
868377781
149444872
25552958
579409792
570829923
326600590
578352146
469660222
448069523
473055660
2684954
472701663
532651185
711511633
228105098
172283159
584452851
91151948
600039507
921444792
892289945
193177236
468631358
315050281
974302734
584391203
315050281
652902613
291108662
920874076
765491524
344917730
631383840
176587360
426373245
123095798
31277572
385203342
723500559
741758058
375223298
413485145
733298634
457998058
593557022
760488296
995312748
395690884
596020776
104915632
915417106
640033135
175810440
320094249
311348214
311348214
228754488
579874746
342721734
101559772
468771524
357535544
485223942
423610643
366129314
12923213
832840701
986740497
541064193
848346189
604500152
659318577
79184071
629377288
292700079
23991412
368862758
368862758
997379906
792502369
196481946
24518626
343558532
256085827
491191549
643290560
612142565
664606477
650619107
486877940
979223123
430188307
206691445
19253966
526503073
676464591
841271228
785464783
11471228
785464783
515459502
740398945
236436166
253169825
84505734
222687479
