600273736
344473615
415335212
415335212
828694428
139772712
250826110
868642176
582587817
704353113
991454108
418298754
433824393
794064058
425094990
761662428
25290097
723323685
271109674
239689708
239689708
125124617
877671055
630834563
188915190
275176854
70461267
900511985
530915319
836270496
237016791
638950581
305355177
305355177
899389248
85938164
343818102
870045593
100381624
910926779
100381624
568240724
212274055
364787502
628565821
575480476
947933918
398317966
715693851
269218625
715693851
91371127
800317767
269218625
641899564
849175427
350995711
564111370
653111176
243174577
653111176
505506567
512478871
994562929
994562929
82981442
936790644
915750006
133623082
85175028
731082994
113272301
458561690
955209448
778995512
172351817
35076037
508011423
741303315
910801327
471381153
706227278
492930450
797095963
400565914
791590815
481609954
196222129
496897652
598880288
623699595
128526747
230509383
752226342
657877260
925637793
507357120
310045089
493862608
493862608
949012387
441655267
440989400
389932546
440989400
821753914
645680706
43533884
556779249
137516376
430121795
551153197
615086914
876084897
216825343
615086914
918564725
260997983
525640204
599982782
260997983
918564725
864625003
152076322
300779024
828734776
252557305
290027317
631997511
806149490
507401903
507401903
37439965
30186369
116886591
801393328
891688590
105159537
891688590
744908030
195454799
558092693
631198402
681856315
685430268
409564951
947629412
661633797
980861408
394238274
361180356
980861408
988273624
401722382
221539856
221539856
910060059
4602047
910060059
656353682
89819619
747344182
589250304
411534561
602940213
411534561
338350133
683435000
731932024
535984335
88196399
988853945
432223323
447787936
567306502
988853945
583763502
96737980
740050003
673464835
512964074
512964074
512964074
710337436
708022955
708022955
934518870
641253416
988205476
924865471
904392630
216965343
239405137
983843876
202619352
361515276
49241417
252968102
670879854
423837177
569222876
777595612
621743985
340337123
373589040
30478605
631753115
704197221
193396406
749400089
709022175
930876448
930876448
664812741
841878364
889590579
786070840
122191830
77492932
148833487
602236012
770913613
882131182
193353070
875589833
557206440
581895018
295195172
584959161
441257562
434618216
951437742
944798396
96894988
543718946
991605007
600670675
543718946
594031329
677787755
866262004
980053339
688912269
522636693
522636693
790335846
790335846
494225513
112548091
93930238
421908200
247601805
23228146
58241185
736028940
46736149
571376438
506334325
907905283
582961040
904523643
940383907
457345664
945789949
576842648
955483126
284829236
24206157
839333232
775810407
184021002
296167116
693113263
199050832
199050832
480036789
740792317
835706620
355669831
276904434
805871477
711322117
480036789
123237511
692225471
294920906
125849550
55719841
987146377
479546325
30463718
465779639
346455947
17353937
38826898
641615893
640651021
601824123
94764478
84213039
480633269
640651021
38826898
114996712
500865503
23018642
686726437
207114071
280120937
466944856
280120937
266196524
697496160
481486045
806017660
83711658
806017660
576760244
575256919
842335907
742156933
831344339
267213618
937090343
681002923
278205186
937090343
928943872
137599471
569908587
424162645
19095374
709193796
476471409
181688025
972812788
218136126
610878031
923444472
262742975
921336304
248867061
852694533
494132628
18248223
860489512
28962495
648197239
636501700
979533465
765346454
680373145
467044288
8492641
561388005
136288464
855056550
543912663
905964325
341009298
764621984
496561832
587365148
883454283
394009351
394009351
921882433
429711393
295405328
252021556
295405328
921882433
779894638
648061108
327319513
802101545
386089724
99262520
898267381
573011335
121438966
121438966
575363001
724283088
460536017
511722311
900448932
537656378
998152546
85926264
482830358
979213212
156625474
42944557
535469080
311967059
25543041
311967059
535469080
747724349
61447055
358587440
551766715
309704744
135742926
499887980
609441158
609441158
499887980
635630906
873910481
132459564
53841573
68401330
353669316
447354047
995920751
416818423
795521435
668081252
485504174
513438976
262176147
135229586
267622342
150092168
473672179
563675493
563675493
659741998
715419388
792099704
882377037
755941066
869591314
732127511
73428400
718076737
81029386
532989281
451959895
813156897
81029386
857920328
786693443
250331638
695179714
801486234
383620547
993599742
23599030
300529995
747808338
673130795
174372079
359479178
5966627
31197267
257329983
926766983
779977496
983478201
811064413
156041521
878459810
507795992
525266074
561276406
732967850
40127049
117639665
263521584
972531042
968650357
899792809
687778790
778465611
536857596
610355137
114886938
148797954
150921194
547139072
392635133
281877447
374111491
349888971
502000868
787487607
846132456
308525309
792363100
974947454
572894082
251884834
489497843
165057456
945991191
967530302
108413330
