987 910
5 4 0 0 1 10 2 7 7 9 5 4 10 6 6 1 3 9 1 8 10 7 3 8 2 7 8 0 3 9 3 2 8 2 6 0 10 4 6 2 7 7 6 4 10 10 9 1 10 2 7 10 8 1 10 0 0 6 4 9 9 6 0 1 7 3 3 2 7 9 6 3 1 5 9 8 6 6 0 2 0 5 0 8 2 7 8 5 5 7 1 8 4 9 7 10 4 6 2 1 6 6 3 7 2 4 10 9 1 10 3 6 4 8 3 9 7 1 2 0 6 6 9 10 0 0 6 7 9 9 6 0 0 4 5 0 1 4 1 6 5 2 10 5 5 4 1 8 8 3 10 6 10 9 3 10 8 5 2 0 8 4 0 4 10 5 7 2 10 6 6 3 7 5 8 6 5 5 2 8 4 2 9 3 8 7 2 5 7 6 2 7 8 4 6 2 3 0 1 4 6 5 2 3 4 4 7 9 1 6 7 7 4 6 1 5 9 8 6 9 0 4 8 0 1 2 9 7 4 9 10 0 8 1 8 4 1 5 1 5 10 10 2 8 8 7 3 9 1 6 1 6 3 4 4 8 0 5 10 0 1 2 7 7 1 5 1 0 8 8 4 4 8 8 9 8 4 1 6 2 5 1 3 5 3 8 8 7 1 2 4 2 10 8 0 2 3 1 9 6 6 1 3 4 3 8 4 9 5 2 9 9 1 6 8 8 10 6 7 3 7 8 3 5 1 4 4 8 9 10 9 9 7 2 4 2 7 9 0 6 3 5 4 3 9 6 0 9 1 0 0 6 0 4 2 7 6 5 10 7 1 9 7 4 6 5 2 10 8 7 5 1 7 0 10 0 8 5 3 0 5 5 8 2 7 10 8 8 4 0 6 6 9 8 1 7 6 7 8 3 4 10 3 3 6 6 3 9 1 4 4 10 5 3 3 0 6 8 2 2 0 10 10 5 8 4 5 10 10 3 2 7 6 1 6 8 10 10 3 6 10 7 0 6 1 5 2 7 3 7 2 10 3 2 7 6 0 6 10 8 8 0 3 2 4 4 9 5 9 1 1 10 2 4 5 6 8 7 10 0 9 8 8 3 10 6 1 10 0 10 8 6 7 6 7 4 9 4 2 9 1 3 10 5 0 7 4 5 9 8 10 7 5 5 2 5 8 4 8 8 6 3 6 5 10 6 1 3 8 0 3 1 6 0 3 0 8 1 0 7 6 8 10 7 1 7 4 7 4 7 6 3 2 6 2 6 1 1 10 6 4 10 2 6 9 2 6 7 8 1 7 7 3 0 8 8 4 7 10 4 8 10 6 10 9 0 2 4 1 5 4 8 6 5 4 5 3 4 1 10 9 1 7 9 10 9 9 10 5 5 7 10 8 6 6 7 0 5 2 2 1 5 2 9 10 5 2 6 5 4 1 1 6 2 0 5 4 5 9 3 6 9 2 3 7 4 7 5 6 1 3 9 9 6 9 3 10 2 2 4 10 3 8 8 3 1 5 5 0 3 9 7 6 3 8 4 5 1 7 4 9 1 9 5 4 1 4 1 6 0 0 3 5 5 9 5 1 1 6 5 4 9 8 0 1 7 7 9 9 9 8 2 9 4 3 7 1 9 3 9 10 7 7 6 0 1 3 3 8 8 4 7 1 2 1 2 10 5 4 9 6 6 0 10 9 5 9 9 0 10 2 3 7 4 5 1 9 1 2 10 1 10 7 0 10 4 9 4 5 4 1 7 0 2 2 4 0 7 1 0 5 1 9 2 10 5 6 6 2 5 1 2 5 4 8 4 2 1 0 5 7 8 3 3 4 10 9 2 3 5 1 2 10 5 9 1 6 0 5 1 6 3 3 10 10 0 1 3 7 3 10 6 7 8 8 7 4 1 7 8 1 6 4 8 1 1 8 4 10 5 8 2 4 8 8 5 3 7 9 8 3 2 9 3 8 4 7 0 9 10 1 0 6 10 9 7 3 0 5 0 8 2 10 6 5 8 10 9 9 10 10 4 10 1 1 3 8 9 9 0 1 3 5 5 0 4 1 9 4 0 2 4 6 8 5 0 2 1 10 10 10 1 2 3 8 2 9 4 1 8 2 0 9 5 8 0 7 5 4 3 10 8 7 5 6 4 4 5 0 6 2 9 10 6 7 0 1 6 1 10 10 2 7 9 3 1 2 4 6 3 10 8 5 8 5 5 10 1 4 6 8 8 2 2 8 8 9
343 917
343 623
343 225
623 833
225 429
225 329
429 231
429 596
623 689
343 413
329 285
833 331
833 758
225 606
689 325
606 926
623 385
331 449
833 896
285 55
758 7
329 114
896 466
896 48
48 412
833 268
596 481
758 6
6 829
268 762
285 918
385 984
896 916
596 378
225 160
160 312
429 760
762 362
55 109
325 221
114 880
329 590
285 126
329 468
413 514
514 79
917 234
325 352
449 28
760 653
234 541
325 132
829 80
590 245
48 286
468 305
126 110
541 373
221 115
596 303
48 148
305 30
760 97
245 20
305 774
285 162
312 368
126 619
689 577
115 29
303 851
378 678
80 229
29 742
55 779
80 118
851 842
362 191
229 431
234 820
80 656
842 168
28 381
385 894
114 863
325 900
55 835
760 982
79 566
842 759
126 274
758 165
305 708
894 912
109 899
6 256
7 357
357 2
900 862
899 893
912 338
982 161
678 432
893 133
862 450
926 376
376 66
842 241
842 174
916 810
80 93
229 457
312 589
449 834
413 747
918 909
590 939
114 956
623 480
338 340
225 739
231 634
842 628
357 665
842 440
851 890
863 714
168 557
760 17
385 284
115 728
286 78
481 884
863 569
899 657
381 563
376 460
368 832
460 183
338 294
728 307
916 630
294 659
449 359
569 685
466 389
759 716
481 983
685 467
685 843
378 188
460 334
389 686
774 248
340 27
926 547
381 799
115 654
832 783
248 792
716 181
984 612
779 24
863 919
829 682
557 533
665 531
385 257
66 306
457 644
126 43
268 273
352 604
234 1
820 701
653 56
325 50
480 87
747 772
758 418
285 910
799 503
256 906
338 336
890 495
910 948
241 707
284 618
221 142
919 692
884 271
956 957
957 267
917 578
389 876
792 310
547 688
449 473
689 595
161 946
80 426
6 293
758 451
431 186
50 4
541 139
495 287
305 684
188 263
48 282
352 69
325 878
373 544
29 51
305 35
271 645
241 497
689 735
385 345
268 67
810 508
503 934
284 536
267 669
24 212
381 296
612 804
758 802
373 462
804 275
80 137
851 564
188 44
181 324
851 580
735 439
274 108
688 320
984 356
919 923
682 154
984 125
604 129
536 258
161 197
373 88
133 672
20 421
336 297
926 158
43 32
590 363
426 892
590 95
685 482
688 216
418 675
644 442
28 130
168 507
893 711
225 868
273 124
536 650
139 423
381 812
17 434
43 967
843 951
287 849
653 92
659 683
654 859
956 428
357 19
612 713
378 875
80 208
273 41
359 107
80 949
385 210
762 913
654 77
336 326
451 826
19 757
305 559
338 539
606 313
714 291
48 396
497 214
468 562
589 706
7 157
618 361
212 230
429 269
368 767
114 727
88 364
533 454
186 985
557 770
467 73
363 145
145 49
79 733
389 374
51 204
757 330
330 515
293 800
364 350
186 704
73 288
913 902
890 192
296 34
644 370
757 390
569 318
634 753
248 501
326 458
650 164
214 638
296 189
531 857
439 240
390 594
868 671
918 372
350 622
129 824
692 801
225 548
363 895
256 111
168 738
606 121
654 261
810 131
303 790
562 424
165 700
829 38
515 335
43 371
912 304
563 660
189 646
665 827
434 691
285 260
260 419
326 574
569 974
164 351
338 723
691 950
307 149
772 915
307 603
895 265
385 509
162 151
892 319
878 730
665 778
711 605
293 198
442 521
17 173
733 106
174 886
148 766
325 206
770 120
412 786
501 217
706 327
827 845
645 455
735 527
241 818
876 787
923 46
432 558
926 964
56 616
77 643
313 179
612 608
596 207
682 420
473 209
114 259
4 300
363 247
503 184
974 935
590 483
356 764
390 789
619 743
605 386
557 942
320 532
107 159
669 239
566 322
131 592
467 190
212 360
686 316
541 309
612 740
700 631
913 888
307 317
563 262
956 844
343 699
326 347
130 26
291 709
162 813
207 944
762 175
800 752
258 444
910 741
774 811
849 266
618 147
26 667
675 642
361 523
55 98
603 601
158 561
727 384
79 921
523 512
708 375
684 943
286 447
420 937
606 780
466 308
434 784
557 520
675 816
890 552
148 556
245 809
347 492
783 765
162 954
813 476
692 430
657 721
849 511
759 437
780 387
787 922
458 670
759 698
824 123
273 99
619 755
495 272
184 366
366 37
618 673
347 193
946 966
548 731
424 22
49 736
900 782
809 756
79 250
248 856
221 960
758 436
562 465
125 448
787 908
701 36
709 177
387 404
272 722
780 196
272 513
894 406
845 321
234 674
126 409
107 798
457 825
320 146
320 251
340 472
429 353
642 748
752 202
589 438
46 64
359 8
357 342
926 978
260 947
476 977
495 223
935 505
258 380
132 965
844 54
428 85
902 945
782 75
698 365
913 807
954 847
162 417
331 744
628 339
294 63
698 416
1 135
343 243
619 927
682 252
308 773
536 270
753 101
340 815
862 493
209 100
250 23
739 663
322 597
137 568
300 637
783 488
916 504
154 524
942 751
743 9
566 226
223 785
742 510
282 140
785 74
521 153
738 928
792 485
77 882
544 658
460 555
80 314
557 94
56 176
913 91
467 65
157 651
460 567
420 72
139 703
210 734
524 349
934 40
130 220
923 81
241 979
577 904
364 403
569 611
149 873
834 970
875 831
926 537
646 281
291 668
121 232
418 529
267 446
368 549
317 332
616 936
691 346
49 725
521 172
619 402
100 718
207 254
859 579
862 128
622 279
827 525
951 59
766 199
160 487
252 881
943 117
120 746
428 749
590 602
766 693
606 152
595 494
380 724
455 195
245 452
365 290
363 891
378 640
960 278
888 664
468 750
69 39
580 901
59 185
294 502
802 299
772 435
957 585
735 864
35 194
473 253
916 932
34 587
783 865
439 889
288 583
357 907
225 242
722 489
800 846
440 694
611 461
421 215
307 382
413 246
504 211
932 538
505 565
343 666
124 15
601 861
644 490
97 788
142 397
467 975
343 86
121 795
909 897
813 938
561 180
616 276
183 203
151 697
204 635
664 879
265 33
900 392
718 968
876 823
580 887
281 576
371 201
564 617
258 21
907 11
389 5
129 516
268 754
767 283
340 920
41 534
765 571
759 393
816 761
376 13
892 399
483 355
608 47
637 677
339 143
728 575
644 144
365 971
339 228
73 570
541 962
557 477
856 624
299 377
660 62
779 298
214 453
947 425
779 82
229 237
101 980
913 973
77 797
693 463
284 398
619 817
919 528
739 415
332 71
468 877
237 649
276 712
862 96
623 12
594 806
574 777
693 632
225 410
847 333
217 456
748 530
308 769
575 475
724 166
434 52
482 582
330 702
477 854
731 136
851 855
590 573
446 850
228 584
232 732
722 836
75 641
707 367
430 61
330 16
854 866
352 858
322 227
605 224
449 794
191 715
938 940
605 344
813 122
360 720
534 600
52 545
784 629
649 60
541 103
926 925
594 394
970 647
902 205
904 839
318 838
396 553
700 411
864 627
733 729
512 479
316 872
872 222
411 150
569 822
397 803
839 874
487 255
700 517
637 931
362 141
437 905
677 542
895 952
374 116
269 292
915 500
858 213
918 68
451 639
906 445
71 961
700 679
305 358
198 499
329 763
824 178
513 498
429 25
73 433
444 401
230 156
432 408
738 911
979 105
757 572
106 491
73 31
2 518
706 609
782 808
31 588
749 768
985 14
114 155
336 681
159 976
949 233
495 354
693 662
533 405
360 986
501 924
421 929
93 705
966 771
946 89
513 471
86 661
582 469
901 941
890 249
320 796
722 474
789 776
784 680
729 805
893 620
529 187
623 535
940 170
787 236
547 302
8 695
136 599
232 791
183 58
232 687
795 57
978 522
454 18
461 422
156 821
108 793
515 655
59 775
120 696
897 484
251 0
749 717
406 459
199 586
318 898
465 963
145 981
499 478
602 470
5 869
174 280
261 710
98 551
465 633
51 311
130 171
281 127
547 636
922 841
488 295
976 903
919 848
482 626
24 10
210 104
770 953
778 581
632 554
331 883
835 933
735 414
420 840
611 341
300 407
734 726
499 676
36 814
522 315
148 853
892 163
645 745
884 690
650 914
411 441
946 972
177 218
939 427
716 138
188 830
529 540
985 867
294 112
663 852
640 169
645 598
226 958
220 781
201 506
110 388
173 648
883 610
886 959
745 871
803 113
309 53
199 930
448 119
980 337
178 323
77 328
966 819
756 90
642 652
133 167
734 395
399 264
397 837
924 200
326 560
838 955
793 615
727 550
183 464
974 348
977 607
94 969
502 277
536 383
800 526
972 238
814 625
492 3
690 42
180 860
333 828
361 391
705 621
429 870
716 83
112 885
43 76
538 134
109 102
924 244
632 219
692 613
901 614
693 519
513 546
789 591
819 486
519 443
552 84
113 235
82 289
201 400
923 70
381 379
641 369
763 543
149 719
919 45
940 496
435 593
231 182
25 737
43 301
0 900 862 326 96
1 841 6
0 28 381 413 189
1 463 8
1 847 1
1 796 4
1 950 9
1 964 4
0 868 671 241 671
1 120 5
1 183 10
1 160 4
0 93 705 682 621
2 329 285
0 390 594 503 394
1 604 8
0 758 436 307 436
0 646 281 232 281
2 352 858
1 729 10
1 92 1
1 914 7
2 830 188
0 757 330 329 16
1 948 8
0 637 677 541 677
0 784 629 924 629
2 919 45
0 160 312 977 783
1 295 10
2 285 260
2 803 113
1 270 6
1 266 1
0 919 45 299 45
1 629 10
2 759 698
2 183 464
2 623 689
0 381 799 389 934
2 17 434
2 544 658
1 424 4
2 181 324
1 432 3
2 952 895
1 872 0
1 898 8
2 359 107
1 984 7
2 223 495
1 594 2
0 733 106 893 491
0 364 403 36 403
2 715 191
2 156 230
0 795 57 758 57
2 66 376
1 630 3
1 731 7
1 672 7
2 338 539
0 893 491 824 491
2 156 821
0 79 733 294 733
1 652 5
0 1 135 816 135
2 541 234
2 940 170
2 378 596
1 121 3
0 758 802 48 299
1 960 7
1 844 7
2 741 910
2 536 650
0 760 97 777 788
1 170 8
1 601 9
0 449 794 852 794
1 229 5
1 491 7
2 734 726
1 375 1
1 69 3
1 52 10
0 115 728 596 475
2 813 476
1 904 9
1 431 1
1 813 3
2 241 842
0 378 678 514 678
2 573 590
1 88 8
2 389 686
2 877 468
0 923 81 799 81
1 135 5
2 770 953
1 671 4
2 296 34
2 691 950
0 225 329 982 692
1 22 1
0 460 334 268 334
0 892 163 305 163
1 638 5
0 899 893 876 605
1 396 2
2 287 849
2 689 623
0 234 820 17 701
2 377 299
2 116 374
2 851 855
0 785 74 305 74
1 512 9
1 718 8
2 674 234
0 934 40 225 40
2 290 365
0 161 946 487 966
2 423 139
2 359 107
2 775 59
0 872 222 981 222
1 652 6
1 698 8
2 268 273
1 83 3
0 569 974 162 565
0 762 175 537 175
0 569 685 842 626
1 2 1
0 232 687 184 687
2 557 520
2 817 619
2 496 940
1 395 0
2 836 722
0 603 601 45 861
0 709 177 786 177
2 817 619
1 499 8
1 591 1
0 268 762 237 913
2 561 158
1 949 10
0 340 815 928 815
2 758 7
0 36 403 938 403
0 947 425 331 425
0 307 382 130 382
1 390 9
1 645 7
2 529 187
1 904 3
0 258 380 175 724
2 644 490
0 303 790 862 790
2 356 984
0 623 480 970 480
2 588 31
1 296 8
2 722 489
0 80 93 326 93
1 673 2
0 632 219 900 219
0 728 307 456 873
2 221 142
0 80 426 147 892
2 909 918
0 926 978 358 978
0 149 873 149 786
2 457 229
1 921 7
0 418 675 223 642
2 357 342
0 765 571 900 571
1 13 5
2 857 531
2 473 449
0 126 43 325 201
2 664 888
1 438 3
2 74 305
2 281 576
2 318 898
1 147 3
1 429 3
2 66 376
0 728 575 728 541
0 619 402 299 402
0 682 154 114 154
2 780 196
2 71 332
2 863 714
2 309 53
2 208 80
2 428 749
2 924 200
1 632 2
0 51 311 696 311
0 55 835 536 835
2 758 57
1 629 3
2 333 828
1 273 0
0 51 204 102 204
0 547 302 78 302
0 49 725 227 725
0 793 615 378 615
0 644 144 436 144
0 225 160 595 966
0 406 459 594 459
2 677 542
1 375 1
0 802 299 802 515
2 770 953
2 723 338
0 654 77 306 77
1 937 1
2 232 732
0 207 254 833 254
0 649 60 25 60
0 34 587 741 587
1 707 7
2 359 8
1 398 4
0 124 15 959 15
1 104 2
1 416 5
2 813 938
2 538 134
2 694 440
1 657 1
1 578 2
0 536 270 121 270
1 66 4
0 121 232 234 791
0 922 841 833 841
0 188 830 759 830
1 729 10
0 17 701 147 814
2 446 850
0 833 268 284 41
2 308 466
1 617 3
2 833 623
2 294 733
0 541 103 557 103
2 688 320
2 261 654
2 114 727
2 96 326
2 920 340
2 868 225
0 606 926 890 180
1 727 1
1 725 7
0 272 513 284 513
2 534 41
1 661 8
1 148 10
2 491 824
0 863 569 241 611
2 357 665
1 594 0
0 460 567 268 567
0 536 650 18 164
1 130 7
2 201 506
0 739 415 561 415
2 288 73
0 693 632 636 554
2 824 129
2 75 641
0 706 609 648 609
2 350 622
1 590 3
2 588 31
2 325 201
0 362 191 255 715
2 529 540
1 983 5
2 468 329
0 137 568 949 568
2 248 792
0 918 68 398 68
2 519 693
2 33 265
0 735 864 813 627
2 303 596
0 980 337 231 337
2 504 916
0 357 2 692 518
2 65 467
1 777 4
0 6 293 519 198
1 187 4
0 439 240 495 240
2 114 154
1 552 4
1 967 6
1 618 4
2 422 461
2 440 842
2 753 634
0 149 786 307 325
2 360 986
0 100 718 495 968
2 478 499
2 444 401
0 296 34 360 34
1 941 9
0 225 868 923 868
2 843 685
2 17 760
1 399 0
1 10 10
1 739 8
1 743 1
2 139 541
2 898 318
2 336 326
1 513 1
0 159 976 605 903
0 225 606 595 179
1 829 9
0 48 396 721 553
0 495 354 743 354
0 758 418 203 529
0 373 88 934 350
1 817 3
0 689 735 823 414
1 399 9
2 758 57
2 949 568
2 433 73
1 186 9
2 43 32
0 741 587 966 587
1 332 5
2 271 884
1 861 10
0 772 915 758 500
1 188 9
2 829 38
1 323 4
0 698 365 42 365
1 407 4
2 559 305
0 913 902 702 902
1 756 0
0 451 639 77 639
1 566 7
2 178 824
2 560 326
2 853 148
1 204 8
1 124 8
2 409 126
2 727 384
2 229 80
1 403 1
2 383 536
0 504 211 466 211
0 864 627 864 608
2 926 537
2 919 863
1 246 1
0 241 707 397 367
1 209 6
0 935 505 935 291
1 948 3
2 229 237
0 946 89 700 89
2 385 210
2 851 855
0 813 476 225 783
0 890 192 458 192
2 28 449
1 275 6
1 779 3
0 985 867 894 867
1 830 2
2 557 520
2 427 939
1 26 9
2 340 920
0 378 875 695 831
0 467 73 240 588
0 749 768 182 768
2 595 966
1 538 8
2 842 628
1 519 0
0 268 567 740 567
0 214 638 888 638
0 536 258 80 444
1 468 4
1 668 8
0 675 816 959 816
0 7 357 580 827
1 51 3
1 624 5
2 156 230
1 174 6
0 919 528 661 528
1 527 9
0 693 662 338 662
1 737 1
2 777 574
0 102 204 17 204
2 49 736
2 28 449
0 888 638 648 638
1 688 6
1 5 6
2 8 695
0 181 324 154 324
2 262 563
1 395 8
1 912 6
0 284 398 446 68
2 276 616
2 974 935
2 547 926
1 858 7
2 126 274
1 950 4
2 466 211
0 951 59 957 185
1 425 4
0 326 347 731 347
1 117 1
1 649 6
1 538 3
0 589 438 698 438
1 603 2
0 758 6 76 682
1 758 2
2 677 541
0 305 774 758 629
2 605 386
0 913 888 363 664
1 326 8
1 320 6
0 357 907 874 11
0 813 122 288 122
2 277 502
1 375 6
2 10 24
0 456 873 645 873
1 900 10
2 347 731
0 35 194 579 194
2 653 760
2 161 982
0 844 54 175 54
1 682 8
0 331 449 894 970
2 22 424
0 107 159 594 159
1 175 8
2 300 637
0 642 748 860 748
1 432 5
2 758 833
0 541 677 326 542
1 369 4
1 459 9
0 482 582 67 469
1 160 7
0 214 453 97 453
0 55 779 338 360
2 231 182
0 80 444 693 258
1 749 3
0 513 546 760 546
0 792 310 434 310
0 685 467 872 467
0 940 496 72 496
2 827 580
0 151 697 374 697
2 691 950
2 612 984
1 569 7
1 511 8
0 420 840 414 840
2 427 939
0 177 218 195 218
0 623 689 759 325
0 779 298 646 298
1 761 4
2 448 119
1 552 0
0 465 633 578 633
1 621 8
2 828 333
2 913 807
1 311 10
0 307 436 935 144
2 338 294
0 605 344 788 344
0 946 972 765 238
2 313 606
0 623 535 934 535
1 225 7
1 790 10
2 1 234
2 919 863
1 728 6
1 299 3
2 816 761
0 982 692 160 363
0 729 805 515 805
0 824 178 286 323
2 845 321
2 606 121
0 935 291 436 623
1 387 3
0 52 545 810 545
2 960 221
1 877 0
0 605 386 659 386
0 659 683 48 683
0 154 324 361 324
2 512 479
0 439 889 934 889
0 906 445 248 445
0 80 137 284 137
0 564 617 260 617
1 75 6
2 237 649
2 347 731
1 265 6
2 913 762
1 200 3
2 77 643
2 927 619
0 455 195 182 195
1 926 3
2 185 957
1 868 7
0 816 135 532 135
0 4 300 824 300
1 165 8
1 317 5
0 421 215 28 215
1 393 2
0 956 844 709 844
2 214 497
1 154 1
1 703 6
0 77 797 229 797
2 233 949
0 378 640 954 169
0 495 968 890 718
2 97 788
2 927 619
0 574 777 103 777
1 458 8
1 727 7
0 595 966 338 98
2 789 776
1 422 10
0 287 849 916 849
0 359 107 49 798
2 725 227
2 343 413
1 918 5
2 385 984
2 779 24
2 497 241
2 541 373
1 84 8
0 331 744 821 744
2 317 332
2 171 130
0 241 671 174 671
1 678 7
0 457 825 392 825
1 964 4
0 381 563 654 563
1 217 4
2 665 357
1 23 6
2 916 932
1 701 6
0 548 731 139 492
2 414 840
0 385 894 45 473
0 503 934 37 448
2 622 279
0 320 251 824 251
1 884 4
2 9 743
2 195 218
0 237 649 812 649
2 255 715
1 245 5
2 553 396
1 75 6
1 141 3
0 41 534 957 600
2 286 78
2 862 790
2 605 876
1 173 7
2 676 499
2 746 120
2 130 220
1 205 7
1 469 2
1 980 6
1 283 4
0 862 450 572 450
1 334 4
2 456 217
0 700 631 762 631
1 8 6
1 22 7
2 169 640
2 55 109
2 730 878
0 330 702 493 702
2 306 77
2 326 336
0 248 792 322 792
1 185 8
0 43 32 572 32
2 174 842
1 423 3
2 514 678
1 933 6
0 657 721 943 721
0 734 726 384 726
0 359 8 780 8
0 919 692 519 430
2 811 774
0 972 238 972 380
0 212 230 475 156
1 736 10
2 299 402
2 377 299
2 876 605
0 852 794 924 794
1 457 4
0 864 608 864 605
1 890 4
1 660 5
0 446 850 215 850
0 286 447 949 447
2 122 288
2 651 157
1 116 5
1 149 5
2 863 919
1 874 4
2 15 959
0 824 251 256 251
1 9 2
0 665 827 757 923
2 839 874
1 71 7
0 114 259 291 259
2 648 609
0 938 940 726 170
0 82 289 338 289
0 862 493 631 205
0 7 157 871 651
1 868 0
0 326 574 626 574
0 231 182 120 195
2 625 814
2 114 154
0 606 121 646 121
1 864 3
1 174 4
1 886 2
2 469 582
0 294 659 634 659
1 78 10
1 743 7
1 386 6
2 611 461
2 339 143
2 299 45
0 203 529 641 529
1 84 6
2 788 344
0 245 452 370 452
0 467 65 413 65
1 442 5
1 253 3
0 714 291 821 291
1 430 8
2 221 325
1 91 8
1 955 9
1 172 10
0 541 373 259 462
2 432 558
2 872 467
0 115 654 290 654
0 43 967 411 967
0 329 114 350 170
2 792 322
0 175 724 745 380
2 579 859
2 722 836
2 842 759
1 8 2
1 350 2
1 705 7
1 164 10
0 956 428 756 749
1 143 5
0 286 78 960 302
0 338 662 109 662
0 514 79 816 79
1 84 9
2 305 35
2 204 635
1 288 2
0 819 486 511 486
0 217 456 519 456
2 900 325
0 760 653 896 616
1 808 5
1 974 8
0 97 453 616 453
0 331 425 277 425
2 137 284
0 949 233 200 233
0 813 938 57 403
1 363 5
1 528 4
1 58 2
0 766 693 336 61
2 333 847
1 740 2
2 207 596
0 926 547 143 688
2 920 340
2 577 904
0 727 384 669 834
0 2 518 2 154
0 749 717 890 717
0 448 119 333 119
1 133 3
2 495 287
0 326 458 951 192
0 371 201 43 842
0 49 798 215 798
0 274 108 24 793
1 381 4
0 466 211 626 211
0 66 306 87 77
0 286 323 759 178
1 101 2
1 959 0
2 20 421
1 101 2
1 518 8
0 131 592 523 592
0 860 748 299 748
2 455 645
0 700 517 357 517
1 644 5
1 149 0
1 75 10
1 937 9
0 731 347 731 632
1 644 3
2 809 756
1 851 5
2 594 806
1 531 10
1 267 4
0 934 889 338 889
2 605 711
1 40 1
1 369 3
1 63 8
2 767 368
2 845 827
2 925 926
2 268 334
1 890 9
1 450 5
0 130 26 325 667
2 154 2
0 376 13 465 13
1 741 0
0 162 565 192 565
2 847 333
0 562 465 880 465
0 237 913 428 141
1 104 6
1 773 9
1 262 0
1 42 10
0 114 727 774 727
0 223 785 466 785
1 716 1
1 573 8
2 491 824
1 472 10
0 854 866 189 866
1 895 7
0 336 297 876 297
0 566 226 610 958
0 475 156 499 291
2 623 385
2 357 665
0 839 874 134 907
0 184 366 594 43
2 979 105
1 835 7
2 977 783
2 921 79
0 829 38 796 38
0 926 158 175 313
0 512 479 134 479
1 122 0
1 687 6
2 452 370
2 300 407
0 120 195 833 195
0 698 438 325 438
2 243 343
1 738 0
2 857 531
1 354 2
1 669 8
0 897 484 27 484
2 514 678
2 147 892
1 388 6
1 129 6
0 162 417 952 417
0 557 94 253 969
2 872 467
2 438 325
0 833 254 169 254
0 522 315 379 315
1 554 8
2 411 150
0 762 913 318 973
0 974 348 139 348
1 318 3
0 760 17 567 691
1 215 1
2 948 910
0 312 589 411 589
2 611 341
2 770 120
2 745 380
0 579 194 554 194
2 553 396
2 344 788
0 75 641 260 529
0 229 237 405 237
0 682 252 95 252
1 629 4
1 199 3
0 352 604 711 300
2 320 796
2 194 554
1 979 1
2 48 683
2 215 850
0 188 263 502 263
2 252 95
1 108 1
1 100 6
1 229 1
1 61 4
2 743 9
1 761 4
0 313 179 183 275
2 774 727
0 183 58 175 58
0 912 304 48 304
2 958 226
1 581 0
0 389 5 169 5
1 410 6
0 357 665 868 665
1 957 1
0 813 627 225 627
0 747 772 694 435
1 888 6
2 267 957
1 434 8
2 152 606
1 779 6
2 788 344
0 606 780 787 695
0 168 557 824 770
1 80 5
1 542 3
2 570 73
0 26 667 26 125
2 851 580
2 752 800
0 731 632 136 224
