964 981
10 10 3 6 6 9 4 9 8 1 6 3 5 10 9 0 4 2 10 6 9 7 10 2 7 5 7 4 9 10 1 10 9 10 8 7 8 3 5 3 0 9 5 10 0 1 10 10 0 5 6 8 3 5 7 3 7 8 5 0 10 4 9 1 8 0 0 5 0 7 0 4 10 0 3 2 2 4 1 8 1 0 6 7 5 6 3 2 1 3 10 3 9 7 7 8 5 5 9 4 1 0 7 9 1 4 8 6 4 2 8 3 4 6 1 1 5 5 9 2 1 5 10 6 1 9 4 9 6 5 10 5 3 8 9 10 6 0 8 0 7 4 2 9 10 3 2 0 9 8 0 6 2 2 8 3 4 4 3 2 4 1 0 0 9 6 3 3 3 0 1 1 3 8 9 1 6 7 5 0 3 9 7 0 7 8 9 8 3 3 7 4 3 8 2 8 10 9 9 8 2 10 4 2 6 5 5 9 7 9 3 1 4 10 6 2 5 6 5 0 3 3 9 6 9 7 7 1 3 3 8 0 5 4 8 0 10 7 0 9 7 7 2 3 2 1 1 5 9 7 10 7 1 2 10 6 4 1 3 7 10 1 8 10 3 7 10 4 8 4 6 4 10 7 10 8 4 10 2 5 3 7 4 4 10 8 10 6 8 4 8 2 0 5 6 2 0 7 9 4 5 8 2 8 6 2 4 4 5 1 4 2 8 10 7 8 6 9 0 4 9 0 6 10 6 2 3 6 8 5 9 4 8 4 2 10 7 0 1 0 10 6 1 1 6 8 5 8 9 6 3 5 6 5 9 8 5 2 0 4 3 5 0 0 9 8 7 4 1 1 4 8 0 8 0 5 4 8 3 8 4 1 0 8 1 10 3 3 6 5 2 10 8 7 0 3 5 4 8 2 0 4 2 2 6 1 5 3 7 6 3 3 8 7 2 4 9 5 6 4 4 4 6 0 3 9 8 1 1 7 7 0 5 2 2 3 2 8 6 0 2 2 3 5 5 5 8 3 4 4 2 6 3 1 8 8 3 4 7 1 5 3 2 6 0 2 10 5 3 5 1 10 2 2 0 2 6 6 8 4 9 6 10 6 0 7 1 3 1 10 4 8 6 10 2 1 5 2 0 0 1 1 8 5 9 9 7 10 8 9 10 3 0 7 9 2 9 0 10 4 5 8 6 9 2 0 0 10 10 7 3 10 6 1 6 2 5 9 2 9 2 3 9 2 1 4 5 6 3 10 6 9 3 6 2 3 3 2 5 3 0 10 8 9 5 4 6 6 9 1 8 7 9 4 4 0 7 6 1 8 1 0 4 9 3 2 5 2 0 10 4 0 4 1 4 3 6 0 10 4 4 3 0 2 3 8 8 1 1 0 8 3 6 10 2 3 3 9 10 10 9 0 6 3 5 9 5 7 8 4 4 5 1 4 5 0 6 10 9 6 3 0 7 6 2 9 9 3 3 3 3 4 10 6 3 8 0 1 10 10 8 1 5 3 4 3 3 4 3 10 4 3 2 3 1 8 3 2 9 4 3 6 7 10 1 8 0 2 5 8 4 2 1 2 9 0 6 7 3 4 2 2 4 8 2 8 6 3 10 0 0 6 5 7 2 0 3 0 9 7 4 0 4 9 5 10 1 0 2 0 2 10 5 1 3 8 4 3 2 10 4 6 7 3 8 3 10 3 5 9 9 5 3 2 7 6 1 1 2 5 0 10 1 2 1 2 8 5 0 5 8 5 4 8 1 3 0 5 7 3 7 7 10 6 7 3 0 0 5 1 5 3 1 7 3 10 9 5 4 4 0 10 5 6 2 0 0 8 10 0 3 3 6 6 2 3 0 5 4 3 3 1 4 0 1 5 3 9 9 7 8 9 10 0 0 3 0 2 3 3 6 9 8 6 3 2 7 1 5 0 2 0 6 7 6 6 5 10 1 10 9 8 2 9 9 10 2 3 4 7 8 2 5 6 8 6 2 1 7 7 6 10 10 0 4 7 6 1 8 4 8 7 3 5 9 0 8 9 9 0 9 2 9 7 9 6 8 1 10 6 9 8 5 10 7 3 10 6 9 5 2 3 2 3 6 6 1 8 9 5 4 1 4 8 9 6 7 3 8 0 8 5 2 7 8 2 1 7 8 8 1 6 6 4 8 7 3 0 1 2 2 0 8 10
773 139
139 7
7 948
948 663
139 879
773 355
773 62
663 303
773 433
355 86
773 506
773 20
355 922
7 308
506 212
20 326
433 667
879 143
20 222
506 717
7 489
308 961
303 392
222 809
303 191
326 730
139 935
7 78
879 910
212 577
303 311
773 822
311 79
961 14
809 565
79 608
20 739
392 799
577 172
667 693
773 865
935 550
565 710
303 372
663 505
710 111
172 720
865 623
948 515
910 929
7 307
355 880
730 157
157 302
78 378
879 271
730 185
505 801
880 853
302 955
302 176
311 823
79 411
176 470
823 918
717 944
20 668
910 84
720 33
922 37
801 103
955 354
822 133
623 909
879 153
139 349
271 863
505 304
79 626
720 536
710 438
438 301
185 108
108 162
577 903
103 126
944 70
948 564
929 386
355 931
162 263
191 837
693 294
505 146
301 607
133 648
126 450
944 173
668 592
372 105
37 555
565 330
303 552
172 874
608 528
84 613
717 589
667 762
433 269
823 576
139 680
126 113
773 662
680 314
623 356
62 52
662 882
717 631
470 468
330 627
955 563
411 636
662 790
853 41
37 496
717 159
41 684
799 725
111 846
326 331
33 657
301 228
720 341
935 535
433 317
822 233
948 186
307 350
341 548
799 265
903 757
720 310
576 907
846 652
809 596
33 872
331 476
105 695
739 806
948 729
317 561
809 777
739 758
146 656
153 437
777 55
212 502
355 619
108 460
378 241
528 768
438 252
663 410
386 374
506 491
563 857
162 906
265 22
103 408
308 339
143 400
22 781
496 615
146 651
212 216
52 751
14 519
720 169
489 224
105 666
636 264
241 689
922 328
252 951
433 85
608 664
133 569
951 794
564 714
70 168
314 421
710 540
853 187
496 736
823 559
880 384
823 227
222 48
758 461
931 827
922 136
710 712
241 434
903 671
907 478
187 76
563 776
263 35
62 485
78 705
505 251
751 578
705 18
438 780
14 832
433 420
485 472
663 500
648 416
872 239
162 745
62 766
265 189
710 418
111 585
224 862
269 432
421 743
874 899
304 551
349 748
157 312
809 257
585 525
627 487
880 361
386 315
460 556
525 953
330 412
450 866
619 367
773 77
730 507
304 672
627 688
608 709
392 121
308 639
948 45
386 582
35 389
758 144
121 518
564 47
790 5
777 542
780 431
866 534
263 151
559 531
507 560
186 691
356 125
748 936
450 475
534 877
745 939
525 894
125 921
668 501
880 795
70 156
186 573
525 442
257 368
304 831
906 180
368 448
22 175
671 818
656 97
573 924
921 128
809 68
548 28
894 75
301 782
186 740
695 58
105 753
212 816
794 343
410 430
460 122
136 223
22 465
560 792
693 127
20 82
328 117
608 708
269 114
52 250
623 221
608 279
922 624
753 38
717 422
271 655
758 642
86 147
224 912
408 134
577 201
790 359
75 787
48 469
172 834
780 198
374 236
768 774
725 370
787 521
768 235
774 716
853 292
432 231
953 674
180 210
442 692
792 902
58 503
412 547
693 530
531 39
899 439
410 406
144 594
501 99
910 645
223 12
569 715
880 286
794 67
795 523
645 932
153 843
18 246
865 441
136 802
781 957
114 789
503 360
865 261
716 164
147 697
472 597
695 889
442 817
766 152
872 61
748 69
315 278
730 443
689 637
714 193
902 838
809 407
692 791
157 398
781 435
907 952
834 32
330 516
125 546
422 268
645 628
818 833
951 786
400 954
121 750
642 260
442 704
317 960
105 188
704 641
907 735
450 409
781 509
430 300
310 681
143 63
188 840
77 381
223 771
310 527
715 417
748 57
791 830
315 81
175 376
939 898
125 807
535 4
489 402
97 686
730 148
951 10
48 424
370 495
461 399
766 218
552 517
176 138
439 130
235 115
175 183
361 785
84 895
597 669
910 80
802 3
80 811
239 91
164 676
32 457
183 158
84 499
909 484
578 282
624 504
720 587
310 687
343 788
264 208
198 163
4 36
278 699
485 958
153 6
523 844
52 44
421 226
689 254
840 747
402 959
79 854
948 764
729 141
495 107
811 541
773 240
792 9
499 274
794 649
410 342
268 56
496 514
381 51
233 888
921 738
188 685
674 253
691 819
729 543
762 571
75 284
564 458
412 937
807 170
252 364
485 870
163 280
699 913
226 770
865 34
354 590
541 765
402 60
223 106
271 545
503 690
317 586
381 824
924 196
364 199
484 440
32 149
736 562
384 332
628 661
37 396
789 413
515 683
676 763
504 15
175 318
661 544
386 706
615 142
517 65
787 873
282 365
489 237
774 598
4 533
301 482
482 858
536 391
6 426
252 423
699 93
292 419
533 390
85 679
39 401
833 229
374 100
607 678
133 83
62 26
47 938
392 131
438 184
822 17
341 329
218 861
35 892
163 88
158 27
689 297
909 524
764 179
318 243
368 54
747 275
99 192
765 942
517 288
432 90
143 71
961 298
562 733
768 336
786 532
664 92
846 632
676 403
401 31
187 847
833 616
672 558
33 397
4 25
100 508
551 337
725 875
413 123
52 867
123 53
227 855
799 347
795 945
10 798
687 493
170 611
403 74
75 16
909 538
402 513
802 793
61 405
745 815
550 316
508 481
958 896
898 281
216 618
312 567
88 306
770 775
138 357
400 272
706 852
63 363
83 769
692 881
786 609
227 290
607 225
787 13
938 700
597 805
690 579
341 473
668 946
693 718
157 211
880 362
946 845
328 467
863 917
641 1
889 161
716 820
84 851
543 373
212 305
397 883
615 583
739 166
235 812
457 451
115 760
196 511
870 358
577 285
76 327
241 665
374 653
71 539
672 732
586 145
685 612
58 471
184 864
347 905
470 943
587 759
99 634
481 778
128 779
569 479
403 171
544 220
790 800
460 640
857 87
482 890
684 871
355 194
419 445
4 204
870 255
560 483
907 262
733 154
788 477
523 498
501 622
895 160
67 842
957 295
328 941
468 520
17 287
1 273
948 104
665 772
144 850
634 266
153 868
158 711
816 893
699 455
495 383
226 707
799 860
312 605
173 299
655 351
330 727
402 24
671 182
152 803
612 574
78 876
762 456
577 276
278 625
61 600
845 836
874 98
669 603
846 673
936 319
613 783
341 593
961 335
317 916
738 581
812 155
80 230
85 140
92 132
448 620
470 962
531 346
921 721
504 713
269 459
906 926
519 181
589 526
932 320
342 242
47 404
795 217
410 682
419 835
114 50
440 734
655 698
918 947
799 869
84 190
106 754
33 395
502 66
335 737
873 901
865 925
459 43
777 797
3 828
618 920
517 203
70 647
496 915
418 886
295 591
795 602
877 215
809 575
148 453
876 249
273 658
441 247
685 165
356 825
217 313
861 425
943 334
751 510
717 703
513 234
254 701
140 554
693 643
547 167
526 102
496 348
517 8
373 414
615 887
151 722
619 371
318 344
478 219
561 21
231 23
168 289
52 19
1 646
569 644
239 804
546 566
357 436
612 388
625 606
518 474
18 584
642 454
938 124
344 64
271 956
51 814
860 259
545 345
649 46
734 428
547 829
686 512
889 353
133 494
411 826
926 206
361 885
791 129
104 95
326 30
392 338
347 911
870 928
709 112
31 599
926 675
757 726
899 784
536 914
785 213
114 291
114 452
612 553
605 549
745 588
926 380
962 810
598 463
866 572
390 449
123 293
511 490
945 638
880 214
678 670
829 761
817 604
606 49
569 557
194 73
893 617
503 755
521 933
498 393
933 522
253 629
490 205
410 415
73 244
832 719
331 366
476 0
809 744
13 352
540 480
302 841
113 333
585 570
384 849
358 377
640 610
212 919
826 856
19 621
319 839
318 752
616 119
558 486
490 601
133 723
289 859
198 492
834 110
34 464
647 529
287 29
875 488
811 934
544 949
417 746
34 950
391 728
692 245
522 821
664 660
378 908
129 379
454 120
156 940
632 296
44 385
459 429
7 884
490 118
681 321
346 309
788 101
352 174
728 630
792 178
17 580
237 325
888 137
301 340
556 387
926 724
717 207
812 394
349 177
776 232
847 283
522 497
215 897
204 891
451 96
589 209
457 927
341 427
957 878
53 537
842 195
509 904
794 796
644 462
44 277
145 702
66 595
262 654
442 109
78 848
769 150
546 756
553 324
682 696
192 813
916 11
572 447
409 742
216 59
331 94
17 197
0 248
606 677
648 200
562 930
114 369
281 808
332 42
134 2
895 258
820 40
934 635
786 270
239 322
127 741
92 238
812 116
493 633
562 767
119 446
672 900
908 375
114 323
878 135
145 731
307 749
626 267
759 568
713 256
325 202
875 72
904 650
366 659
405 694
636 89
420 963
683 382
593 466
275 614
335 923
727 444
0 624 504 163 256
0 926 724 337 724
2 865 34
1 808 2
0 709 112 922 112
1 477 8
0 317 960 738 960
2 410 663
1 299 1
2 97 656
0 226 770 730 775
0 668 501 249 501
1 736 6
0 7 489 751 513
0 846 652 347 652
1 949 8
1 275 6
2 865 34
0 70 168 156 168
0 541 765 572 942
1 868 4
1 173 10
0 636 89 553 89
2 607 678
2 395 33
1 137 6
2 777 55
2 602 795
2 343 788
2 501 622
1 859 10
1 378 10
2 342 410
2 640 610
0 482 890 186 890
0 400 272 585 272
0 944 70 536 168
0 7 78 271 634
0 628 661 736 949
0 341 548 673 28
1 627 5
1 934 2
0 133 648 879 648
1 544 4
2 689 254
0 374 236 767 236
0 644 462 223 462
2 328 467
1 808 3
1 93 7
2 313 217
0 269 114 187 114
0 498 393 505 393
1 235 2
2 14 832
0 249 501 705 13
1 882 4
1 494 2
0 695 889 780 353
0 728 630 707 630
0 534 877 741 897
1 625 7
2 907 735
0 47 938 423 700
1 776 3
1 111 8
1 146 10
2 501 622
2 386 706
1 420 6
2 193 714
2 952 907
2 518 474
2 943 470
2 411 826
0 517 8 645 8
2 32 149
0 853 187 140 293
1 833 3
2 523 795
0 433 317 711 11
0 802 3 895 828
2 717 589
1 25 1
1 712 0
2 439 130
1 539 3
0 773 506 433 833
1 872 10
0 563 776 797 232
0 717 207 19 207
2 467 328
0 175 318 278 344
1 110 10
1 525 4
0 481 778 268 778
2 799 347
2 506 717
2 870 485
1 619 2
1 447 4
0 381 824 689 824
2 358 870
2 909 538
2 517 288
0 623 356 263 921
0 671 182 379 182
1 940 3
2 33 720
0 410 342 460 242
1 127 1
0 642 260 907 260
1 682 1
2 773 139
2 141 729
1 275 8
2 78 848
2 361 885
1 406 0
2 392 303
2 432 231
1 567 10
1 711 8
2 281 898
0 955 354 342 354
2 325 202
1 806 9
2 880 286
1 292 0
0 441 247 251 247
1 499 8
2 123 413
0 961 14 577 719
2 693 718
0 895 160 48 160
1 544 7
2 948 104
0 619 367 774 367
0 773 355 84 147
0 899 784 632 784
1 57 0
2 228 301
1 927 6
2 58 695
2 312 157
1 485 8
1 431 4
0 561 21 700 21
0 80 230 387 230
2 820 40
2 952 907
2 845 946
1 293 0
2 192 813
2 878 957
1 97 4
2 273 658
0 863 917 557 917
1 42 0
0 578 282 4 282
0 7 948 374 768
0 460 122 879 122
0 461 399 909 399
1 124 8
0 713 256 15 364
2 263 35
2 188 685
1 937 2
0 356 125 825 878
1 778 4
1 125 3
0 344 64 503 64
2 263 921
2 301 607
2 533 390
0 788 101 734 101
0 899 439 935 439
2 156 940
1 498 7
2 873 901
0 269 459 242 459
1 189 4
2 717 589
2 730 507
2 126 450
2 689 297
0 442 109 386 109
1 459 10
2 105 753
1 938 4
1 574 9
1 454 5
1 679 9
1 790 10
0 307 350 926 350
0 485 958 771 958
1 320 10
1 573 3
0 364 199 273 199
0 781 957 12 295
2 85 679
0 302 955 808 857
2 928 870
1 191 7
0 12 295 625 957
2 606 625
1 923 8
2 669 603
1 934 9
0 545 345 253 345
1 656 6
2 108 185
0 384 332 421 332
0 73 244 67 244
1 243 4
0 412 937 402 937
2 648 879
0 304 551 103 724
0 62 52 120 867
1 795 5
0 730 157 319 468
2 484 440
1 155 0
1 746 2
0 880 362 846 362
2 401 31
2 616 833
1 171 0
1 362 10
2 470 176
2 521 787
2 334 943
1 790 2
0 358 377 595 377
0 125 807 222 611
0 433 85 150 123
0 145 731 957 731
1 245 3
2 736 949
1 211 6
0 252 364 240 15
2 845 836
2 139 773
2 777 797
2 442 704
1 112 1
2 667 762
2 436 357
2 657 33
0 748 936 629 312
1 802 4
0 593 466 536 466
1 148 6
2 916 11
1 346 5
0 31 599 815 599
1 607 3
0 673 28 931 28
2 665 241
2 713 504
1 41 9
0 61 600 392 600
0 788 477 496 477
1 758 0
2 892 35
2 271 863
1 837 6
2 308 7
2 922 37
0 809 744 786 744
2 364 15
0 667 693 148 693
0 842 195 366 195
0 76 327 674 327
0 390 449 663 449
2 808 857
1 91 7
2 636 411
0 319 468 839 878
2 861 218
1 146 6
2 13 352
0 401 31 560 31
2 799 265
2 325 202
2 458 564
2 644 569
2 330 412
2 302 157
0 730 185 681 263
0 773 240 105 364
1 863 5
1 448 9
1 759 8
2 47 404
1 961 0
1 185 1
0 685 612 171 89
2 290 227
2 359 790
0 612 553 574 4
1 421 1
0 32 149 613 149
0 572 942 953 942
2 681 263
0 818 833 502 934
2 310 687
2 803 152
1 830 2
1 56 5
2 133 822
2 681 310
1 246 4
2 681 321
1 178 3
2 870 358
0 693 643 639 643
1 690 4
1 296 9
0 691 819 665 819
1 219 2
1 141 5
1 273 9
2 700 21
1 954 6
2 573 924
2 248 0
0 558 486 403 486
1 693 2
2 757 726
2 76 187
2 89 553
0 460 556 593 230
2 769 83
1 876 3
2 459 429
1 154 1
1 307 7
2 44 52
0 331 476 111 0
0 961 335 898 923
0 460 640 771 610
1 334 1
0 335 923 335 595
0 834 32 921 457
2 746 417
2 191 837
1 840 5
2 698 655
1 369 9
1 47 9
1 336 10
1 112 6
0 10 798 536 798
0 7 884 758 884
0 140 293 85 353
0 86 147 286 608
0 560 792 953 792
2 222 809
2 308 639
2 290 227
2 656 146
2 253 629
0 400 954 623 954
1 785 3
1 448 8
2 910 879
0 346 309 595 309
0 762 571 663 571
0 78 876 92 876
2 961 298
0 454 120 349 237
0 577 719 298 832
2 485 472
1 729 9
0 632 296 467 296
0 361 785 738 785
2 818 671
0 615 583 57 583
1 398 3
1 767 10
0 308 961 720 519
2 505 393
0 77 381 460 814
0 355 619 180 619
2 845 836
0 237 325 326 202
0 298 832 961 180
0 957 878 366 319
1 183 10
1 625 0
0 773 865 844 34
0 303 372 738 755
0 254 701 898 701
2 81 315
2 433 420
1 684 0
1 681 1
0 948 104 393 95
1 539 7
0 922 37 894 37
2 799 860
0 812 155 611 155
1 342 2
0 0 248 157 248
2 304 505
2 84 190
0 44 385 522 385
0 812 394 410 394
2 438 780
1 761 5
1 316 8
2 366 195
1 378 2
2 266 634
2 762 456
1 921 0
0 853 41 489 871
1 364 7
0 961 180 961 48
2 663 410
1 459 6
0 907 952 885 952
1 566 0
0 958 896 694 896
2 771 223
2 930 562
2 400 143
2 140 554
2 818 671
0 790 5 260 5
0 140 554 857 554
2 794 796
2 615 887
1 647 1
0 67 244 656 244
2 430 410
2 621 19
0 636 264 484 264
1 263 6
2 226 707
0 794 67 368 842
2 879 122
1 577 2
0 496 736 922 562
2 761 829
2 705 18
0 467 296 626 296
1 840 8
0 331 366 105 659
0 795 945 317 638
0 595 309 866 309
2 847 283
0 386 582 235 582
1 332 6
2 855 227
0 693 294 774 294
2 85 140
1 300 10
1 224 9
1 336 6
2 410 415
1 622 5
2 212 305
2 402 513
0 799 265 148 904
1 298 7
1 880 7
2 383 495
1 495 7
2 418 710
2 634 271
2 672 732
0 626 296 820 296
1 522 7
0 442 817 303 604
1 666 4
1 707 3
0 505 801 68 337
1 538 1
0 341 329 89 329
1 496 1
0 403 74 519 74
2 164 676
2 625 278
0 663 571 120 571
0 663 505 608 104
1 865 4
0 513 234 387 234
2 223 771
2 953 942
0 79 608 401 503
2 275 614
1 23 9
2 205 490
1 496 0
2 420 963
1 72 3
1 505 9
1 516 0
2 502 212
0 484 440 281 734
2 795 523
1 950 7
2 148 693
1 52 0
2 544 661
1 115 10
2 302 176
1 103 6
0 773 822 85 569
1 582 8
1 931 4
2 103 801
0 939 898 736 701
0 574 4 612 138
1 585 6
1 546 2
1 1 4
1 548 6
2 871 489
2 773 62
1 456 3
2 653 374
1 750 0
0 335 595 737 465
0 265 22 189 239
2 745 939
1 428 6
1 131 7
1 166 1
0 105 753 626 38
2 264 484
1 856 2
1 428 5
1 39 1
2 309 866
1 144 0
1 781 5
1 815 4
1 686 6
1 584 10
2 146 651
2 573 924
2 694 405
2 114 187
2 859 289
2 736 701
2 6 153
1 346 9
1 145 9
2 692 791
2 585 111
1 299 4
2 782 301
0 215 897 877 635
2 52 19
0 623 954 47 954
0 204 891 494 891
1 302 8
0 52 250 385 250
2 887 615
1 155 5
2 649 794
1 604 8
1 380 10
1 188 1
1 71 2
1 773 5
2 377 595
2 283 847
2 730 507
1 131 8
2 418 710
1 370 5
0 781 509 183 601
0 84 851 787 851
0 78 705 689 128
1 484 9
2 904 148
0 509 904 509 739
0 951 794 100 343
2 490 118
0 786 744 649 744
0 861 425 648 425
1 223 4
1 794 3
0 902 838 860 838
1 412 8
1 489 3
2 748 57
0 536 168 880 156
1 346 4
0 562 930 594 930
2 36 4
2 84 499
2 511 490
1 728 2
1 733 4
1 497 2
2 418 886
2 693 127
2 48 160
0 44 277 310 277
2 601 183
0 661 544 661 669
2 720 536
2 507 730
0 63 363 400 363
2 0 111
1 131 1
0 271 863 634 863
2 95 104
0 689 297 367 297
1 234 4
2 176 138
1 254 7
0 507 560 683 483
0 163 88 396 306
1 758 4
2 944 717
0 349 177 192 177
2 766 62
0 133 569 197 366
1 641 1
1 621 9
2 586 317
0 100 343 799 794
1 385 5
2 254 689
0 717 589 773 589
2 549 605
2 830 791
2 794 796
1 845 10
0 506 717 660 422
1 137 1
0 615 887 870 887
2 19 52
0 759 568 522 568
0 147 697 386 697
2 888 137
2 320 932
2 61 872
0 612 388 241 388
0 720 341 767 387
1 547 3
1 750 1
2 711 11
1 112 3
2 453 148
1 80 5
2 114 369
0 522 385 576 250
0 577 172 374 378
2 192 99
2 938 124
1 728 6
1 43 8
0 239 804 854 804
0 773 77 525 77
0 58 471 352 471
0 189 239 265 953
0 168 289 906 289
1 559 2
0 448 620 717 620
0 564 458 931 458
2 822 17
1 355 5
1 869 10
2 47 564
2 139 349
0 494 891 25 891
0 392 121 138 121
1 104 9
1 853 5
1 188 8
2 714 564
1 520 7
1 73 1
1 58 9
1 450 1
0 734 428 378 428
0 671 818 739 818
2 695 105
0 787 873 401 873
1 777 0
1 750 3
0 113 333 939 333
0 523 844 331 865
0 33 395 339 395
1 105 2
0 794 343 4 788
1 744 3
2 577 201
1 130 9
2 307 7
2 462 223
2 577 285
2 136 922
2 958 771
0 768 336 419 336
1 244 6
1 780 3
0 720 310 719 99
2 110 834
1 101 5
0 608 279 774 279
2 689 128
2 281 734
2 355 931
2 302 176
2 608 664
0 222 48 84 48
2 107 495
0 490 205 934 205
0 420 963 926 963
1 665 10
0 589 209 336 209
0 780 353 910 557
0 103 126 853 866
2 741 127
0 326 331 262 909
2 240 15
2 114 50
0 183 158 311 11
2 689 824
2 245 692
1 81 8
0 665 819 149 819
0 787 13 456 471
2 781 22
1 826 5
0 870 358 417 358
2 939 333
2 18 246
2 186 691
1 9 6
0 105 695 275 388
0 935 535 694 535
0 152 803 340 803
2 376 175
2 574 612
0 686 512 366 512
1 198 1
0 816 893 421 893
2 672 900
1 416 7
2 368 842
2 921 128
2 812 116
2 625 606
0 336 209 903 209
1 517 1
2 299 173
0 216 618 684 920
2 482 301
2 422 268
1 751 10
2 942 953
1 172 7
1 313 4
1 59 8
2 502 212
2 496 915
2 629 253
1 533 3
2 19 52
0 71 539 172 539
2 299 173
1 198 6
1 556 2
1 144 0
1 283 9
0 745 939 81 333
1 805 10
0 156 168 117 168
0 33 872 598 788
0 262 909 549 484
1 553 5
2 193 714
2 962 470
1 618 1
2 307 749
1 694 9
1 135 10
2 186 691
2 710 712
2 608 709
1 599 2
2 718 693
2 700 21
2 809 257
0 387 230 624 341
0 172 874 830 899
1 323 8
2 623 221
1 613 5
2 393 505
1 55 2
0 844 34 844 479
2 951 786
0 188 685 476 165
2 144 594
0 517 288 252 288
1 98 4
1 397 2
2 153 843
0 710 438 357 423
1 507 4
1 804 7
0 822 233 870 888
1 586 3
1 55 10
1 754 8
1 645 1
1 181 3
0 738 785 565 785
1 809 1
2 505 251
1 918 10
1 537 8
1 367 2
0 903 671 367 671
0 265 953 189 155
2 411 636
0 430 300 0 300
1 514 5
2 92 664
1 726 3
0 774 367 470 297
0 662 882 894 882
0 198 492 97 492
0 7 308 104 639
1 794 5
2 8 645
0 809 575 649 575
2 727 444
0 932 320 909 320
2 392 131
2 792 9
1 248 9
1 585 3
0 386 374 830 737
2 306 88
2 423 252
1 797 9
2 543 729
0 318 243 42 243
1 614 3
2 347 911
0 97 492 16 492
0 149 819 506 819
0 668 592 739 592
1 276 10
1 713 5
0 563 857 955 281
0 114 789 76 38
0 720 519 536 48
0 577 201 741 201
0 809 777 372 542
1 668 3
2 157 312
0 948 45 535 45
1 606 2
1 696 4
1 730 0
2 64 503
2 864 184
0 6 426 842 426
0 593 230 865 230
1 709 4
2 769 83
0 505 393 505 525
1 399 5
0 515 683 347 560
0 926 963 134 963
2 408 103
2 267 626
0 880 156 879 70
1 534 3
2 328 117
1 485 9
1 915 6
2 134 963
0 680 314 20 707
0 645 8 855 8
0 879 153 20 868
2 953 525
2 175 376
1 247 2
1 115 5
2 958 771
2 524 909
1 491 7
2 225 607
1 387 1
0 889 161 879 161
2 410 663
0 241 388 953 366
0 822 133 627 53
2 856 826
1 669 5
0 717 703 285 703
0 710 418 588 418
2 478 907
1 370 9
0 490 601 374 247
2 456 762
1 901 10
1 235 4
2 906 162
0 921 457 826 96
0 301 607 318 670
0 123 53 150 326
0 536 798 410 798
1 3 7
2 663 303
0 332 42 846 243
2 190 84
2 542 372
2 159 717
2 212 305
1 109 8
2 4 25
2 667 762
2 148 730
2 689 241
0 85 140 559 140
2 730 148
2 587 759
0 560 31 128 31
1 582 6
2 282 4
0 153 6 112 6
1 736 2
1 658 3
1 922 8
1 541 9
2 583 57
2 639 308
1 535 9
0 885 952 873 952
2 792 953
1 281 3
2 767 387
2 929 386
0 349 748 314 57
1 37 9
2 324 553
1 699 7
2 172 834
0 833 616 328 446
1 253 2
2 114 187
2 835 419
2 200 648
2 901 873
0 790 800 537 800
1 431 6
1 782 8
0 573 924 349 490
0 158 711 27 302
0 879 271 857 99
0 922 562 757 501
1 58 9
1 718 0
1 260 9
2 295 957
1 894 4
1 362 7
2 860 259
2 31 128
0 373 414 48 414
1 825 5
0 184 864 929 864
0 936 319 936 683
2 14 519
0 111 0 557 165
2 312 567
2 139 773
