969 920
7 3 2 6 1 0 1 6 1 5 7 5 7 0 1 9 1 2 10 7 0 5 9 1 3 4 7 9 4 7 0 1 5 3 10 1 9 9 7 0 2 8 1 3 10 10 0 2 8 2 6 1 10 5 3 5 0 1 6 5 9 4 6 7 3 2 9 9 9 2 5 2 2 6 10 4 4 3 5 6 5 10 2 10 9 7 6 7 9 4 9 9 1 6 0 3 2 10 3 6 1 10 10 2 2 9 1 8 0 2 5 1 7 6 4 0 9 10 9 7 4 8 2 5 2 9 6 6 9 8 6 2 6 1 6 9 1 3 2 10 8 3 4 7 9 3 5 9 10 3 6 8 7 6 10 2 1 10 10 1 2 8 9 6 7 7 2 10 3 3 2 10 6 5 2 2 3 7 8 3 2 4 8 10 6 7 3 0 0 7 8 1 3 5 10 10 10 7 8 9 1 0 10 2 0 5 10 8 1 10 0 8 3 5 10 9 9 6 10 8 1 5 5 0 8 10 8 9 8 8 7 2 3 6 9 5 2 2 2 9 1 2 9 10 7 6 2 5 5 3 2 9 9 4 2 0 4 5 1 2 2 0 4 0 2 1 0 0 10 10 3 7 8 4 7 6 5 8 6 6 0 6 10 7 5 2 4 2 1 2 8 2 7 9 8 4 2 10 2 5 7 7 7 8 6 2 0 7 5 10 8 9 9 3 1 4 7 8 6 1 8 2 6 2 7 1 4 3 10 1 6 2 8 10 2 1 3 2 3 10 8 7 3 9 8 5 7 2 2 7 4 7 0 10 4 2 9 4 3 7 5 3 10 6 9 7 10 10 4 10 2 2 6 5 3 7 7 10 0 4 8 2 4 2 1 0 6 10 8 0 7 5 6 3 3 7 4 1 7 4 9 10 10 4 4 2 3 3 2 6 10 3 8 5 4 8 3 0 4 3 3 9 4 7 2 3 10 6 0 0 10 3 2 4 6 7 6 5 8 4 4 1 5 2 8 7 9 2 6 4 0 0 0 9 7 10 8 1 7 4 7 5 4 0 8 1 10 8 5 0 3 6 7 10 8 7 9 2 0 2 1 3 9 2 3 5 2 0 4 0 10 6 5 0 3 1 0 5 7 0 0 7 8 5 3 1 2 10 7 10 5 3 4 9 6 10 4 4 4 4 5 10 3 1 4 0 3 4 4 5 9 1 1 8 1 10 7 5 9 2 6 0 2 0 4 8 3 5 9 10 5 3 10 10 5 10 7 5 9 6 6 7 7 6 2 6 0 6 4 10 8 9 4 4 8 10 6 1 10 1 0 5 4 5 8 8 7 10 4 2 6 0 5 4 10 1 5 5 9 10 5 0 7 5 9 5 3 1 8 0 1 4 8 10 2 5 9 2 9 9 4 5 7 9 7 0 2 0 5 4 3 7 10 10 2 0 6 10 4 4 1 6 8 10 1 1 9 6 5 1 4 2 2 1 1 9 1 6 2 6 2 5 5 7 2 6 0 4 7 5 5 5 3 3 8 5 3 7 3 2 6 3 5 3 0 5 1 8 1 5 4 8 2 1 5 7 8 2 1 6 9 0 6 10 5 2 2 10 3 4 5 3 9 1 10 5 1 0 5 10 1 4 0 10 5 1 7 9 2 4 8 4 10 8 6 3 1 2 3 9 5 6 9 7 9 10 10 10 7 0 6 8 10 9 5 0 10 7 5 10 7 5 0 8 6 2 9 2 8 1 8 9 8 8 8 4 5 5 3 1 7 3 3 4 1 6 2 7 7 2 10 1 4 4 5 1 0 8 8 4 7 4 7 5 10 9 5 2 5 8 2 8 9 1 6 1 0 7 8 5 2 1 5 10 10 4 6 5 7 8 7 9 6 7 1 4 6 9 6 6 10 2 9 10 3 3 2 4 8 6 5 8 7 7 0 4 6 1 9 9 0 3 5 4 6 4 3 3 7 5 2 6 0 7 8 2 5 6 4 1 7 1 6 10 9 1 1 7 0 6 7 9 3 5 3 6 1 0 9 7 9 3 7 7 5 9 0 8 5 5 1 1 4 2 3 9 2 10 3 1 9 10 1 10 7 6 10 10 6 5 4 4 10 10 4 6 4 10 3 1 6 6 5 9 5 8 0 5 7 1 6 2 6 6 0 6 10 1 8 6 0 0 3 5 8 3 0 9 6
859 306
306 227
227 905
859 482
482 570
227 898
570 12
898 607
905 490
607 507
490 467
898 582
859 336
582 455
490 537
467 843
336 554
507 571
306 193
537 829
12 217
306 129
129 801
607 867
217 606
859 288
129 548
227 643
467 337
607 840
306 260
260 94
337 232
570 146
548 858
217 581
607 74
227 81
581 498
217 937
581 223
606 841
643 278
146 147
337 170
467 869
537 371
81 215
170 728
829 296
606 497
498 396
607 410
306 469
898 889
74 208
937 929
337 874
94 633
507 952
306 834
490 113
829 316
581 25
146 613
482 793
337 526
843 584
490 231
582 289
337 252
582 270
898 471
728 116
147 290
94 659
929 453
898 683
193 213
25 434
289 517
215 794
371 924
858 729
81 823
924 77
507 140
633 359
497 21
834 941
213 483
213 204
874 594
507 27
823 331
937 751
21 564
581 309
270 491
306 713
204 901
309 474
215 14
453 592
728 540
859 813
252 885
885 757
260 910
217 152
260 475
217 556
288 276
12 572
469 877
497 583
491 755
507 151
613 524
859 710
27 661
396 780
823 315
170 716
570 457
751 618
594 319
474 166
208 651
606 389
606 15
507 413
898 893
537 943
319 553
594 522
482 881
336 876
858 512
683 892
483 873
594 300
278 715
81 301
570 782
564 48
27 449
554 895
729 717
316 10
490 940
140 180
413 189
873 148
129 56
874 640
877 233
152 391
21 243
457 839
301 513
606 398
469 521
410 329
276 344
301 198
319 100
252 76
146 667
337 360
929 601
152 775
490 617
10 183
215 844
522 379
843 165
469 318
300 863
309 393
892 689
491 569
940 764
710 916
952 262
12 226
213 122
564 739
801 627
873 7
901 644
863 646
359 820
152 883
943 36
146 85
801 400
916 579
223 649
522 879
198 768
606 558
213 748
883 796
208 264
905 310
905 817
796 34
379 414
839 478
540 807
85 821
594 777
796 950
522 774
414 416
748 422
94 650
140 297
289 162
777 177
893 281
841 71
713 378
396 65
627 815
189 585
540 520
571 84
716 680
667 772
554 725
300 735
801 200
416 83
48 80
839 225
874 711
548 294
10 366
801 575
329 304
183 381
15 11
582 681
858 119
379 221
14 441
643 915
579 798
820 938
379 506
21 201
410 145
474 51
901 373
225 917
772 700
807 848
80 266
497 325
681 945
883 3
389 669
414 586
728 740
410 828
683 515
570 899
398 327
659 897
441 153
491 250
521 235
180 132
81 255
36 932
798 326
524 334
780 401
289 159
932 546
147 508
334 54
564 272
950 827
334 377
309 239
924 195
113 339
301 133
145 668
633 417
848 163
915 123
469 622
681 544
748 690
159 238
309 22
276 632
689 608
515 657
239 809
204 59
12 954
59 652
940 70
863 830
276 91
243 694
336 559
85 321
195 477
640 718
657 256
689 903
133 108
659 209
10 443
260 199
646 438
310 372
517 749
54 678
70 860
652 655
316 957
391 333
739 228
508 831
544 155
520 658
372 60
306 563
94 203
915 720
84 267
768 686
71 384
152 802
91 224
457 567
477 887
938 766
133 38
243 87
231 249
522 114
180 190
807 171
377 826
140 886
290 172
76 68
827 456
325 466
288 779
22 900
512 733
689 906
471 403
315 705
391 960
119 619
262 128
306 580
371 660
725 431
204 120
266 719
414 703
145 921
548 599
180 759
686 380
599 124
316 234
830 168
159 609
841 958
579 134
759 432
937 731
159 695
168 118
7 63
622 418
68 355
660 485
438 612
731 328
775 538
809 263
570 251
249 539
15 445
839 765
581 439
694 412
255 28
403 726
336 499
201 342
80 236
757 792
895 799
235 214
422 351
319 773
36 931
612 186
807 406
418 473
719 280
51 685
74 20
564 753
260 519
522 419
540 697
860 19
100 836
863 248
306 578
475 35
200 157
757 712
413 714
613 679
834 880
660 682
189 962
513 872
564 265
659 105
580 628
491 305
105 433
782 104
400 913
715 31
695 939
823 602
546 684
54 324
209 103
217 923
165 670
339 230
351 240
703 58
950 207
893 332
225 246
321 385
250 866
681 13
553 62
148 245
823 696
38 465
950 388
617 918
793 790
240 671
834 637
336 870
272 850
753 737
607 865
449 708
152 745
772 470
657 541
809 156
843 930
836 308
640 427
478 966
221 181
515 261
233 555
325 588
384 30
418 194
68 811
737 358
943 61
471 47
633 550
162 258
497 747
499 948
821 698
85 173
708 674
151 392
482 16
717 964
65 590
588 285
252 2
815 479
193 762
921 648
546 426
477 357
65 37
215 219
414 752
103 423
865 8
892 4
937 350
628 615
230 229
300 127
194 82
389 786
309 946
127 40
618 562
441 944
260 424
915 778
34 638
147 78
228 125
906 968
748 784
863 851
445 397
355 363
762 462
221 787
2 6
248 528
68 287
646 691
334 404
51 26
350 69
848 138
334 302
302 673
646 593
114 349
588 871
406 565
433 816
290 531
898 375
360 17
381 345
710 90
633 407
35 53
539 75
186 420
155 936
62 687
613 273
439 154
583 399
83 891
571 495
563 211
396 630
477 73
172 611
483 911
25 647
294 257
258 46
538 451
870 425
932 340
513 761
646 822
54 492
432 137
193 144
910 33
281 756
76 763
876 664
332 352
753 279
556 202
512 41
315 376
151 92
607 330
879 741
741 701
539 692
257 894
716 934
441 639
710 44
252 476
895 448
932 367
695 516
309 634
900 394
155 610
410 543
558 382
262 57
671 164
735 665
377 878
921 429
786 442
366 730
622 603
924 591
716 896
331 666
56 452
564 853
896 955
25 810
11 551
611 800
651 523
764 314
118 126
36 274
673 549
465 675
133 791
661 421
413 953
48 142
152 552
475 527
571 825
243 577
747 97
462 42
465 626
937 109
181 805
917 861
940 641
83 386
378 184
73 176
228 951
523 744
401 845
634 191
91 86
665 244
801 218
376 364
579 494
304 856
172 55
385 732
520 956
92 387
153 52
773 484
104 95
825 722
355 369
751 277
747 654
836 160
602 635
839 754
843 605
716 317
565 45
651 106
60 307
874 746
387 320
774 338
345 750
305 343
851 102
613 672
109 760
201 645
859 356
527 461
655 178
211 724
938 919
92 721
81 437
615 253
968 143
448 428
30 292
671 557
448 361
355 24
858 179
132 514
544 130
327 736
179 561
696 704
673 621
708 259
650 568
273 101
127 49
173 463
85 383
490 197
366 933
255 653
328 743
236 269
290 908
152 50
792 767
177 677
400 32
265 922
124 67
36 904
349 882
97 788
82 444
718 196
741 600
841 864
830 111
601 542
725 604
820 625
140 222
582 533
200 460
653 365
393 854
788 529
307 875
213 282
687 847
465 313
410 776
705 182
811 623
328 23
582 299
371 174
28 121
919 595
257 169
357 573
102 547
875 927
67 868
690 663
524 502
313 368
125 818
285 480
689 501
47 642
847 187
200 96
777 472
108 458
365 574
363 354
292 175
469 636
377 781
719 136
431 216
776 430
690 959
927 291
103 415
557 341
217 283
252 723
159 5
773 614
42 849
556 925
568 149
681 888
449 185
697 481
383 804
641 295
175 797
235 268
173 79
617 833
282 758
641 727
62 271
759 949
833 857
22 275
134 9
856 454
663 631
372 734
354 346
716 18
863 963
300 66
719 965
260 247
95 167
257 117
208 616
213 496
406 620
35 29
471 411
448 884
439 390
674 688
143 928
4 852
82 435
946 624
529 771
283 311
144 43
76 629
276 862
128 587
682 505
329 769
544 293
721 188
729 89
613 93
62 493
652 770
350 115
968 806
780 312
655 509
858 838
568 402
654 808
734 192
886 518
934 824
388 212
243 709
17 464
443 560
547 409
544 676
938 107
625 783
148 1
249 139
257 742
639 530
224 220
295 909
860 890
325 967
838 286
133 347
232 503
588 912
618 323
448 812
338 935
81 298
403 322
240 72
170 335
63 206
540 803
60 693
582 504
593 468
921 205
557 795
634 408
334 436
687 440
627 64
320 947
799 814
95 500
882 846
674 589
777 353
111 210
22 596
154 837
734 914
226 545
467 597
306 785
283 487
627 450
415 819
664 39
163 242
634 536
888 284
773 535
828 656
85 842
38 237
745 0
594 348
818 405
963 446
77 706
42 926
516 447
505 112
371 370
494 907
954 832
296 961
375 511
586 150
730 135
195 161
599 98
881 534
887 395
90 362
260 855
155 662
494 374
367 532
436 489
451 738
550 598
89 303
68 486
769 241
913 141
408 699
471 566
536 158
113 789
958 254
219 459
441 510
507 88
649 131
633 702
348 110
682 920
382 576
760 488
887 902
600 707
419 942
919 525
514 835
566 99
0 189 962 924 962
1 458 0
2 757 712
0 129 548 652 89
2 924 962
0 540 807 786 171
1 445 7
1 250 1
0 515 657 260 256
1 230 10
2 919 525
1 641 4
1 729 4
1 156 1
1 329 5
0 612 186 568 186
1 845 10
0 594 522 594 703
0 801 218 154 218
0 208 264 588 264
1 911 7
1 397 7
0 863 248 784 248
2 232 503
2 35 475
1 671 6
1 861 4
1 214 10
0 839 754 601 754
2 507 140
0 838 286 76 286
2 783 625
2 628 615
2 73 176
2 929 937
2 507 571
1 464 10
0 56 452 336 452
2 386 83
2 410 145
2 527 475
2 68 287
2 233 877
2 514 835
0 829 296 173 961
0 615 253 127 253
2 336 559
0 859 288 165 86
1 595 1
1 385 1
0 490 231 290 249
1 706 4
1 588 2
1 507 2
0 564 272 419 850
1 615 1
2 121 28
1 917 9
1 98 0
2 422 351
0 544 293 313 293
2 571 84
0 47 642 491 642
1 452 9
2 83 416
2 579 798
2 255 653
1 596 7
0 195 161 42 161
0 334 377 119 377
1 474 6
0 309 634 499 158
2 252 723
1 968 1
0 91 86 862 76
0 664 39 178 39
1 895 9
2 421 661
1 854 3
0 924 591 773 591
1 857 10
0 233 555 76 555
2 722 825
1 623 8
1 931 6
1 477 9
2 95 167
0 465 675 902 675
0 68 811 719 811
1 851 3
0 170 716 347 716
2 283 311
0 652 89 260 619
0 125 818 568 818
0 737 358 876 358
0 173 463 372 463
0 540 697 775 481
1 314 5
1 388 4
1 91 4
2 707 600
1 573 7
2 967 325
0 235 268 845 268
0 938 107 757 107
2 884 448
0 316 957 401 957
2 248 784
1 494 6
2 896 716
0 937 929 483 601
1 816 3
0 384 30 672 175
1 333 4
1 501 7
1 698 1
0 252 885 406 757
0 905 490 140 860
2 940 641
1 847 8
2 490 617
1 462 0
0 329 304 332 856
0 513 761 846 761
0 968 143 201 928
2 153 52
0 563 211 44 724
1 945 2
1 582 7
2 510 441
0 807 406 748 792
2 619 119
1 261 9
0 482 16 898 16
0 651 523 377 523
1 829 10
2 133 108
2 753 279
1 313 4
2 646 438
0 252 2 890 2
0 449 185 118 185
2 488 760
2 171 786
2 305 491
2 819 415
2 107 757
2 734 192
1 671 2
1 11 2
0 836 308 815 308
1 828 8
1 806 7
1 36 10
1 78 7
1 899 3
2 187 847
1 285 7
1 233 5
2 927 875
2 521 235
2 290 172
0 796 950 758 212
1 575 8
2 680 716
2 703 58
1 18 5
0 372 734 35 734
1 242 4
1 556 4
2 180 140
2 784 748
0 235 214 483 214
1 71 10
1 957 0
2 213 496
0 410 329 300 241
1 451 1
1 184 0
2 571 825
2 609 159
1 654 7
2 278 643
1 648 7
0 383 804 475 804
1 232 6
1 301 7
0 146 667 659 700
0 828 656 151 656
1 268 7
0 469 636 564 636
0 467 337 818 62
0 775 538 606 451
2 855 260
0 25 810 85 810
1 354 9
0 309 239 539 263
1 315 9
2 653 255
0 673 621 154 621
0 818 62 695 879
1 573 0
0 283 311 80 311
1 462 5
0 745 0 322 0
0 898 375 762 511
1 133 8
0 748 690 221 690
1 730 0
2 843 930
2 511 375
2 83 891
0 627 64 163 64
2 110 348
0 309 393 388 393
2 941 834
0 950 207 275 207
2 578 306
1 173 0
2 539 263
1 310 6
1 230 7
0 716 18 739 18
1 166 0
1 525 3
2 142 48
0 147 290 672 908
0 290 172 708 172
0 643 278 779 715
2 845 401
2 200 96
2 306 834
0 140 860 304 505
1 124 8
1 537 9
0 650 568 873 568
2 260 306
2 796 883
2 625 783
0 564 636 862 636
1 870 8
2 448 812
0 448 812 113 812
0 217 152 81 34
2 837 154
2 856 304
0 414 416 772 83
2 564 265
2 359 633
1 524 5
2 716 347
1 609 5
0 851 102 388 547
0 134 9 61 9
1 859 7
0 564 265 830 265
0 523 744 757 744
2 12 570
1 457 7
0 938 766 874 766
0 128 587 514 587
1 185 3
0 768 686 721 380
0 410 543 654 543
2 613 146
0 570 12 0 401
0 306 469 640 435
1 332 7
2 762 511
1 870 1
1 633 10
0 646 691 17 691
1 326 7
0 331 666 915 666
0 773 484 313 484
1 10 5
0 809 156 928 156
2 334 302
0 7 63 439 63
2 221 690
0 475 527 325 461
0 200 460 357 460
1 680 9
1 142 7
2 474 51
1 246 10
0 544 155 537 155
0 265 922 217 922
0 482 881 113 534
0 54 492 401 492
1 902 1
1 90 9
2 905 817
1 304 0
1 718 10
2 952 507
0 300 863 706 438
2 537 943
1 175 0
2 38 465
0 663 631 307 631
1 914 5
1 685 5
2 757 885
0 151 92 581 721
0 938 919 170 919
1 805 4
0 564 853 959 853
1 67 6
2 295 641
1 580 3
1 252 10
1 149 4
2 639 530
0 260 247 65 247
0 226 545 408 545
0 414 586 56 586
2 408 634
2 34 81
2 336 499
2 354 363
1 160 10
0 281 756 762 756
2 260 475
0 236 269 646 269
0 230 229 250 229
0 332 856 497 454
2 961 173
0 640 427 807 427
1 901 1
0 319 100 689 160
2 898 893
2 602 823
1 913 5
1 180 9
2 365 574
2 625 820
2 439 390
2 133 38
2 213 204
0 419 850 252 272
2 76 68
0 799 814 215 814
1 313 4
0 801 575 874 575
1 87 6
1 874 6
0 102 547 102 260
2 114 522
0 180 132 257 132
2 827 950
1 55 9
0 841 958 507 958
1 387 0
1 550 0
0 524 334 8 678
0 248 528 310 528
2 83 772
0 539 692 444 692
1 661 10
0 118 126 655 126
1 238 0
1 824 0
2 494 579
2 386 83
2 833 857
0 876 664 200 664
2 319 773
0 439 390 965 390
2 864 841
2 327 398
0 929 601 453 688
2 243 694
1 54 0
0 201 342 491 342
2 655 178
0 581 25 73 647
1 276 8
1 621 8
2 213 282
0 725 604 858 604
2 62 687
0 681 13 896 13
2 843 165
2 833 857
0 520 658 132 658
1 563 6
0 581 439 257 439
2 582 898
1 111 9
1 296 0
1 778 6
1 782 1
2 364 376
0 471 566 755 99
0 82 435 521 617
2 618 323
2 675 902
0 839 478 659 478
0 81 823 396 331
1 528 3
2 678 8
2 133 791
1 22 8
1 327 5
1 264 5
1 153 8
2 905 227
2 837 154
2 784 748
0 873 148 348 1
2 256 260
0 863 851 873 851
2 678 8
0 527 461 527 403
1 179 0
0 757 792 757 888
2 438 646
1 659 3
1 909 10
0 146 85 660 961
0 347 716 483 716
1 848 2
2 746 874
2 77 924
0 471 403 38 325
0 874 575 546 575
1 358 10
1 541 1
1 441 0
1 46 7
2 917 225
1 758 1
2 695 939
2 336 859
0 10 183 27 750
0 300 127 422 253
0 719 811 240 811
0 316 10 925 443
1 261 0
2 934 716
2 32 400
0 820 625 840 783
0 876 358 491 358
2 476 252
1 776 7
2 858 512
1 208 5
0 877 233 36 233
2 678 54
2 336 559
2 119 377
0 27 449 454 172
2 113 339
2 786 442
0 507 413 87 714
0 483 601 126 601
0 734 914 213 914
2 871 588
1 452 8
1 260 6
2 896 716
0 204 120 813 120
1 879 7
1 117 0
0 145 668 360 668
0 671 164 847 164
1 155 9
1 841 0
2 221 181
1 350 10
1 652 3
0 618 323 290 323
0 462 42 915 42
0 858 512 379 41
2 328 731
1 641 10
1 922 4
0 568 818 350 818
2 256 657
0 441 639 363 530
1 880 9
1 457 10
1 810 2
0 124 67 619 67
0 313 484 76 484
1 906 6
0 705 182 573 182
2 783 840
1 857 0
0 294 257 350 621
0 250 229 146 229
2 797 175
0 607 867 591 867
2 514 132
0 228 951 554 951
1 491 8
0 154 837 240 837
2 22 596
1 637 0
2 932 546
0 524 502 242 502
1 463 3
2 617 490
1 182 7
0 728 116 813 116
0 62 493 547 493
2 246 225
1 236 0
2 191 634
1 598 9
1 520 0
0 848 163 68 242
2 104 782
0 898 889 322 889
2 436 489
1 348 5
2 226 12
0 103 423 754 423
0 618 562 814 562
0 28 121 676 121
0 898 683 109 4
0 932 340 728 340
0 388 393 290 854
1 193 5
0 133 38 181 171
1 318 5
1 730 1
1 909 5
0 393 854 393 201
1 281 9
0 451 738 557 738
2 773 535
2 327 398
1 589 5
1 200 3
0 68 355 607 530
0 54 678 549 704
0 830 265 154 265
2 453 592
0 599 124 306 124
1 106 5
1 330 5
1 809 4
1 323 9
0 44 724 36 724
1 250 1
2 262 128
2 921 205
1 164 6
2 757 888
0 540 520 844 520
1 517 10
1 126 8
0 337 360 366 464
1 127 1
0 558 382 566 576
1 552 1
1 52 9
0 372 463 710 463
1 203 3
0 786 171 918 353
1 517 3
2 775 152
1 324 0
1 860 10
1 609 0
0 497 583 15 399
1 66 5
0 627 450 603 450
2 753 564
1 180 4
1 326 9
2 404 334
1 494 8
2 238 159
1 423 0
1 191 1
2 154 265
1 522 4
2 800 611
2 277 751
0 739 18 432 18
2 879 741
2 490 467
2 483 911
1 853 10
1 576 4
2 91 224
1 440 1
2 622 469
1 617 4
2 223 581
2 781 377
1 450 3
2 613 524
2 601 126
1 396 4
2 243 694
0 536 158 545 500
0 499 948 901 948
2 119 377
2 83 772
2 115 350
0 859 710 898 916
0 454 172 902 708
2 858 604
2 500 95
0 224 220 44 220
0 548 294 827 294
0 823 331 696 35
1 745 9
2 768 198
1 555 10
2 178 39
1 489 4
1 190 4
2 379 522
1 387 4
2 410 607
2 557 341
1 458 3
1 945 3
0 260 475 621 734
1 537 6
0 152 391 4 391
0 607 410 483 921
0 921 648 964 648
1 752 5
2 696 823
1 644 5
1 686 10
2 243 577
1 302 2
1 165 4
1 311 3
1 405 9
1 932 7
0 507 151 227 151
0 892 689 151 903
0 319 773 92 867
1 155 6
2 722 825
1 117 0
1 328 10
1 662 8
2 629 76
1 730 1
1 157 6
1 501 9
2 194 82
1 283 10
0 179 561 708 561
0 313 293 253 293
1 964 6
2 175 292
1 449 4
0 594 300 507 735
0 467 843 517 843
0 773 614 324 614
1 500 3
0 570 782 52 408
1 643 1
0 570 457 389 839
1 514 8
0 54 324 860 614
1 713 1
2 537 490
1 924 1
0 132 658 217 658
2 568 149
0 517 843 251 843
1 100 6
1 572 0
0 316 234 892 234
1 239 2
2 465 38
0 482 570 874 908
0 410 776 772 430
1 563 8
0 697 481 697 387
0 306 578 824 578
2 359 820
1 76 10
2 348 594
1 111 8
2 246 225
0 114 349 748 761
2 659 94
1 141 5
2 522 774
1 576 4
2 729 717
2 361 448
2 255 81
2 568 873
0 2 6 757 6
0 550 598 902 598
1 630 3
1 632 0
1 196 3
1 811 9
2 908 672
2 689 608
2 663 690
1 676 0
1 687 8
2 582 898
1 208 1
2 371 174
2 345 750
0 213 914 170 914
0 883 3 377 3
1 964 10
2 680 716
2 624 946
1 560 2
1 16 9
2 537 490
0 225 917 206 861
0 162 258 380 46
2 100 836
0 60 307 221 927
0 200 157 554 157
0 494 374 874 374
2 325 466
0 285 480 619 480
1 558 9
1 505 9
1 782 3
1 348 8
2 557 341
0 60 693 154 693
1 338 0
2 944 441
0 90 362 584 362
1 365 5
2 136 719
2 436 489
2 535 773
2 682 920
0 61 9 31 9
1 669 5
2 900 394
1 456 9
0 85 821 193 821
0 4 852 847 852
0 306 227 838 229
0 566 576 378 576
2 777 353
1 773 5
1 752 9
0 915 123 92 123
1 631 4
1 428 7
0 198 768 873 768
0 537 155 577 936
2 924 195
2 427 807
1 109 2
1 133 10
0 633 550 253 550
2 123 92
2 438 646
1 703 8
1 359 7
1 285 6
2 789 113
2 389 669
1 662 10
2 772 430
1 359 3
1 566 3
0 227 905 949 310
2 508 147
0 339 230 858 230
0 594 777 873 630
1 228 6
2 189 585
2 209 659
0 146 147 35 508
0 469 877 310 877
0 873 851 88 851
2 874 908
2 762 511
0 490 113 708 534
0 252 476 363 476
0 355 363 24 245
0 554 951 945 951
0 334 302 334 597
1 318 0
2 606 217
2 740 728
2 646 822
0 627 815 84 308
2 336 876
2 764 940
0 779 715 136 31
0 255 28 592 28
1 311 6
0 4 391 256 391
2 741 701
1 804 0
1 263 4
0 252 723 181 723
1 175 7
1 674 1
0 36 931 165 931
1 76 1
1 403 7
2 431 216
2 568 402
0 617 833 625 857
2 788 97
0 195 477 51 182
1 310 9
2 879 741
2 441 153
0 689 160 858 836
2 12 217
2 754 423
2 413 189
2 320 387
0 566 99 566 326
0 350 818 877 818
0 290 323 282 323
2 260 102
0 260 199 511 199
1 838 0
2 902 598
0 307 875 631 734
0 170 919 244 919
2 949 759
2 586 150
0 507 571 814 825
1 898 3
0 337 170 923 728
1 372 2
2 494 579
2 175 797
0 537 943 617 274
2 217 556
0 469 622 62 450
0 582 533 199 533
0 199 533 168 533
1 412 10
2 950 827
2 448 884
1 282 6
2 117 257
2 554 336
0 888 284 579 284
1 470 1
1 301 5
0 490 940 773 614
2 579 916
0 830 111 900 210
2 556 925
2 735 300
2 44 710
1 130 2
1 48 1
1 88 6
0 337 232 762 232
1 739 7
1 377 0
1 330 0
0 148 1 355 557
2 396 780
2 398 327
1 18 6
0 10 366 47 464
0 119 377 62 523
1 813 4
2 862 636
2 728 740
1 635 10
0 547 409 704 409
1 504 5
2 153 52
2 402 568
0 272 850 801 850
2 366 464
1 645 1
1 401 2
0 591 867 727 671
1 315 10
2 140 886
1 482 9
2 408 52
0 570 251 816 165
1 486 9
1 495 7
2 606 398
1 288 5
2 767 792
2 839 765
2 898 893
2 225 246
0 924 962 306 962
1 53 6
0 654 543 352 543
0 887 902 786 453
1 890 2
2 937 109
1 236 4
2 310 949
0 225 246 262 246
0 152 775 470 775
1 599 10
2 859 336
0 952 262 322 262
2 289 582
2 769 329
1 719 8
1 145 3
2 66 300
0 843 930 484 930
1 24 2
2 372 60
