88 395
517 61 52
208 0 657
818 343 446
199 237 281
709 244 10
814 765 684
854 907 422
913 419 713
177 920 746
175 807 595
776 450 823
952 832 301
83 41 315
547 354 332
24 258 198
651 589 976
698 468 726
92 542 178
503 535 566
676 330 652
650 446 331
545 490 34
811 28 973
631 29 650
814 973 488
493 929 623
26 816 800
38 820 335
655 30 665
697 892 982
512 349 686
203 593 188
491 503 675
979 834 983
793 598 659
609 981 521
219 166 655
102 64 443
466 896 309
368 936 834
860 583 696
805 605 677
669 727 637
945 936 724
621 857 269
973 663 172
698 692 6
811 354 721
934 502 787
348 199 706
964 218 847
649 897 675
726 468 216
67 313 701
919 332 865
2 735 190
447 352 22
262 137 922
848 976 863
198 775 777
582 432 463
48 164 453
848 255 705
283 292 33
966 517 642
635 394 878
757 187 798
597 148 990
849 440 451
159 394 14
717 998 748
58 348 715
25 499 762
312 911 962
971 248 644
832 772 122
149 407 386
218 502 198
875 590 387
670 507 775
853 504 422
293 389 605
866 749 363
952 107 228
428 354 953
796 275 703
280 615 223
146 830 501
1 86 66 327 295
0 975 88 500
1 22 562 366 931
0 655 945 612
0 277 514 317
1 93 404 383 612
1 41 76 705 246
1 507 436 887 710
1 277 681 750 776
0 764 764 406
1 395 36 880 824
0 337 731 382
0 25 791 366
0 761 218 880
0 568 785 280
0 625 917 289
1 250 42 540 488
0 7 493 163
1 457 22 673 526
1 70 475 94 771
0 388 264 736
0 501 490 288
1 76 7 898 695
1 513 128 517 456
0 884 148 760
0 345 72 462
0 686 539 945
0 290 693 988
0 587 385 719
1 293 408 707 936
1 241 4 242 124
0 426 40 864
0 427 579 401
1 54 348 998 764
1 172 228 819 643
0 916 813 537
1 604 303 747 597
0 626 665 559
1 454 111 689 795
0 779 296 490
0 539 39 605
1 83 39 699 232
1 527 228 565 705
0 504 601 794
0 505 905 43
1 396 324 939 530
1 191 249 898 311
0 974 70 211
1 21 99 996 719
1 118 73 143 688
0 909 65 992
0 22 560 404
0 423 70 261
0 967 814 81
0 505 687 295
0 319 254 779
0 429 453 178
0 392 471 5
1 140 679 158 894
0 510 842 288
0 773 861 339
0 284 997 300
1 136 930 540 973
1 39 216 442 344
0 960 636 390
0 617 712 161
1 342 119 999 408
1 531 490 676 963
1 566 515 662 527
1 685 932 977 948
0 367 501 803
1 92 118 208 475
0 831 450 284
1 290 80 971 575
0 970 734 21
0 507 997 650
0 147 290 807
0 174 881 102
1 378 899 424 970
1 286 26 758 286
0 247 720 294
1 17 213 907 907
0 823 243 797
1 66 218 71 973
1 478 301 722 939
1 118 352 189 607
0 490 40 552
0 867 994 724
0 127 109 473
1 233 465 865 685
0 571 59 986
0 219 43 132
1 110 118 799 280
1 10 351 816 889
1 376 879 728 995
0 518 673 26
0 608 186 472
1 295 70 390 695
1 820 356 889 815
0 796 873 401
1 682 589 851 693
1 903 484 960 573
1 703 104 729 799
0 679 61 581
1 69 136 274 717
0 980 72 908
0 733 347 742
1 492 133 950 765
0 315 762 891
0 401 595 780
0 368 691 751
1 369 190 991 294
1 735 286 907 704
1 191 104 736 731
1 192 172 903 390
0 746 951 497
1 207 92 404 167
0 308 663 563
0 182 930 790
0 833 847 721
0 342 173 196
0 50 299 814
0 774 233 18
0 166 363 167
0 193 775 669
1 174 48 435 623
0 760 692 14
1 267 404 650 732
0 170 22 346
1 14 208 877 283
1 95 622 722 820
1 257 367 428 901
1 212 605 728 685
0 828 926 661
0 427 863 293
1 260 572 419 588
1 474 203 587 697
1 49 601 430 695
0 393 217 62
0 581 325 487
0 72 109 230
0 668 71 48
1 674 590 722 833
0 427 53 994
1 37 578 58 829
0 413 709 148
1 609 254 830 449
0 463 224 869
0 469 297 780
1 214 729 367 860
0 3 599 852
1 75 1 709 646
1 329 207 697 406
0 110 489 29
1 74 110 882 206
0 571 818 964
0 931 520 584
1 129 661 677 800
1 361 75 563 254
1 70 216 291 893
0 485 747 113
0 391 804 425
0 241 990 910
1 4 655 69 669
1 225 176 996 918
0 947 44 780
1 347 597 665 861
1 556 236 817 507
1 502 633 565 820
0 845 568 992
1 135 427 823 473
1 265 338 509 392
1 612 55 739 497
1 259 282 617 396
1 263 422 319 432
1 291 344 987 851
0 55 689 114
1 90 324 226 345
0 278 224 730
0 716 158 798
1 124 73 133 697
0 490 322 131
1 612 565 775 700
1 397 169 477 204
1 106 257 386 590
0 695 590 942
1 523 571 704 970
0 249 164 956
1 481 77 980 127
1 464 59 871 514
0 642 388 908
0 559 635 272
1 432 485 625 641
1 866 262 937 394
0 530 556 413
0 124 21 653
1 812 245 978 340
0 964 299 866
1 677 795 960 903
0 619 579 371
0 990 154 45
1 249 3 770 117
1 554 421 754 811
1 342 629 577 928
1 156 166 621 609
1 106 651 771 749
0 256 513 435
1 122 294 387 663
0 76 524 72
0 411 791 366
0 395 33 183
0 449 694 269
0 184 625 241
0 478 267 148
0 37 312 642
0 680 379 424
1 359 312 403 329
1 626 111 675 904
0 711 334 256
0 539 542 537
1 160 90 737 294
1 23 157 691 784
0 549 176 536
0 90 70 981
1 458 142 728 265
1 714 26 810 180
1 403 584 929 777
1 241 757 816 851
1 79 267 624 308
0 687 449 653
1 288 258 452 804
0 174 637 264
1 418 385 816 815
0 175 682 906
1 306 172 478 488
0 476 254 57
0 93 113 104
0 480 537 661
0 264 828 80
1 430 292 453 442
0 461 647 149
0 527 68 900
1 720 668 982 978
0 73 890 726
1 444 16 455 798
1 59 369 230 715
0 282 522 415
0 199 89 803
1 173 155 802 591
0 870 755 591
0 584 85 136
1 27 510 750 997
0 282 193 996
0 45 72 24
0 978 876 189
0 856 121 403
0 352 954 243
1 469 138 869 946
0 432 150 868
0 963 153 750
0 940 100 587
1 70 531 531 888
0 388 798 872
1 156 723 986 779
1 328 325 835 931
1 468 655 926 918
0 766 491 139
0 138 365 758
0 698 374 961
1 274 431 754 677
1 426 108 861 216
1 371 216 616 392
0 568 293 469
0 395 548 614
1 137 187 761 316
1 725 565 998 802
0 148 895 821
1 89 201 422 303
1 305 17 973 746
1 108 527 150 788
1 46 299 589 781
0 440 852 167
0 277 97 982
1 222 456 351 600
0 355 126 400
0 589 973 33
1 457 650 804 658
1 150 2 170 741
1 7 225 973 461
1 210 293 341 451
1 195 232 827 244
1 497 55 654 795
1 205 220 351 229
0 686 719 851
0 172 835 905
1 387 140 545 786
0 249 535 743
0 283 401 160
1 34 65 137 658
0 272 595 717
1 138 154 431 724
1 32 85 75 541
1 448 124 640 529
1 112 26 299 220
0 303 743 80
0 527 631 371
1 459 227 779 413
1 352 357 462 638
1 456 198 723 213
0 898 296 676
1 448 214 886 513
0 928 225 156
1 274 238 521 762
0 821 28 781
1 177 51 722 217
1 151 24 824 979
0 271 826 838
0 703 620 9
1 282 386 366 694
1 419 162 961 339
1 227 327 314 821
1 327 347 417 474
1 164 32 544 933
1 479 314 870 872
0 184 528 939
0 457 810 401
1 692 834 1000 1000
1 49 82 682 942
0 100 274 515
0 949 1000 684
0 735 206 595
1 129 171 949 662
1 562 655 882 670
0 826 609 356
1 162 800 865 857
0 907 53 172
0 565 529 542
0 184 299 969
1 462 275 966 952
0 613 526 639
0 217 44 625
0 349 821 896
1 700 517 737 579
1 534 246 913 476
0 418 204 640
1 252 307 838 982
0 954 658 441
1 214 403 450 474
1 320 412 824 941
0 202 302 358
0 842 319 204
0 795 126 356
0 920 491 682
1 634 666 646 797
0 805 226 679
0 322 439 774
1 243 190 315 885
0 992 515 764
0 594 419 526
0 110 961 921
0 365 485 992
1 294 397 480 869
0 604 883 541
1 171 94 480 445
0 329 377 124
0 779 454 11
0 454 374 797
0 425 839 613
1 653 179 918 653
1 17 502 466 578
1 382 124 724 261
0 714 967 258
1 621 527 821 573
1 325 807 537 997
0 728 218 108
1 103 528 752 688
1 439 674 796 802
0 677 957 710
0 717 252 694
1 239 68 554 322
0 640 750 280
0 601 469 856
1 665 51 737 162
1 141 118 283 136
0 285 771 803
0 396 542 826
1 244 442 693 958
1 270 188 453 939
1 297 969 532 978
1 762 46 813 952
1 55 909 720 982
0 23 267 128
1 61 566 126 938
1 66 135 429 702
0 602 987 492
