233237753
684185411
2794976043
945062274
747165460
2141637569
637917173
235611799
50514865
728508574
398793145
2219346885
643437693
634063725
30383316
871736242
578822041
1795212281
140145001
29190516
747543114
78228861
946079172
4851230427
871736242
917006962
536217822
29190516
767759721
1713599142
1280408033
16609338
3185944638
638455939
2993126075
171217346
57584824
777267080
812946262
277645214
1823256695
432384534
57764020807
277645214
2685840354
1034690606
125518069445
1726870763
2816436946
7144017109
1543726999
1665334173
57584824
429252484
123582647
432384534
261168021
522400393
505538017
24954722399
832590609
2211262916
50514865
16609338
1713599142
484659329
974726958
277645214
429252484
656787150
230441676
1358160017
3494227249
10076827508
3081163970
621479206
64354051572
1753241838
621479206
784928508
1184727836
57584824
1699741257
1667616742
4979466841
906815307
1546447799
656787150
605708171
3343176127
514686813
432384534
30265497
1401723303
1271626268
4979938002
618863044
27814577315
2932500977
3689488996
6623101069
2932500977
803294929
398793145
630412665
566121981
605708171
398793145
906815307
3178948872
1354524609
11431947441
2742957702
2477087823
1547856304
812946262
2477087823
4334819417
1508988969
45194462920
3564472174
566121981
1184727836
272551814
2878766738
2125915375
1498885147
230441676
803294929
2543398771
1354524609
432384534
2878766738
2047317495
1401723303
4573999491
1271418973
796562980
1506222799
1015626293
233237753
50514865
1976734847
9663518057
32501114106
1798645011
136585361
13709796574
1420302564
796562980
4715309638
638455939
3827652262
4021787304
11844689
808402182
2125915375
521812963
3341683744
1210449905
566121981
2214397558
3781100880
2010803659
1462037123
4705524878
1441425245
1404327487
1209744702
621479206
2594615053
1354524609
9312024300
4791641876
1218424512
591663849
938418748
29190516
168335178
1782021745
4565251261
6583757025
630412665
233237753
938252526
857015970
1022227553
660191974
4556952815
4556952815
1649995718
1544341495
4195590192
5917261010
50514865
2652036899
1468236256
2827170336
3689488996
1004367333
4565251261
4364974221
2543398771
2432465717
1971673372
1744911257
938252526
201499817
1863161749
1441425245
1191515289
3058755679
677744487
1498885147
1229736676
17442589526
2596541056
1261789891
15041170084
1863161749
9704260028
1784677709
1704786919
906815307
3718545162
4745556520
140145001
233237753
17442589526
3816301434
1634944184
1544341495
1218424512
938252526
2972056436
1218424512
2827170336
1358160017
168335178
9704260028
4744143254
2541408816
3809190724
677744487
1479082073
3953648577
2827170336
1726870763
979130894
1587531198
7375154660
621479206
119932537
1479082073
1478327369
235611799
1784677709
7692448124
652532397
4598265845
3660583217
1971673372
1934621200
243193942
812946262
1971673372
675136104
4074540944
4211101323
522400393
8844306805
3986283204
899993529
64575741862
2204480277
207064317
1218424512
960369289
168335178
1740214488
233237753
938252526
1637041637
3297690840
3660583217
15202402243
19058860301
3855249378
1782021745
272551814
2681156338
2115413553
3297690840
3615202670
522400393
2013742975
675321435
484659329
3763032759
979130894
330241209
796562980
119932537
1358050217
7899034645
3297690840
2612387297
2108120816
839613988
839613988
1771452389
1856642262
2622587700
1072038439
1740214488
4211101323
2983133571
4652737123
330241209
2077705054
661501252
116273087903
6387162367
19516985399
1779456156
1083930694
1008914518
1437285478
1856642262
2612387297
2934566213
15686593239
796562980
268209232622
6884907465
1083930694
612231649
2983133571
5040938662
1083930694
1826910358
20380124730
2652036899
6884907465
2732887439
652532397
790938397
2719048302
2013742975
2253998232
1261789891
10285314364
1634944184
2732887439
2837420720
8271767544
2237701242
4392901349
1771452389
1833929776
2617679624
2213345565
612231649
3491296402
638455939
43137489382
4009689635
3676185569
1218424512
3531067631
43137489382
4413008778
968755343
4413008778
330241209
1446022506
8528377160
698904257
6956971504
5394048744
2253998232
1793503967
698904257
130848446745
2235352303
2237701242
2985101568
1674536367
5129781832
235611799
1593095823
994863762
2746354691
857011298
1411404286
692568854
4413610678
1437285478
968755343
5220601963
2045464847
23388381572
2209220703
1971673372
2587315157
2670348966
979130894
630412665
5129781832
857011298
525812835
1344201712
1757492288
2032417931
2986638787
643437693
612231649
643437693
2589847718
2784973213
4392901349
20224828605
1218424512
4413610678
2282949588
8213556242
4297222040
2717382089
1219697119
3029705427
1600999562
235611799
1437285478
3172580300
1735838812
1544341495
1072038439
9117661945
998577186
392910921
1358160017
7733134677
86447549946
3754904150
2906589605
2985101568
330241209
3745300084
88262026453
1593095823
3092832340
330241209
698904257
1731649472
1782021745
6256109968
22559315711
1565351184
2824213065
1310550597
4180251888
9724562347
3092832340
9199600513
1168411987
484659329
12320215247
26740155651
2906589605
2691361171
22733857502
3597677250
2073487653
7273876368
2108120816
10519165103
9767546000
94324298475
8071096760
929881695
1865925054
998577186
2657346504
14236159203
2587315157
1083930694
4319492579
3261774783
4752940337
3491296402
3172580300
1595590270
1565351184
4180251888
3491296402
17009093365
1358050217
1512617834
3261774783
15032774790
661501252
630412665
1499634015
3968739064
1365728780
2993966274
1344201712
3029705427
3323310187
4280215885
4118369656
1191846295
2784973213
1637041637
872562912
1565351184
1674536367
2587315157
2716827251
1233958297
4752940337
484659329
16367450009
5136417138
1565351184
1360802911
1771452389
2125437382
1446022506
2257164138
5693097313
6540241270
4473323506
1782021745
21655074527
11618247161
968755343
1514755196
367197328896
8071096760
692568854
55098671736
3381854016
872562912
1219697119
3479633974
7883961895
10012426664
235611799
1490426000
2887824382
16060568683
4527107685
11785468884
4154019909
4678383043
3904306219
10367338404
1347040690
2157434168
2691361171
3381854016
6930814224
392910921
1072038439
32982471245
4250398775
2352129220
881782414
4398974438
3687462174
3491296402
4678383043
872562912
1360242180
70427233053
4044377395
5212837465
1072038439
2609660083
4319492579
135772580823
56844069648
661501252
1083930694
1219697119
1782021745
1544341495
4627489077
1865925054
2018905968
1552968426
3904306219
3525669937
1072038439
2139030813
4044377395
3687462174
2605275328
6313343225
1446022506
1965989007
3889313110
27573837289
3982703471
6159196924
5177011934
4491153279
2587315157
6758272562
3904306219
1544341495
2934566213
26569481562
1865925054
18900012428
2587315157
3898230786
3870765859
8218607470
3305492077
27023703009
1514755196
11785468884
2129361043
1437285478
1836447845
