98268740
874965297
767401547
1929110899
799730843
566315030
3896104749
3913402001
1260560367
306488085
781964907
749035961
688918989
1417712200
379655987
994337227
2300515452
1062715135
3485981994
1902457135
460329988
767553969
642981871
99822532
6945249429
2262335197
854492828
864309427
525413763
502581551
8271041998
3746822637
2879694996
658168466
1505820295
67401500329
139381337
607157916
1216910786
482019313
270146933
306488085
1401190632
153941598
1015684365
972237693
3741935278
2538376381
3599918522
485987173
658555203
71747120222
474348188
769864306
842900648
322380958
186304138
2968830260
69575117
308797553
1726257271
593398051
1461392087
1047001677
6452603270
1342625787
258285782
1260560367
400446956
3596248273
2386409807
263923656
1245200412
283659587
182407666
1720611753
1610626833
58123355
1698707821
965893603
549859515
778665738
3102911484
8221109089
732119790
6532005442
655160085
370738803
1578560101
939973218
800081944
791821786
1461392087
1387649092
858095935
865087452
637801774
2242197501
1558810227
682442257
2329622942
471122517
903158972
10574670
398047100
876435283
46354479773
1427567425
117257540
3102911484
3350462160
1293674592
1505820295
932173414
602689028
30515320
9290586339
355399364
3107609583
167725286
1350052206
1712990929
1387649092
865087452
766554125
1698707821
9649334956
624824684
574319764
800081944
1525487318
1782154186
981617024
220526650
1605823401
2719991198
821298553
924924837
865087452
215677770
6914434165
3126916525
988285030
1417712200
757796288
2242740866
2030683292
921840530
939973218
871885396
175718444
872156262
45300771780
364669393
537686293
131379259
41403223
45300771780
1210667627
7293093009
257098825
2242740866
4188523863
819671405
887096772
106597600
1731193503
1342625787
842900648
493083361
8880404314
1687584405
241584076
5596064155
1345000915
3284004672
446654222
326810208
981617024
784951414
906480973
76965015
1744375612
1623193809
1974929273
933978820
967930132
770200706
935177421
493083361
153941598
1517862866
555610857
1620641441
21055984282
3857162860
23648765268
939214242
117257540
1110494537
642981871
1351605024
876435283
1238187299
82572049
1657733498
409023142
572454555
655160085
694655264
380937487
937142966
10374283403
2030683292
37116959
12997890539
452459592
260788208
1522931239
443252150
622206694
1798850030
300170578
4288615094
993973134
15106507655
911582086
8880404314
1516014542
834056713
2013596566
1924230253
1144647183
2137578854
1143652523
889200711
7710025661
7305374310
1111188373
300170578
3981843416
1616034753
359729359
576853977
474348188
1179325028
5241295302
17863514082
2042073405
3005004587
682442257
2344182820
912575788
1084819928
2048693170
1075756537
1285907230
1136843496
682461439
574319764
682461439
840894422
292917825
313740650
2707569081
549859515
602689028
942014133
791821786
698553902
1516014542
2742089573
799945399
1435013445
382249882
4236635322
263177387603
946131362
2347870997
739415999
2030683292
1883157051
1111188373
717924815
18945630797
911794180
337442283
3635825267
2386409807
2346241204
937142966
1980368473
675361364
5059487068
1047096003
1013912470
1435013445
38888600370
860108401
1566235786
573149773
276294863
359729359
443811758
1712990929
6795083166
94407660
65413054349
7698848024
153941598
573149773
3356279009
896563519
1658553390
38888600370
614996889
643999571
1548936294
806266306
1084819928
3096211586
1989423211
1184763289
2108082068
149635086
2347870997
1208797925
1323184633
1798850030
4390239320
1184763289
49370437201
10594414295
1419789136
1321208047
549859515
7997540317
279290297
2978659308
601561627
374565666
5551296774
16002957380
228127237
3409995255
560594238
729632453
942014133
684368942
6329347635
1136843496
1516014542
2705714465
856922974
4595036035
3867793186
8587854535
30052410
611465076
309381433
935880317
2812981619
500055849
7216680761
970923750
714900352
2253710240
379655987
1350052206
799945399
17451025234
1047096003
30515320
290956641
1547706823
9406107723
443252150
3414199602
60835260
1329316483
973849297
2978659308
2726818494
3193479675
1401190632
714900352
2013596566
139381337
851511173
1774142903
460329988
313740650
2732935914
1059716486
1350052206
559167220
943934691
655160085
1630732313
3223795719
750342074
1860915393
1285907230
293660416374
503316297
16983433248
1658472957
1215666271
374565666
7850796771
973849297
313741470
2925218693
1847301788
952671462
473189130
1533855703
727121309
17449430564
30515320
4128939124
317136376
866803513
5267155914
300170578
88191089795
149635086
2014255102
76774585
657848015
441969790
1078126154
97550049
725160370
1548936294
776573656
951282296
2581378410
412114382
105922509
8925976527
573149773
1015684365
1616034753
923622442
94407660
3631893042
1435550048
3143818059
937142966
3384584378
1323184633
7718548729
957356140
707873545
971564938
1371326004
675361364
3223795719
806337609
2822194796
1142522713
973849297
1691761288
3193479675
412114382
462029673
2726818494
11216058005
16772688647
5245201709
1630729255
3272840103
1215666271
4833044118
2628146033
5460355898
1359739207
166197938
1419789136
3384584378
15004409136
441969790
1616034753
1078126154
307561716
153941598
1691761288
2342064264
776573656
953655006
1658472957
8154159652
500055849
881823227
385251763
20275457266
216442068
3274631810
2204994152
536885364
15156159624
5086693328
8408593596
9762143528
1610626833
31312552854
1210667627
667264494
987727045
1917913599
799945399
1552921356
548145967
512732493
3736793176
1015684365
874733231
993970423
986397270
765043644
4125759838
865087452
3414199602
1695352437
1591411493
97550049
510008719
5671067042
186304138
1059716486
911859660
1106558062
869032217
1207262953
911794180
986397270
3631893042
31877972947
15156159624
281689701
2957228708
31312552854
473189130
39762626374
1285907230
1197482617
2395792550
8475217330
641431644849
957356140
714900352
341173343156
1375555507
2734932284
2850766049
843319678
1981382793
12101863549
149471018
924216778
548145967
658988136
1929110899
3223795719
2646290181
12217636865
865087452
957356140
4087320285
281689701
1143652523
3397322912
1758960858
398047100
5067496123
471122517
2352409722
4390239320
932329452
4015712312
3038140496
2051099601
2452490834
2240418141
1229767278
5118984649
1059716486
1724510864
2395792550
3663419373
911794180
2153402632
337442283
934576043
988307431
1291199741
1960935101
874316037
2151654475
1056978822
3017977959
1401618842
21902966455
171175247
3409995255
13407509974
1610626833
117372334678
30052410
1647872422
1375555507
292917825
1929110899
976780668
2186826675
657848015
554047063
1773357349
270146933
776963780
986397270
57944650539
883180257
780877708
2209939133
778665738
1143652523
30515320
3101701812
1372258989
5795703486
2507314753
608093211
1757383650
739415999
482006633
1974929273
1709774037
153703898
865222591
1758960858
2636483663
5105636155
1323184633
1199849974
2149930381
19075005694
667264494
884129366
1837483722
3101701812
