1159401137
658946189
1525431728
3541978311
723330540
26998318
2671350090
128651672
276998680
999988027
35562384
1256944693
715065656
892686002
15555838659
20490062
806087948
383177901
284103821
1818247971
1463683157
3504666366
245494757
1648871005
1463683157
2836808947
2705921833
725661942
2404224289
963490080
804840222
1307650909
868710118
505289675
1060646043
113797543
5226906958
17284900800
170182188
955360221
1941598584
883353741
2049766920
846466124
517268502
2739698389
5652749165
669306070
883451793
1936301142
6631872211
2242929919
129035653
60625038
1716571587
2836808947
470786908
600883415
3425985835
3515313100
1477909311
2827525872
500589087
6589245456
100027862
955360221
180711849
2154730064
935753202
2970237676
629479247
902723434
626479474
649389108
726548483
9743465200
949817733
55264586
564767909
1938914992
731960443
445285422
101886483
6378698290
303276067
2341342425
1275759310
162330127
198753598
3526247176
28692992987
4062014617
919593778
750077004
28137364437
1074574041
125562032
71415272
3052240100
4226321707
3049009603
810129207
381799038
924675712
445285422
3079383210
3420257089
845821655
303276067
1082274547
6659840303
913242336
883353741
2491680069
750893803
580133735
8326565043
1843565661
8915793096
817609402
457264505
5608512904
4055065283
2615216190
420715822
23456882309
457319311
5590871766
251626309
379531552
788180456
902625461
237038998
1246558501
8460422
750893803
606554227
585579806
134400529
437668787
924675712
1803421583
5590082154
5471813431
1497765930
2784487352
292826518
1496121753
1927263727
1759957670
479739234
534643610
4333124624
1193149825
74049455416
3488494383
1569244419
826237393
15035998533
2064382526
1325685160
902625461
1516673661
889060318
2190090471
2918085136
138627803
5476761994
6130635743
11249320
369709152
694863331
469170575
710651974643
578394134
610551316
972046100
1694653900
984678492
466347952
1125782737
482993821
1358497593
1749822670
927582448
1034863759
3437672989
626783125
2064382526
1625167291
87214495
427665696
1132907075
4819655336
3177968039
8849049367
1445194350
92502878
1387117597
496980987
1638113780
3783626795
1592496917
819438707
802119453
133637718
1610616127
845821655
2460721282
4764692432
2489335485
1990198157
4706664170
5662094553
989490834
409144418
902625461
680692512
284045453
566080284
1330835082
202735650
43841558542
20556082
1325685160
1212370138
303276067
1064568157
55357632
607161994
4475348133
508932415
2033603690
607161994
10856053017
2154848446
1994635359
810129207
2175860169
607161994
641336915
2033603690
672479898
2648194757
758324821534
1603009917
381799038
2468886028
390304443
1423155854
1642769235
422947011
2468886028
15099649067
4133729633
894013381
1717498946
1203809253
6935454758
7879962456
2064382526
80014800096
1376197929
4502956564
2013315999
1630732651
882615980
1072696052
1377860564
1184203803
4144173629
875635216
2876670830
13717723072
213013537
927524686
7858877490
76610331
3467926360
452202176
521785470
2443847629
1866998852
297730752
1941598584
1396658295
852058349
1148237192
2900188344
10178774318
4892824327
2349259116
2211932267
1516928273
1803421583
422947011
922702124
2272140344
447252218
273976721
422465638
20698876893
115834601
927524686
2454662251
2142946933
2715917433
8390666005
99972326
16310155218
4650965380
60562412
12434123421
1785867536
437668787
750893803
2878212821
1521734484
388251882
7504510501
1831390748
678993499
1376197929
1027772239
1928157951
618168447
1272167157
902723434
8362715039
3348029874
3975978509
9367216906
527825971
888334189
36539307616
1677491511
1991920782
1716571587
430362693
2212758970
505289675
213383099
844742441
743151091
1252040122
4500593166
732514851
840888777
2900188344
2615216190
5028728604
3254230165
1602585346
1790388721
1439477149
853960138
1490115193
408406818
2605430982
1613717084
1429049201
1186649757
4034962514
854861393
538251859
1331125782
2705242787
715065656
5028728604
1478538786
915124966
1516928273
854931167
1249379884
1439477149
462898912
115736354
4865053300
1749822670
3983461707
2792549354
271322901
537618228
1144189522
254505685
8460422
867636517
921928951
1893048277
2709646963
487861351
1992534212
213383099
875635216
1287411077
28780161030
134400529
1557392428
2709646963
786564418
8832453814
1447864511
180711849
922702124
603598611
271322901
867699741
3420257089
806751953
4231273301
405701846
2935893614
649953850
2483016549
689133876
389002718
3825724090
2164400028
429654368
20556082
1396658295
5135733700
691469795
597035155
170481930
907109784
2171737321
1155293406
606554227
333761406
1607468579
2352900076
3598666889
734606958
1831390748
123538632
882159840
1694653900
271322901
1494738216
2449698778
1559807362
4131583200
1717498946
1402066505
1525878681
53385212846
915124966
1044325068
16747592027
1991920782
1992534212
880142557
1155367642
19173522
2414156661
710896523
777757010
964273085
3898519703
389728508
2191260243
4209422709
1061019302
986745480
5558641298
3675154746
783440938
565908201
680692512
1184971945
409093546
705467166
544179329450
1578341079
2950271978
603598611
303276067
913242336
761830311
35621516062
392146180
36181420
2926563397
350084812
4143789355
814176999
172231455
1640184043
880955730
2421644033
344574669
530516805
2349259116
795120707
1232903305
4702627598
966498462
462898912
951537385
115736354
814493120
828254535
1740149874
113797543
146849434
6215974332
5501690787
20298201725
2645833735
182190956
10919525037
645176778
521785470
2315559100
970057559
717724860
567212019
20556082
537618228
2139810808
1086586367
1330835082
391823240
5940596885
2531275071
33016332368
1559807362
5685134916
1112440566
894267876
5076404999
1024530470
2275114584
16778019145
521785470
1374317476
1530020143
1435158021
2506606713
1943480092
135358534
558572342
3515313100
1393691364
14786015006
1578341079
4618278941
146849434
35743816960
2884993988
1015817131
1441074064
567212019
17483353087
3467926360
421950337
133523278
565249882
5940596885
15336328875
2202497226
1253980271
1990198157
136574219
5036252035
4673614707
201226608
689133876
2374958345
205307014
2705242787
17483353087
915124966
334141585
717683561
1036590481
1358497593
8148112962
2700293866
1232903305
2033603690
1275759310
727751015
4143789355
3576219357
87214495
6609661020
267362782
1547416201
2018139768
2696379481
4525300328
1340420695
12873842832
1530020143
8899855218
369709152
7714149519
1895872665
2278196383
873172501
2475088425
1037809518
9804538502
956816677
1307650909
337241323
3371078589
731236225
1745394996
1377860564
274784163
6153305642
1203809253
4345368501
470786908
3408776493
