341562698
262524115
341562698
3237069908
4933888634
1321326766
1029132514
341562698
334404235
819109382
618420173
86377174
1469969304
678849560
785773594
791513591
678849560
262524115
794478014
6619597326
1662563636
3590721433
2810983882
1945403475
58656882390
3072822568
53623379416
28306776733
821787756
6000973556
2755654601
915162678
963827351
2810983882
86377174
1663154618
112618850
4386182254
1570026311
4413281568
1555231960
1704435838
4249789825
2357981097
3072822568
618420173
958197434
1555231960
1611512707
1945403475
622426888
2469678443
218604066
1028954038
679335110
552244092
6643406216
1709066172
3346752354
1433933926
1145152441
1162715269
936099907
2264205543
1279660925
622426888
1162715269
963827351
848906990
6777308409
618420173
1306607150
832249497
2399323153
1663154618
848906990
679335110
9406929104
5648724731
9406929104
4335365045
958197434
2409134089
960284298
868987973
2255836988
1306607150
2514353764
2335220990
1611512707
4922344416
3929968320
832249497
863589554
794478014
1286563515
128456734
1457062454
2255836988
9406929104
2409134089
863589554
1012783709
618061916
2264205543
1142832982
720938382
2264205543
266280591
1760457793
84294516607
120030523
1861832672
1279660925
10556398674
4232927490
1353300036
2708281606
266280591
1306607150
4832401874
4773482320
618061916
832249497
678849560
848906990
1261912529
114428555
8238253922
1353300036
120030523
935412521
863589554
1279660925
4335365045
1760457793
12229350738
1399515704
3421137281
4315542486
1367417513
963827351
470139923
868987973
1667014902
4787405957
720938382
54201099235
2775141316
1457062454
341562698
856516712
3532031444
12546374247
3453921361
1749113588
86923445166
2291853548
1577405856
88376127186
12198063836
2518866471
14417065096
266280591
2255836988
3389305764
1723287199
3281842274
92054079554
5756365197
1667014902
992714518
1457062454
57871604388
57871604388
15510380706
5756365197
341562698
1828124921
15510380706
2251878516
3617542303
114428555
3125669316
4787405957
9544973206
2719036146
1683488889
2719036146
2612279415
3782274792
620702672
470139923
102932568657
3671049609
3384459018
1759741374
6732507892
620702672
1238818091
3125669316
3143584807
4071780851
9369872818
6732507892
1683488889
2251878516
1734624031
618061916
1683488889
3125669316
1901328633
15640445080
9048873409
2794773249
1307370543
3982612881
2291853548
1754001111
186307981
3671049609
1912249330
1038127727
992714518
1683488889
1831896896
868987973
3982612881
73742124604
1831896896
1831896896
2114930135
2291853548
1584557952
1399515704
4071780851
1831896896
240660499
74588631874
3116066143
4071780851
1191935055
3046649692
10242432175
10056141002
1831896896
3528211844
1191935055
2114930135
161771674820
9369872818
1577405856
4951286215
15724819261
2311241528
2255836988
992714518
18997877913
10641866579
983909144
1828561047
5562583068
4143349633
1201786435
983909144
8237104360
1754001111
2217502759
1307370543
4101918982
1828561047
983909144
2077345081
1487436967
152158491448
7932621711
618061916
3046649692
1310789691
1511600978
2344659728
176516380223
1816122328
6805929136
2251393996
2223850752
1406670363
21594386889
2291853548
5383208908
85087204275
14966330558
2002978332
6941619322
2343042238
11075051327
11075051327
1754001111
7476172869
2746393146
1406670363
3730770019
983909144
1306607150
186307981
4101918982
1957153522
15728170536
5647498191
4067884864
4670535281
6941619322
3128308550
2873919512
2393919190
10365089756
1430169769
1830764155
7032007756
1816122328
3747453871
23877450308
7476172869
620702672
3077705764
18258454770
4009448110
11869167763
1344921969
9534069502
983909144
1415638695
2651312920
3072117137
8770306095
2725654976
4459307331
24614440018
9534069502
4374986569
8770306095
2251393996
15799586104
3365446843
3410094583
198671013687
8489998423
9064654263
1403374364
2873919512
3297019217
1306607150
9064654263
106301628110
2873919512
4346214975
2734118075
2132618525
3277063710
1736707819
1306607150
27282423596
227973078640
8236432601
3794846624
13858265074
1492172228
13182565019
16582327567
2223850752
3410094583
3226972114
2734118075
2344659728
2936229450
177452729854
1492172228
2343042238
3410094583
2343042238
3747272695
2343042238
7626510710
26853956664
6148354237
2223850752
2936229450
27525151819
2251393996
1608377553
1250144399
186307981
1608377553
2053891303
1250144399
8117878010
3277063710
7562898008
2955163629
8557609633
121010938964
28419286663
189400038872
28419286663
3251619832
7562898008
28918399007
4658676969
1373237911
1492172228
3251619832
8006701104
3730770019
6148354237
9064654263
2105867121
7247187721
5185576141
8961234569
2105867121
21946199939
30520410854
3277063710
9587490034
7247187721
2291265265
2482585813
9587490034
2053891303
8006701104
28946804899
1492172228
10376480372
264367788651
1830764155
31542835157
5256070657
3297019217
2995834489
4500233283
14683361642
29758506648
1830764155
7298038974
7915694809
2955163629
3303694074
1888469299
269549784619
3150204980
6718116112
3404628586
4313858468
3421151439
2867729015
2376809865
4629186681
4277051122
22421357717
16087872649
8610054895
12000852352
3603491440
204752090752
1403374364
5256070657
3277063710
4500233283
205789379105
1816122328
2955163629
30957709923
11891964244
4107954952
2423094413
24910490054
1777270388
1888469299
9552117790
12000852352
1310789691
12074553843
10688806108
866729710
31984989795
4591713490
2885377327
139226041544
4095765643
3883150961
3646914317
2734118075
2145981419
6625892930
16980634098
2651312920
4690811222
3421151439
7096374017
4339718174
4347702561
2885377327
143674310971
8036996949
9729768311
3297019217
7093843250
3883150961
3397503757
4302199919
4222447055
32411940683
4347702561
2053891303
3921019334
265001693223
2872269027
5286634350
3921019334
20209629545
3921019334
10963577968
39605959229
27708295951
5286634350
3567452366
10840415749
19673769392
8352015014
33176964604
4282632080
8096966260
7090947048
5223769353
12074553843
2867729015
3567452366
7093843250
12000852352
1310789691
283546517120
18655775391
41290049123
14216450469
1912979746
36200487044
283681790362
9729768311
21259508323
2759557382
9859085029
41219654777
12000852352
8587433183
5571088722
5168282351
5197158403
14216450469
4758650490
7256971466
162435598368
3258226702
23201310283
5197158403
1531915649
2053891303
12508928560
3128803319
30846716481
28168153544
6189960463
2053891303
19206840407
330461297290
10023783435
1777270388
30877235085
5223769353
3128803319
8587433183
4380291883
30877235085
6053045592
2759557382
2734118075
13576487837
6379142442
2745204674
2376809865
1531915649
6053045592
1888469299
338858028176
2187825279
13141971764
3567452366
2769589713
1310789691
3128803319
2769589713
2734118075
304846386687
24176212407
36038937085
23511676986
43954234467
9926501786
307424756948
348200657136
2874005629
5167709392
2769589713
2874005629
4313858468
9656699903
4532224105
12365590926
5320727921
3096158443
4302199919
10498464033
2187825279
12365590926
7228280040
2734118075
3421151439
1531915649
7368548502
4758650490
7228280040
2187825279
47328070149
5620855936
12508928560
34232361081
10650537090
31376884878
9336893838
10650537090
184275638853
3591583855
2981180152
4481850233
4481850233
6817400418
10453828606
6157933426
3176854527
3128803319
1310789691
4396287962
5975324414
5620855936
1531915649
12748923190
29745866900
5749707550
4958565852
6438736035
2374821527
26296179918
8608407777
4958565852
8003848760
6438736035
31823483994
10650537090
2053891303
3176854527
4396287962
4396287962
4222447055
13449020745
7819639205
7090947048
8347645719
15188954239
10498464033
14251373411
7090947048
50889576508
2825238144
3260941950
3096158443
4339718174
48240304996
2734118075
3591583855
4416821568
37868851469
9051691958
10501215708
5734759726
3331987790
12320956631
5992238408
347433177505
7811832683
8988758475
4958565852
5381197677
195653704008
3435833250
5749707550
11103336047
5190732323
8988758475
28048904746
4791647363
14957140104
2053891303
2053891303
7193493486
8988758475
11144603847
