13550774
13693597
14126126
14165861
14268949
14444619
14701478
14844301
14994832
15019971
15137655
15276830
15419653
15491030
15497719
15570184
15595323
15713007
15852182
15888677
15995005
16113800
16145536
16170675
16256623
16263863
16288359
16427534
16434322
16464029
16570357
16689152
16720888
16746027
16764625
16831975
16863711
16889379
17002886
17007645
17039381
17105422
17145709
17175787
17194828
17206950
17220386
17264504
17282030
17291224
17296240
17321379
17407327
17439063
17578238
17582997
17614733
17652253
17721061
17839856
17871592
17895435
17896731
17929275
17982679
18014415
18064057
18153590
18158349
18162764
18190085
18296413
18384332
18389880
18403275
18415208
18446944
18472083
18558031
18589767
18683571
18728942
18733701
18765437
18871765
18883318
18913786
18990560
19007144
19021599
19022296
19047435
19133383
19138628
19150311
19165119
19304294
19309053
19315519
19340789
19361207
19447117
19458342
19462104
19549846
19565912
19597648
19622787
19634340
19708735
19712394
19740471
19785932
19816264
19879646
19884405
19890871
19916141
19963025
20006263
20022469
20033694
20130904
20141264
20173000
20198139
20209364
20213126
20284087
20287746
20301642
20315823
20320683
20378271
20399039
20405798
20454998
20459757
20466223
20475901
20491493
20595160
20597821
20609046
20646104
20706256
20716616
20748352
20762447
20773491
20783594
20784716
20802635
20856160
20859439
20863098
20881926
20891175
20894411
20914874
20926022
20957057
21000192
21030350
21035109
21041575
21057697
21066845
21129293
21148561
21156452
21172141
21173173
21182005
21184398
21221456
21261547
21281608
21291968
21311217
21323704
21348843
21354280
21360068
21426109
21434791
21438450
21457278
21466527
21490226
21501294
21503242
21510891
21513469
21515515
21574962
21575544
21605702
21607117
21607985
21610461
21611911
21616927
21633049
21642197
21645433
21685692
21708079
21708368
21711353
21718972
21731804
21748525
21750808
21759750
21776904
21791679
21796808
21808719
21810203
21810720
21856960
21867320
21899056
21900002
21924195
21927709
21929632
21935420
21956054
21972940
21975095
21995994
21997687
22010143
22013802
22029960
22032630
22041879
22049381
22056312
22062456
22065578
22070532
22087771
22090162
22115172
22150314
22150896
22160237
22181054
22183337
22185282
22185813
22192279
22198568
22208401
22217549
22229237
22236672
22249962
22275420
22283720
22288092
22307156
22322751
22323877
22325984
22326160
22335102
22349844
22352735
22355059
22368885
22372160
22384071
22384744
22388989
22416544
22432312
22442672
22444250
22447427
22451051
22462375
22469994
22472326
22474408
22491367
22496413
22499547
22501830
22503061
22503061
22504984
22510772
22527926
22559772
22561225
22567345
22585495
22589154
22592730
22607982
22612269
22613792
22617078
22617231
22632575
22632833
22636207
22637808
22640930
22644239
22645884
22645884
22665514
22667094
22675702
22688683
22693930
22705019
22723962
22725666
22726248
22743149
22747710
22756406
22756500
22758689
22761165
22767631
22770632
22783753
22792901
22798338
22800403
22812519
22821554
22831506
22838793
22850501
22850772
22859072
22882508
22899229
22901336
22901512
22910454
22947512
22959423
22972951
22988258
22991896
23004258
23005844
23007664
23012876
23016189
23017130
23018024
23019602
23036171
23049760
23051270
23053957
23057845
23071629
23071765
23074899
23077182
23078413
23078413
23078413
23080336
23086124
23102938
23124720
23140011
23140676
23147214
23152426
23155699
23160847
23164506
23170147
23183334
23191974
23192583
23204589
23209130
23213160
23213925
23216282
23221236
23221236
23221236
23223348
23223649
23225114
23233699
23240866
23242389
23245761
23252740
23264035
23269246
23269282
23274463
23285892
23301018
23301600
23305156
23327831
23329784
23331758
23333440
23334041
23334537
23336517
23340957
23342983
23345984
23359105
23368100
23368253
23371767
23373690
23396906
23396906
23406858
23415724
23425853
23426124
23428715
23429969
23434404
23434424
23444952
23457860
23459315
23471164
23474581
23476688
23476864
23478808
23485806
23490947
23506514
23513638
23514590
23522864
23524913
23534775
23546749
23551241
23558677
23563218
23567248
23582528
23583016
23588228
23593376
23594954
23598101
23605325
23610125
23623184
23623334
23625112
23628453
23636206
23644786
23647117
23650251
23652534
23653765
23653765
23653765
23653765
23655688
23656030
23656461
23661476
23663827
23671819
23678290
23680171
23686419
23700072
23727778
23731051
23736199
23736778
23739858
23745044
23758686
23760140
23767935
23779029
23779941
23783045
23784057
23784482
23786252
23788512
23791634
23796588
23796588
23796588
23796588
23805293
23816218
23821113
23827885
23829071
23830678
23832896
