198 3307
20 167 438515316
34 157 971852322
166 53 394300888
37 135 221329456
192 175 154204050
121 193 551666499
74 188 165573288
37 175 340240730
19 68 289571087
28 126 928104872
169 52 123582648
0 117 745991284
188 59 842202107
97 105 630412666
16 114 498351628
168 125 784928509
11 161 127534372
26 75 833497707
0 11 687931379
24 98 244718551
145 26 20801452
158 143 355924230
115 125 690017158
174 176 803294930
54 185 946079173
43 6 727024413
123 44 879769416
98 153 559811578
73 11 235524451
158 139 776026758
62 93 14794717
98 98 720571223
58 116 796633469
84 99 641040998
86 85 968755344
114 74 522400394
139 151 713122607
55 121 618863045
121 17 341598455
160 131 906815308
191 147 408388855
129 93 546683979
74 178 876453251
169 81 152089337
96 61 768682371
101 125 43682976
177 183 432384535
79 36 470850913
109 153 170224155
44 24 450267292
76 178 398793146
118 38 535373866
124 56 454223175
175 130 621479207
161 134 767759722
145 131 61417523
122 141 57584825
67 20 140519368
169 173 746971524
165 170 956715524
118 139 768003152
24 54 451084112
93 90 359276035
97 138 725160672
106 159 114167506
125 194 560410489
108 137 130521102
154 99 673784692
29 98 547390767
54 82 918907491
175 51 959281984
167 40 240580148
141 140 417951470
20 110 802111065
74 150 489807160
0 128 928498200
8 142 849120861
51 74 452366144
191 90 539193694
60 106 516992536
120 25 835065314
42 158 841323885
64 5 157189036
26 56 865147378
13 16 939186672
79 188 736419273
115 186 100482925
190 73 207078158
15 9 841728391
122 174 175274605
27 24 542450578
165 69 666635166
136 58 339209102
120 156 105053326
169 23 62382451
3 86 267282042
117 130 153189967
146 12 624826186
65 156 278984851
77 153 594398944
103 37 280079021
117 67 181183811
189 105 370504522
180 93 375804846
2 192 556804229
85 45 541889826
77 66 88758222
180 17 226507935
174 110 27581793
16 10 542625172
94 189 857808701
104 109 640541109
23 166 652508655
21 59 841257575
134 93 243438395
87 197 571326179
132 66 669576242
178 114 507999416
57 52 230352222
50 74 503767011
143 149 664210990
43 91 925460172
14 55 829642973
55 56 361674599
190 76 785745601
135 59 966641926
15 77 936072923
56 89 282814429
46 159 222508650
147 68 446156728
136 6 639133554
94 168 989896707
182 82 419326830
177 122 667444606
150 187 866208269
66 120 431514131
129 163 943448848
191 186 950314009
183 51 631376618
45 56 686364694
71 82 33178915
180 103 401551809
154 30 713096229
82 100 876305540
103 21 692354475
13 118 423932058
47 71 36055195
63 42 284557381
175 74 517158976
172 66 30153827
54 5 814102623
19 151 522109048
160 79 157747929
178 20 602205584
94 98 241156718
46 65 26330289
72 188 757421185
71 197 100094375
195 171 466379693
77 167 883936895
180 145 771426224
92 20 216075740
47 169 818202476
122 84 760752796
196 66 627815220
59 115 848522387
150 138 760197524
53 100 551878800
95 24 605114429
84 179 526468100
171 14 322395253
55 51 73868603
70 80 819534977
188 10 159574372
82 52 569032647
167 133 92109772
107 187 997640684
184 12 163841781
45 145 527279854
149 93 825600828
178 174 662394584
43 169 526029631
66 38 145225889
192 29 493349994
167 106 919760601
1 103 479524149
23 180 98267329
61 184 610994558
65 90 695401049
197 123 652937313
83 54 369633656
186 63 364262473
167 66 916469761
124 141 537000402
19 57 754252109
34 163 818238630
190 158 316296339
93 96 858165233
22 181 447978049
131 60 129467790
79 0 269187615
158 127 224523528
16 96 151351160
45 61 720556425
187 101 558013828
97 98 596451848
37 67 229409045
41 91 244268087
26 68 712303461
125 59 400756757
4 165 520949197
170 3 770641586
68 79 206506865
147 125 284576741
132 101 426487834
156 123 245042498
97 31 540428525
103 29 765106038
98 107 526645191
0 178 975930689
68 37 393297838
137 69 236199294
78 3 163052827
154 53 783841627
135 109 213899036
85 190 5263802
188 166 616630151
119 71 281726247
2 38 507281137
171 156 690886711
132 106 969184969
169 164 790446549
58 38 446159634
154 65 50958913
117 116 723009321
190 72 390541368
123 10 280341375
50 176 374953702
126 175 729265461
76 193 955067290
109 106 649244496
149 16 58959400
46 165 468356746
197 131 520611198
97 136 338566460
48 161 815107773
148 72 499736219
146 165 184461370
178 92 668869818
44 25 591152693
171 133 818954776
121 192 295570355
29 21 52838933
131 7 74571118
122 10 972506542
144 166 688510331
132 52 946779394
6 15 742529502
29 168 696929227
49 177 714037098
181 79 250362370
148 93 679685395
93 34 641446831
65 65 350931058
13 134 883994451
109 69 881966518
103 2 792786924
54 112 308601024
4 23 968134726
21 173 375083204
190 99 974083705
133 147 451778840
30 83 371155843
70 35 627867174
174 83 259886833
197 31 790431708
133 155 275267119
88 82 640263314
27 117 892457773
110 162 200095663
9 0 291020255
166 106 868171037
15 117 964108291
78 189 558711507
59 63 346371627
19 196 639620798
21 51 708843882
161 138 361829422
156 37 277039010
53 127 435384031
26 193 230111597
52 174 500859489
28 165 260278946
92 39 345594556
89 50 624776853
88 20 579438334
63 186 265187641
86 115 198663186
11 124 640996607
45 12 261241587
179 63 957831148
9 25 460867724
93 27 983581696
7 25 108274187
13 80 498558263
152 74 296809898
172 48 320030779
188 95 952677000
127 141 30812790
106 103 517189916
53 172 117868169
70 66 376709503
190 9 881704835
60 168 671912026
8 184 411219984
72 4 653950150
53 78 511757108
1 44 59330877
43 87 172889412
100 6 285003715
23 71 163104723
138 158 333718354
172 164 271233382
17 32 656290080
27 109 513466249
164 52 369789944
101 158 753661661
170 73 617837613
157 133 890038099
8 130 503245087
8 73 272209698
110 129 205615968
192 109 630241853
103 61 764150336
136 21 924757858
117 10 208590219
148 182 753780894
85 71 654504862
24 103 81649354
12 86 344347488
13 109 283637445
70 9 818598887
125 127 472162215
75 75 965366075
82 153 784120491
35 115 766570707
164 72 699482279
5 75 489464750
27 183 838097134
46 123 256848552
32 84 272345341
189 70 99012962
121 153 168314449
179 125 563514902
100 187 346397948
156 189 702020839
46 100 631509812
115 39 210025366
27 50 936207831
128 87 460569577
149 22 574313045
113 71 923769666
22 90 354787354
155 161 51127090
174 155 375671544
182 123 242959816
126 137 783662212
101 163 276548711
105 59 484644312
153 51 106726488
14 9 811470505
117 62 167890486
81 180 323511843
19 153 70867571
58 19 881979170
185 63 415836685
138 63 920571730
74 23 641823415
58 79 163891899
27 134 97992719
62 75 571072742
132 132 488427068
106 196 444543767
68 174 577182747
99 145 368297356
150 76 603229814
153 27 741115302
168 101 74151036
125 167 431058588
188 93 951623218
54 2 96318279
172 6 284610017
14 156 287270551
75 138 579587746
127 136 909091607
112 0 346389052
79 147 343186918
32 89 537904215
144 5 704612621
170 197 816650959
168 86 429778465
44 15 111911610
147 191 724820110
10 28 886580304
167 33 890423863
157 72 81049761
182 66 580958889
65 191 755976734
170 133 52630966
155 149 725905097
124 120 397193189
175 53 264285398
100 123 398903837
157 143 42555256
84 39 822016969
129 134 723820454
124 168 578290718
160 138 305417026
20 100 659078480
80 162 196853893
108 79 38453610
29 107 509076113
97 9 383999440
140 157 586064397
107 114 817994466
94 134 961866290
81 44 837948065
98 185 921140175
6 19 363435739
64 48 873465776
163 166 572167892
10 187 403751022
179 189 532514768
79 58 273793675
168 164 63499081
102 1 38090461
176 177 113289857
71 107 222851360
21 31 167061526
154 7 115758647
51 138 141885122
128 94 447055925
85 173 929540102
102 159 678065314
56 153 609375770
197 184 110207770
10 6 724816032
15 127 542264670
4 184 170548121
141 13 14597412
78 91 152629223
43 155 654388007
168 5 674004066
94 17 409301426
84 63 27643658
87 132 835244957
141 22 357330747
115 110 676944986
125 144 906940954
176 54 385229878
113 144 312595584
71 34 581842462
57 110 513172960
9 150 513466673
136 16 281666871
142 98 279331981
99 151 392235729
120 60 47319048
79 97 828061976
141 101 558208714
179 88 194094447
134 34 65358327
23 184 823914026
136 166 940210458
79 194 435329081
3 3 336766925
176 160 898111850
196 93 64204493
136 32 316754520
70 133 161806379
100 52 939517374
153 105 701947667
124 169 229045522
142 23 339716825
146 160 418090299
27 150 268102168
164 174 775549947
131 12 624872740
176 103 207766045
193 176 260996698
53 102 971073126
98 130 33506267
51 34 318648159
155 47 65352387
130 141 146843858
49 53 524991055
5 47 944979619
76 99 37316260
152 38 404379332
72 100 667553251
66 119 690675835
70 21 136256557
68 23 961634402
23 151 892659050
98 83 35748415
72 45 842461654
144 59 791397636
86 54 565680428
78 167 965195636
25 128 593377271
98 113 74669238
12 178 233291625
32 92 231390216
49 84 542112408
179 113 245157536
13 84 34894533
33 156 120577987
47 148 689645238
35 76 120871575
173 31 514901844
140 81 346343197
75 52 964176180
63 158 435864460
188 130 840362268
146 41 545919900
168 87 357488357
97 67 336355842
180 120 111677670
104 150 901894368
176 110 375550775
125 58 329992444
91 35 441109664
69 136 155540461
152 31 975232444
87 75 64126459
168 182 917453574
26 135 911452461
139 181 36722762
123 158 70187767
185 1 479087664
92 4 760196003
27 152 389757268
118 63 379914550
25 42 184329927
119 180 180449833
25 123 912719039
40 99 637901681
66 128 9611949
48 5 348063205
92 131 117960592
160 36 407813944
20 106 2611726
180 108 335413397
18 127 67354820
135 132 625300852
168 37 18604130
31 136 266777005
105 70 278134440
179 1 436064368
108 132 812345410
61 112 467555994
161 97 398696525
111 99 960688053
145 197 866554512
129 85 814337307
28 63 586946582
177 34 467802010
116 133 818448110
57 17 269087990
135 154 993482075
173 66 889017284
61 13 89979166
162 8 54471279
47 48 994882577
167 156 216845011
12 157 515021574
84 132 150372708
134 73 171697724
51 147 255576789
196 118 420384261
149 71 396295907
19 117 436147483
58 48 750123730
191 173 860752611
140 40 51436441
181 114 831483646
194 142 397093577
130 136 374779446
54 98 155634183
152 126 54782201
72 31 181687901
44 60 322533707
105 163 278959662
179 141 20882414
133 76 784876129
162 145 901977336
168 26 996419940
103 192 146669257
140 23 2939136
23 4 880803009
85 159 440271198
157 89 562942392
86 75 647197703
170 99 764611429
120 29 306989824
59 170 571791095
140 156 918220617
76 65 132497808
116 180 681918483
88 79 470022761
52 58 218551651
105 190 882299996
64 137 593570261
21 161 984397482
49 192 835148061
127 19 386689724
109 111 7922530
182 164 206544716
88 171 618689759
168 138 458125099
80 98 4778710
162 159 196630641
139 123 660742263
8 83 159725466
140 139 436285205
62 32 683058425
120 108 293734472
126 148 905731350
129 30 548140131
142 132 778968424
76 53 94332881
96 185 226363859
138 31 905791467
117 117 847932937
155 194 573726655
153 160 194361641
129 191 712748157
95 155 215425122
108 64 506269941
170 10 781562428
129 183 49589635
195 34 15140712
35 121 614445189
146 110 298388248
111 18 97098912
56 173 612675096
40 1 232010904
58 74 85122763
116 86 387311897
94 54 705678950
23 80 319173831
168 165 462145253
98 163 692653513
16 81 761739537
63 81 751561511
167 163 766781401
154 169 878546361
42 146 534361729
96 167 564141501
160 40 920825515
33 16 942667901
38 103 368573570
30 78 434115283
58 153 88943832
43 182 199886671
51 96 509768422
20 65 685086342
0 192 757870208
71 157 933683769
81 38 831535621
18 26 403705436
91 133 197457956
19 46 313076697
41 14 944661330
192 34 369723865
127 68 167124879
51 87 756532743
196 9 373802225
154 20 508137865
149 163 531250252
14 110 732359063
150 197 296058292
56 151 554651448
121 195 455963173
130 7 127680828
83 42 905221292
24 193 928848648
87 12 273777603
181 180 514394981
152 168 531967056
50 53 108251500
162 98 338872713
12 47 674718098
182 62 197106173
174 160 892240619
42 119 610861806
164 17 438417911
181 58 186670019
62 22 397783741
161 54 327759630
115 113 847866607
55 42 320652026
191 189 918422550
25 154 547184260
112 143 218807542
147 196 161711953
165 58 34069197
136 8 56526321
173 136 217702860
119 33 300281133
126 149 794695420
67 7 598995069
179 142 933673332
31 126 430343837
62 56 844927056
157 159 981920171
73 91 370734026
143 186 235776515
7 9 795557610
18 71 340704425
104 113 707901307
177 110 84358577
164 41 229475000
84 65 200992204
51 3 345957338
18 122 388087112
188 35 768169673
159 160 303051564
97 87 574338929
159 42 626240833
41 111 646390500
154 92 483553211
62 88 814305140
86 29 322902343
5 82 413345060
33 126 910465628
171 186 959917095
106 195 59900974
131 105 228202831
12 35 985605494
189 94 898491672
50 189 544847835
130 170 4469663
151 156 471539419
44 52 59066156
186 11 371515155
189 16 321754700
38 94 872567578
154 11 321071301
90 93 291346175
46 86 121369220
93 70 744837168
148 50 868885555
41 9 863566442
33 118 204147850
88 44 123812896
76 148 553432669
123 64 437230060
74 99 149725000
185 122 632019018
144 62 960322942
10 59 274654104
176 98 276524721
88 164 424950455
193 182 7407045
121 178 344453612
79 197 40640065
55 145 120454052
62 195 898971866
184 112 972554062
86 147 751030766
139 191 940118009
23 124 819077060
45 89 530475283
68 147 589054548
63 153 327512179
168 190 233232445
74 3 32815220
97 184 702378280
150 142 860417645
152 115 119952925
76 107 825813839
183 73 973246371
58 144 10101378
190 63 469321854
51 133 942020732
187 180 602477980
6 12 376408450
48 141 121013798
49 105 802213312
182 131 530234596
101 103 940605354
12 121 66533580
133 165 816705790
127 59 917125527
151 46 854660271
166 128 10740588
42 91 986310958
151 126 885429431
3 66 454624539
80 16 253701857
160 164 384467716
191 152 710531804
75 67 770973770
3 183 192520912
84 25 247991196
92 174 760805952
142 130 863842538
121 52 746391088
96 47 785208890
194 22 842155363
39 116 201987342
84 93 72762560
99 12 454945783
95 191 636924355
73 87 905508663
185 11 376278678
122 116 839179344
34 44 328738783
97 132 950927028
69 191 156796271
117 97 906738105
114 98 573032304
192 66 2893499
31 108 784074876
54 26 317389215
77 128 386149468
129 159 112644398
43 172 685650678
117 108 300271490
77 3 199414798
152 55 849677773
174 164 475777619
149 105 533061419
153 101 777464393
144 19 475047495
170 149 337905063
63 111 769203764
13 92 12606787
194 77 344960569
127 88 390395369
192 121 364680614
48 122 270621462
164 95 846378551
31 41 211886192
186 2 889253726
81 69 914852130
157 188 360038989
59 26 603366714
119 114 155493792
185 125 910417423
107 23 538772398
71 51 406733526
113 63 736763197
50 55 529048101
127 31 63793669
185 8 540946820
98 4 273695030
78 101 131902665
57 72 452407180
64 152 246734786
173 137 979893949
37 113 124052197
175 183 672559697
52 26 445667399
75 164 847631727
179 109 26660099
30 50 903816924
114 59 820709687
176 142 771345553
108 84 907012871
104 178 410042168
147 1 777112400
98 70 738554575
23 156 276690838
3 0 3693358
123 63 798499561
178 127 977290877
57 103 21377172
138 0 203084550
77 22 437608207
88 39 853011395
164 93 854199244
95 48 95601994
23 173 769466894
29 78 241884016
166 122 437437915
111 165 852167796
149 141 441735533
55 27 677504269
70 169 656715022
172 130 617959334
42 27 700833652
99 88 389361835
144 40 439477821
122 183 499951597
178 76 261048820
81 139 442292465
134 130 521296035
147 126 488639024
67 0 282546328
135 104 279218976
176 120 536122100
46 124 17265493
100 65 502706832
178 130 884765537
158 39 928583861
8 52 701475437
162 99 408403142
24 90 424910187
111 108 531574917
101 88 529048391
53 144 182018181
37 132 287585793
197 0 781539892
139 107 800070397
10 97 385122497
119 67 311237046
113 127 290438107
143 80 592265014
105 66 542280592
140 193 56816618
64 9 994661375
141 117 642571860
126 147 230904585
57 40 853198926
48 14 374273381
125 154 106936627
105 61 282583696
35 101 327991308
88 54 963315303
73 158 177134183
111 188 304076603
97 107 480837103
4 91 707597994
134 163 930326727
177 191 819795978
99 36 328553136
112 87 525104692
39 147 75579760
183 58 794614114
10 27 988242386
75 133 624447628
36 161 377604460
160 52 367910157
119 148 875577426
115 131 472123219
163 111 473552101
163 136 801418197
181 40 186596472
67 71 908051944
137 60 695200218
24 15 237523035
108 147 807055421
46 61 856527094
136 15 741671926
137 107 170178555
197 156 769984909
105 20 206659418
32 110 69437987
137 124 295918890
84 89 60685211
177 26 554203950
113 121 832266019
30 27 250616501
45 46 176311788
49 21 648740766
191 15 677817480
17 112 147185200
101 174 673678951
56 0 97134312
78 11 800066896
106 127 725506146
38 87 819933613
182 78 763646813
5 145 179655246
18 114 389663096
157 57 931869179
169 128 678423751
111 112 606888724
36 74 653911053
159 15 401966197
68 86 749552906
148 99 534102759
109 104 345812516
93 18 710300781
101 72 279818933
3 12 72203010
118 171 988842429
126 134 996162336
61 25 686721923
173 46 78807421
96 59 779241864
65 60 879692293
193 173 869716095
109 173 900093945
68 120 671609506
40 95 63799105
75 188 350503104
189 181 967940864
98 37 920845882
158 113 310901392
45 59 196348511
117 15 894632826
14 88 214966429
160 28 164260032
178 181 770913473
61 129 605592884
19 115 760033843
71 182 447021306
153 137 932970800
77 76 793695601
121 187 429704092
74 146 827681700
75 143 171672166
109 169 430945573
8 193 873001742
50 34 984824306
121 135 868705011
9 89 305163590
174 56 36999399
176 78 459058622
160 83 812780083
30 181 628571435
28 85 21669996
55 129 115473870
165 187 650776555
134 55 666562819
180 84 515851646
116 20 22055276
128 152 650190325
120 172 232236945
100 173 958916371
143 40 333685885
34 149 535628623
117 59 745837940
81 183 533900149
109 157 884082201
181 146 34078337
105 128 966512280
104 195 96738439
83 141 542037466
169 156 357612474
68 172 795350528
162 163 19113078
73 108 766043958
119 176 313971268
74 183 289887178
142 89 171501407
57 160 709913481
142 11 933922024
154 73 542195603
149 186 855983855
14 102 846783431
124 164 713259131
10 145 530572468
53 19 440903018
8 24 398895836
60 122 547433879
66 82 414712888
98 151 719261300
23 85 909185821
134 148 685453037
20 48 1280972
113 115 667574379
148 39 773051600
46 193 175328469
68 85 223817980
128 96 161198367
11 82 473464853
53 75 211714877
33 61 880027634
37 167 591077167
160 182 817457195
184 16 152119472
142 15 17282797
3 22 337542072
163 141 9017877
61 111 331393769
149 38 299773988
0 190 897521991
135 68 428952756
24 46 19227174
178 141 779596859
138 137 773965680
115 102 56488834
119 157 828471205
175 137 854060763
194 57 198413420
97 88 242627354
55 190 988164967
54 140 106786950
86 148 910667373
15 6 124085518
103 101 63556598
61 3 17438058
101 109 15459901
107 185 296357768
184 1 685354965
182 108 310130038
192 83 574355224
155 60 513970234
155 21 292444879
87 110 753784370
40 187 870339584
151 90 719464448
48 190 396136583
12 6 595971594
126 37 916302039
140 60 389103229
50 112 495022745
72 125 747260687
108 161 419806642
46 48 686672353
103 18 238325489
176 150 327780073
26 180 669757851
65 152 847827626
0 17 186145350
82 129 912986676
107 58 896968467
159 68 778334332
72 138 454326193
108 5 659278018
113 174 182270161
150 171 111211487
188 26 214550069
139 33 159877994
161 156 152647533
9 50 512774878
100 36 217784966
113 171 451255276
43 71 987610175
51 54 642046699
144 85 250105723
21 94 525818763
84 135 659778399
26 158 717985037
57 170 528806460
43 32 872507812
182 58 859456116
131 71 613653054
102 44 197935244
140 122 216513286
39 91 805002168
117 146 129673745
93 152 45625206
175 189 192270296
81 46 430270094
65 46 523034168
136 66 739469989
170 190 824238153
193 58 565029981
141 93 435634524
158 86 99640566
17 142 195854766
10 66 797665222
118 89 925435522
148 51 906616014
20 141 867346589
142 113 109526530
73 101 231695801
155 93 484617229
169 12 893944990
15 109 527965664
172 72 603147270
171 25 259263910
77 154 398305097
135 137 707722277
19 18 255223614
53 99 650479322
7 140 606818850
147 39 746993718
60 120 766082706
175 169 857847826
37 159 537655260
92 128 175907955
190 53 383165495
57 168 802441745
56 143 590297212
161 176 795057041
64 2 470983320
7 176 941298841
158 31 137622205
92 119 143369386
57 96 884144824
153 192 365701736
52 183 586124679
119 187 501921898
19 145 833106527
195 110 954538440
54 156 797880663
78 77 107248795
192 92 968107982
171 101 770720656
183 69 732544398
39 167 849945106
88 49 301861304
21 169 104426706
18 89 629392795
127 188 670228644
167 87 440295629
27 6 90666792
26 90 897770524
145 140 966427865
72 114 508246646
39 105 855248639
114 169 984231094
109 159 224077148
166 13 561080158
31 116 263780278
171 29 820259403
128 162 538948881
143 30 484818335
156 187 931273460
79 119 457884944
133 118 766361536
79 68 345582367
5 165 302425239
110 16 631683314
121 185 839077803
86 122 796443225
103 106 325835976
153 146 469119841
4 154 874553319
6 57 508806680
36 59 17925563
37 20 913468247
54 155 395153334
146 155 714514392
56 159 440231990
2 94 226161300
59 82 759021060
50 118 398391947
146 194 79405113
95 94 198751250
48 45 648930769
10 109 378430521
167 147 592880289
132 87 785666407
106 175 618756375
45 34 659543920
119 190 304547281
33 132 129412394
196 89 525756120
129 150 768015995
63 6 669642367
26 80 146448487
156 3 263376904
187 142 44224455
108 15 170199973
49 149 609517317
57 37 560924500
194 193 424943364
6 128 474094488
86 158 908170174
31 179 184831729
115 193 858271398
158 170 203462375
0 130 344001273
34 15 346443360
56 35 363866249
34 129 402648720
6 186 310740441
184 173 779732358
67 117 251211945
137 42 592098265
141 70 299474876
181 83 668400022
25 181 675348551
78 15 7846009
75 22 510895101
12 163 298236892
55 34 142168289
25 144 991862177
52 62 375968384
171 78 306123368
125 143 166422392
26 197 681039481
105 126 127447953
73 22 427546615
138 159 742960922
105 178 181760647
100 83 622693804
133 1 357505202
23 185 157470292
37 129 824398114
179 120 25596997
149 167 7712135
29 148 361124113
162 180 161968290
190 35 750269803
60 150 750811182
19 27 364034267
157 150 159606658
124 50 630470182
62 155 513723135
37 70 874868538
148 146 124995816
21 194 520588181
47 53 295524941
81 162 251282809
28 167 580660714
54 123 29694365
66 27 902163344
133 153 934964349
152 166 119460366
139 157 485770882
19 73 199772394
89 136 531563022
158 169 912059200
86 27 475912142
188 158 970627685
140 184 450278910
146 141 327043849
61 103 56116226
150 71 572163294
149 46 87075773
174 9 185745446
98 15 509006727
152 132 442707917
71 190 136565078
185 169 157140971
24 35 125050980
118 96 45136388
144 163 106115835
21 164 170623965
167 113 833726295
172 0 838830177
116 124 676754701
16 52 215236449
51 29 800149337
117 133 575846248
65 123 468988893
144 197 910756946
133 196 59521786
42 197 947319531
162 22 360981077
164 9 185480481
147 53 270824943
84 171 540441573
45 150 34334903
52 28 274459451
52 81 182732253
66 67 529345855
197 9 214586661
32 112 817299766
107 12 71025951
19 147 772682005
117 71 263290199
167 117 296073181
54 59 189804556
167 3 174034366
93 79 341993612
33 186 820528977
107 134 71391897
183 30 264685752
109 38 341793345
93 121 278305639
102 152 859612743
40 121 809863748
96 5 93171951
17 179 724601750
31 181 328066188
106 55 110296481
72 111 269427889
11 133 154179711
18 126 596041786
47 17 966580001
143 45 444891666
103 122 314918405
60 70 936832802
181 140 554243919
72 85 100590194
132 143 856834874
88 161 630427825
100 141 461650637
98 35 289298793
155 134 668161197
52 140 554252832
24 55 871297556
195 30 627053384
3 152 980708762
163 35 221363767
6 97 915641294
127 11 682076384
93 143 418113178
162 122 764294838
127 86 141410820
52 106 616891690
56 178 403047002
28 140 611772206
72 175 464608228
146 21 472464512
104 172 141358064
98 165 207011927
11 141 513587506
176 194 75733803
102 184 942625245
95 4 696856809
192 8 233097090
89 154 411920753
71 112 727098514
33 140 879733955
48 95 423090022
83 178 513630035
149 72 657355417
67 73 395156108
143 118 873258653
69 111 908859240
163 38 942482862
169 70 49196850
76 120 384697395
139 97 611794591
165 101 387737532
31 173 888498544
129 194 923151097
5 169 815642328
36 89 284606975
115 24 319656621
125 63 499456775
156 4 750774068
95 195 249743651
163 183 375125579
46 151 342270204
197 14 833513010
3 197 457807666
67 186 436744487
192 60 821673620
144 118 947097636
47 38 262280644
22 36 152193321
176 16 34394795
123 84 759822502
95 159 290085716
19 123 386301365
140 179 752737499
173 20 88110196
94 2 748558032
128 61 650045504
122 140 652714345
152 112 779856520
33 39 664637836
192 39 675733435
29 50 467974927
31 166 733912897
128 8 816388307
181 196 215721222
55 14 847806348
70 18 698412381
47 21 965392364
176 97 558088574
1 118 395678618
69 30 301294477
184 74 958848369
39 74 48375222
162 43 58305441
155 126 340266689
107 73 681161092
89 176 537513150
142 131 359574358
89 78 765634728
9 49 214494610
3 27 704913057
174 18 671257713
173 85 733360229
191 132 619388041
60 32 508773714
186 7 307591743
182 144 79440146
103 83 867227484
25 152 760207471
154 137 291305728
3 184 810534096
197 151 684333296
36 65 902846702
77 133 750276960
113 66 110407874
35 91 886541399
173 134 887022570
117 85 654198161
131 47 806869618
91 22 270393841
172 47 45983211
165 93 929743739
194 79 211985796
116 31 873366543
122 147 821498642
58 5 254654514
91 52 779981591
195 137 568808251
102 121 689343788
172 30 701657029
178 118 616047415
49 173 967305072
32 12 683253560
174 170 595536462
9 22 740965281
86 166 867950199
115 180 697182882
29 70 963762269
55 106 381310684
47 187 394187120
122 127 983380379
96 85 790802006
128 159 441843861
126 107 968345613
174 62 173440537
129 82 424740395
195 142 66644698
170 50 562071353
77 71 226601477
163 92 556587782
32 180 832385835
113 139 282963832
37 152 451345609
69 75 831292996
28 150 993125382
2 63 326811299
160 142 436004515
57 63 164220487
107 87 459949453
56 66 450194701
23 167 308055115
160 124 714444245
75 145 864085094
58 109 886357221
11 76 911793353
36 116 328785045
52 170 317397278
116 40 24751140
141 142 188103975
121 130 635744134
39 127 159113846
48 147 268428789
86 194 808911843
86 76 14013402
127 78 425755499
166 169 458543105
158 112 706407987
34 186 950233846
54 12 585646956
46 103 37386573
157 155 397037876
93 22 112923327
33 3 557558155
67 48 529575446
77 148 388696850
186 78 407408210
100 106 8961014
56 182 374255661
111 191 613467191
97 10 558437904
90 6 296742131
1 157 469208628
191 67 810086159
131 77 583975273
182 81 126527376
146 8 563344756
163 75 51237435
15 144 334544132
9 104 839312897
197 70 309986868
92 76 479911662
46 116 368564425
57 118 216405229
45 24 618827337
112 73 329859999
144 170 618586073
177 30 3262820
169 123 995625947
135 0 710956150
87 165 125849039
64 144 128045298
170 92 333950860
154 9 164420761
91 91 958230008
25 93 921761829
151 158 148576344
30 14 761532459
77 90 455485452
88 66 926457737
27 69 378170503
64 109 529930824
127 67 353207296
167 154 792341218
40 171 656383303
8 133 949476730
38 131 408106830
53 49 778993176
197 15 891953328
6 39 424567801
126 12 749098129
144 60 234570382
116 185 359117087
159 141 184384557
92 121 185494980
179 19 930498052
45 80 190122854
112 40 736779850
164 57 546383678
91 169 495146064
88 168 872794446
185 126 810251656
89 189 654443331
94 123 212705771
82 158 942141274
26 48 812444824
108 65 214978497
107 132 701906961
179 14 847772314
138 107 609266741
55 195 547286208
35 39 882580349
193 108 836848880
12 5 453637966
25 131 752996790
168 124 748368486
0 168 198652481
177 18 674931746
70 98 846454715
88 156 278189861
189 183 78903550
113 169 301576660
156 113 147405524
54 126 136477282
94 12 873682549
42 144 529431723
115 80 767459297
129 5 165926259
106 179 410887310
101 87 769840376
142 175 8169416
30 44 879339264
13 55 202058517
148 111 926626950
51 108 50732554
57 5 900348154
120 70 202837266
84 137 294465864
76 58 127558020
97 145 576692755
110 149 484468168
19 163 507945953
16 138 55183334
3 43 384066782
169 108 472867444
54 124 348506996
44 72 3257679
158 29 521626741
89 33 125410852
151 73 660861746
157 48 265669010
182 183 12233906
122 184 198806524
91 196 884573272
111 158 630663758
61 38 514673003
76 16 814930994
57 42 727852354
15 160 814766583
52 180 716727736
102 150 654253908
48 156 681823746
115 18 78172305
179 157 668783528
4 25 303036330
177 13 598515924
31 146 896881345
67 196 150190359
170 60 804598277
140 78 961632329
178 22 78009620
135 106 913853244
106 1 128660496
75 16 272609187
151 122 31212965
108 174 959936222
3 115 34990498
190 193 997687860
22 46 57174038
150 181 313231980
34 140 862882378
62 71 151012484
18 147 413047004
65 159 79323939
184 55 844510111
3 195 759491048
29 151 657210842
178 132 572500052
181 103 995542592
67 180 228336024
31 163 961175786
142 37 193629785
123 51 737466001
106 18 969725138
165 48 551466983
83 131 65833448
187 60 643758361
125 38 815685618
36 10 42120224
14 151 155161286
131 94 983522836
54 1 327316316
109 29 908537864
69 197 852292179
110 17 737601665
154 97 650074057
92 66 960437527
0 131 846580469
80 173 509786001
52 94 974487338
141 49 417142364
52 128 644398531
2 124 798903238
93 188 479684327
91 162 109099946
63 187 944891804
66 61 503472391
195 84 793740404
107 93 721034259
181 51 412483273
42 9 373347927
110 158 590063607
129 174 357186780
64 36 669840895
132 160 29519970
127 157 671355951
186 13 212541095
14 193 791016089
146 109 704775110
69 194 656617052
157 116 138401354
44 148 839372227
151 53 137243971
18 69 769675189
151 164 895785119
69 40 600553027
49 154 165249248
72 6 530455403
48 105 422582434
21 71 774288299
153 189 902889233
10 52 164660285
163 188 553793727
55 87 57912495
181 184 328482640
62 106 872424896
59 144 642265779
88 142 401842087
146 53 902356420
184 192 29156635
127 150 201381992
146 123 293109746
85 142 785882784
167 42 365976094
1 136 618224824
180 27 748555145
176 105 172981981
19 169 27256836
51 45 816903401
188 150 468848866
45 7 46958057
168 61 973490555
48 89 64402098
142 59 364896017
85 192 525308148
55 127 884382230
52 139 917692971
135 130 189856316
37 14 749502438
89 164 833617617
131 144 717987731
95 7 694602360
113 89 274436278
183 112 203612744
193 167 794898081
147 13 75049009
6 150 271959453
167 76 390073358
12 107 51863992
144 8 415393288
95 172 834285432
147 130 458986326
99 40 739294228
87 24 772236704
92 158 830799686
122 29 31484486
15 190 126042995
141 38 551927791
115 103 828326390
26 16 822565803
83 30 87937791
171 164 133073511
81 55 598825401
187 127 245005329
28 194 886789971
113 3 257977233
104 99 450074297
179 159 522474776
0 18 948903298
33 14 888434679
190 6 527925155
90 0 877309654
160 115 453878576
117 76 317956295
152 98 439319781
88 136 937987646
123 87 712663418
21 49 591812883
127 46 303506464
55 113 554690057
74 135 337945406
71 163 984801803
169 85 477163400
10 169 236898128
108 112 194718738
149 177 656164263
184 153 635180937
180 121 301665137
43 100 554887645
102 51 317384299
108 129 665240974
63 173 777002569
95 29 332258813
98 31 520852915
0 139 735087068
177 16 921596548
102 26 466191174
145 66 790878906
44 187 200557163
83 1 783934829
27 63 687481784
71 12 847726356
183 143 851182196
76 168 452992940
124 22 597201905
59 105 797676252
75 194 850669263
41 159 97649817
197 110 987477119
173 52 228977966
105 1 860181126
76 143 718623661
16 136 399031232
182 44 740905446
128 74 442787797
0 170 687774917
19 79 382781492
0 169 546486650
2 39 649072971
25 140 717835060
172 129 341372387
96 103 130642638
140 4 706016124
110 37 986466147
7 168 94915439
145 134 8258555
177 143 645624714
160 61 289536045
144 64 599079169
50 172 926902879
99 33 443707751
15 173 526424825
118 34 941745604
140 141 535884210
133 148 493949664
133 6 444834454
69 164 571811734
127 122 471734321
154 187 331854298
132 197 191085451
8 168 409424687
29 135 132804680
197 108 499558938
187 164 722966437
48 90 185143633
120 40 250824413
34 37 561585061
162 191 777563984
38 99 920266373
135 140 374287933
7 187 275979477
61 46 398622906
133 104 449976993
41 46 420860400
88 120 120492818
197 124 684746171
38 6 1418808
171 43 292298991
194 133 47166912
62 65 171904576
124 76 382835555
164 127 556652109
2 103 138348566
193 140 280548149
169 83 433769381
139 1 146752150
93 44 390280897
50 82 27517708
50 161 380571286
53 168 386225781
124 162 698729595
157 178 115734500
15 18 41947141
197 173 929878931
36 146 361849495
5 81 755644135
165 162 794053307
112 178 695651669
154 105 103725753
72 148 29933476
82 190 167640082
63 179 871282505
19 21 905158115
132 130 453720703
100 29 577626467
71 74 505999711
122 106 288998502
75 114 730448417
23 169 712194478
113 67 504334612
71 99 250709091
188 114 227833331
69 180 680283495
179 27 698598659
89 175 261266812
160 196 161724060
27 43 814576846
60 27 208330301
137 121 697102087
166 23 226728142
46 182 787753748
168 157 381951382
173 80 506769531
197 72 685913322
86 165 895104231
167 52 73630699
44 151 984275279
152 59 14341375
29 173 793398200
157 36 672044459
188 52 206606851
182 22 667559420
193 22 790719072
7 100 711807929
166 176 641818076
57 13 916348340
124 31 494785189
74 153 408258962
116 142 180344188
114 91 537790121
98 191 338465593
172 145 450056383
143 142 955057004
196 167 685155448
63 164 210748233
175 151 271515678
160 97 512893609
197 82 494320730
75 116 295668846
70 48 403332540
125 12 48474920
115 108 191374078
67 159 513030188
178 171 706686931
75 98 282942651
123 59 89733260
155 189 706235402
185 162 842903579
162 12 705330636
158 81 60699777
55 39 815144457
42 102 37304855
7 192 562528708
177 46 950278606
194 12 656370170
112 54 21456752
132 103 679658633
132 34 647703874
111 130 879820945
158 182 961265057
4 127 691307380
66 125 325669131
73 55 972973908
182 141 247433114
159 2 261974995
58 60 491394420
18 104 890407760
49 166 504127254
196 42 61956025
1 123 824758121
60 34 976279334
128 76 576058990
16 112 125102370
134 13 783428491
161 152 66009601
172 124 126350229
193 146 508280723
47 171 360695702
146 100 825824414
124 40 130035418
25 78 39980783
190 91 482201726
91 25 729123597
50 84 789379737
75 12 659303763
55 194 825648873
10 128 970422520
124 51 459587078
177 85 978982495
24 73 118413472
169 30 529163
94 71 605375673
28 127 72048069
67 140 762992409
58 15 808666487
147 44 990451538
77 149 577289552
88 43 176768349
83 75 373179729
113 140 198149284
7 148 311280455
106 165 974465033
28 159 191449682
102 104 14127981
190 0 277065581
183 105 58798278
2 111 742851284
141 179 294285011
23 10 500272817
152 12 847909993
4 156 289034565
147 176 559363182
132 35 920192494
184 83 574402259
64 14 871405145
119 74 192879122
122 120 942023982
188 111 119720958
106 90 329481935
50 183 76931741
190 178 845785941
97 142 902910868
87 135 730751621
129 8 333894250
15 96 783218070
72 2 537710470
9 10 221016725
48 10 967040085
34 65 912388706
26 37 144386079
133 89 338109054
94 23 1160354
144 42 644996726
111 37 521974013
67 172 45575896
178 102 542387463
87 59 540312536
12 69 887390948
50 9 295199270
97 117 33691385
173 67 72068661
169 79 126004987
159 102 364321690
7 72 78783779
38 95 215134150
9 158 410449896
76 149 787221857
154 154 999278
117 65 435657484
39 25 603583718
182 63 524505969
108 150 166187467
116 63 563358565
125 169 456810458
8 48 943771232
72 48 629658045
184 81 719276221
27 97 569853711
170 111 738542629
136 90 771401135
91 7 632758489
178 0 186193460
159 186 439518504
104 44 926301463
68 118 875679534
122 94 770358578
76 83 618818827
96 71 141223626
17 151 654485138
13 138 677520526
140 9 729998763
7 22 292542068
43 50 820782994
144 20 346993989
151 154 371504222
38 101 739303301
173 58 852009304
109 175 16364424
23 140 140561753
97 57 527638306
51 0 250546857
137 139 221333240
102 100 886280932
26 166 563325716
154 188 354178617
46 94 987714718
83 163 814614827
194 108 436809041
157 73 203536929
72 68 485027932
80 167 262653613
12 193 530053842
31 145 416482130
169 78 429815635
6 56 372066154
185 72 111856979
156 197 845650953
161 121 58655694
154 8 30576325
161 34 442852984
91 72 384933128
64 183 946864969
169 7 898788245
96 4 509006641
91 166 397001376
24 134 955076792
106 87 111140020
48 92 394914769
33 2 833222166
92 87 206980856
36 173 926519965
23 20 448311833
49 38 353681258
132 49 322175906
71 83 506322702
64 165 612624337
6 86 975555452
48 120 20605988
114 185 400539681
133 173 867181650
155 183 199285651
117 25 636305482
97 78 445571646
185 30 263175197
178 145 585752824
179 100 729082783
32 53 602384486
48 135 381560026
131 14 521431254
9 186 976760156
195 174 997215198
146 43 433089192
70 50 907786388
56 82 738239805
61 76 21352872
35 98 443434282
81 102 141134322
5 121 247566427
28 27 946095216
85 158 921865596
45 70 169329617
173 73 363350432
182 31 729341169
195 100 306714861
161 3 432444506
153 70 614920408
84 85 890915656
188 38 253381663
104 110 195491991
63 47 950631041
107 19 415678521
154 102 505572582
171 45 939248483
141 105 340427523
142 56 651548055
151 178 19416128
76 7 61690425
196 125 74623789
120 96 676663066
72 179 319407476
3 67 386577464
87 124 576928623
35 161 906991627
117 152 58510336
146 121 365538602
127 10 822743104
169 197 666406770
192 123 901951041
149 193 235211931
134 42 396885479
43 168 127689133
144 161 758641179
42 167 569712330
96 40 540099072
150 134 334551502
180 12 996337974
47 121 980170471
18 13 531643771
144 174 231150502
59 14 103799329
186 59 452888185
130 139 986698338
34 126 710291219
87 79 221496454
180 184 353329401
162 183 206527641
10 34 116638282
44 175 133999465
127 36 593689595
192 25 801227090
186 124 222937647
59 64 197657215
82 117 601906606
152 92 34685679
95 142 607150366
148 187 925952279
133 46 204041942
155 4 688902766
67 42 831019532
111 175 628883362
122 76 803934294
120 131 517514784
137 76 715640443
24 136 474352358
29 82 469345896
5 61 923499093
8 195 700367914
27 127 972154398
10 2 519539568
128 127 973304148
61 130 275206693
168 28 979003197
177 111 985394514
168 57 932463780
142 55 647368963
96 11 802473054
95 75 537038948
179 43 67923568
126 36 939615508
67 8 277871581
74 33 477214893
93 48 186536732
93 176 85762775
91 75 786022595
192 182 577777271
196 184 356043495
26 188 870715060
44 18 640683516
50 138 239635389
125 110 205957369
88 122 913500294
160 118 95206564
181 3 411904209
136 106 305080052
32 102 447669803
98 104 157212706
196 58 67322792
173 191 839556917
3 147 742563346
14 75 581710363
17 117 532054842
186 184 328487140
73 138 304154898
94 116 662773778
153 179 889179594
139 167 72725244
4 21 285584281
117 126 333775686
134 81 671093344
133 90 123140303
70 114 345003532
48 128 547887438
122 162 337971260
157 111 850376249
178 131 351181926
29 186 47869029
112 91 514983317
85 83 340737512
135 71 351009297
28 28 392182980
63 132 375223940
188 81 938263795
107 169 976122077
155 136 438700429
31 133 39547001
188 190 385766897
59 130 282452430
6 40 919951146
166 96 402452012
28 154 22572658
74 149 738879803
197 30 991944281
144 14 89052047
127 163 836001483
41 110 419978100
162 0 639098506
67 41 892679059
172 153 38789806
101 55 827745891
107 181 808765245
80 41 84074057
88 166 440529364
160 25 867535576
49 124 399021886
172 140 66327368
44 159 844460694
159 155 945420673
11 72 464135862
69 49 29334676
139 197 327793343
185 39 30644493
84 97 800451328
69 123 159161592
149 70 777786491
21 171 769716164
39 3 577133711
118 137 437515597
17 195 77390210
30 111 977546476
9 37 633918917
68 110 539777099
170 70 179762260
113 24 882768495
131 53 740553689
9 156 864505437
49 137 787537988
141 102 191200467
28 193 428894789
19 10 532527100
117 149 195612405
159 162 434924387
98 100 605547313
64 98 849422255
80 88 111632642
147 65 298740129
138 189 825769347
192 197 444906634
35 57 927415209
39 156 520418202
124 140 526510031
135 12 120968643
171 13 941746870
39 81 575099552
3 100 629954218
28 142 573216135
33 109 983160192
43 187 685283762
59 189 114235129
93 28 260458402
40 8 885168982
64 124 718906634
5 157 394260438
86 13 776415817
173 141 747440602
104 46 179617449
135 14 283571066
43 158 564170968
113 118 156786067
158 6 511978430
160 104 408373833
167 89 490524406
106 122 518944397
35 155 633578033
118 115 632625854
54 54 958458831
113 109 571156861
167 88 599508103
110 74 425167173
121 166 856994968
155 125 674153374
68 58 501413350
97 2 891970379
15 161 733516443
38 181 176604287
145 111 98380325
73 17 210273070
51 135 772371325
4 63 464806750
150 32 369328873
138 183 803887547
133 190 701351572
45 193 9775926
81 53 702967792
120 58 575205994
62 84 549348603
101 193 957775013
89 13 17512005
183 195 589954853
107 156 250967232
73 169 81974572
159 3 277086412
184 67 419212192
160 89 15619383
48 107 544133161
53 189 675095
116 118 976674721
7 157 715750278
166 54 301124124
169 174 912790623
183 111 908701003
176 63 126282205
93 138 215703046
13 167 952776337
80 125 841501443
83 166 507089077
103 166 15171301
12 50 758347049
187 65 92160558
145 133 613566198
180 191 591031408
45 140 550371546
167 5 510918973
90 58 989914938
152 14 948000090
110 26 508403804
8 71 505292141
116 139 81795594
179 129 149001916
67 155 915739873
101 102 630819858
181 129 475698579
58 191 652405009
174 99 429120946
65 131 410501200
10 98 309909375
128 126 875579515
76 22 511309566
35 126 44661286
15 60 525400022
18 63 542845195
195 2 115381007
91 33 300807013
92 28 618904228
49 57 473617855
116 51 96271377
26 115 294431950
148 87 170872547
169 167 764458790
23 99 951919308
55 57 280197506
117 189 681045697
34 150 810852690
166 42 698829287
135 191 638733248
59 87 251640263
173 106 205243517
99 23 792868080
80 100 540398288
80 46 723030594
138 43 209722353
104 125 237188546
25 109 855439388
20 195 111821279
125 6 396802397
129 128 27758867
194 165 276514498
118 65 652118697
29 105 552318920
152 125 663473904
172 34 616147919
85 54 159251160
175 29 42678318
66 111 121857933
145 44 851348331
140 96 38569060
10 123 549826907
29 197 908009322
55 124 986892137
154 64 973418529
94 69 512831126
113 49 775960722
23 121 273969540
32 17 649080359
191 62 321789201
67 176 501680407
150 26 500995080
100 50 527824439
142 19 742607385
126 126 584189773
110 70 609407917
154 69 739839530
175 112 669072531
108 76 733978737
58 175 297775645
127 41 559253995
96 176 735232600
58 148 950736066
93 126 797256267
23 47 227016803
173 95 710258852
16 84 360950325
117 98 334347828
10 141 373170979
142 87 459961132
150 5 591019107
68 181 848069562
165 190 186039329
87 35 584849409
35 9 164997845
167 44 741492373
143 117 283222890
38 183 929538719
157 149 215231776
172 117 604099786
34 46 919070044
83 169 23945185
83 36 391324251
188 147 782571980
122 105 677389943
162 73 690639941
147 156 928439586
13 99 192545256
50 30 390505957
65 105 626468079
175 121 637212473
155 160 987302707
147 85 557774473
57 130 69837606
74 41 736162152
195 125 81443465
153 110 235192769
35 144 583002303
176 53 920659403
153 116 515556001
57 111 785586642
139 37 38799779
93 104 899590186
145 76 637456856
70 73 852805860
174 36 506718200
140 180 963929039
168 14 885527951
162 13 454928628
36 170 501656286
12 144 507682869
21 78 166844090
36 194 374228613
129 26 192344286
153 73 722969852
99 15 299887194
91 184 267178466
70 124 167664262
123 122 12962143
50 58 850796457
183 89 116483794
151 12 497290388
132 122 628028913
63 162 118880615
110 54 493581159
54 157 511235137
84 147 18316076
59 7 257148430
40 94 894512139
18 50 102401567
175 174 929667436
86 127 800476755
136 147 831527856
32 70 474147223
179 24 890349632
99 197 87807539
98 170 510376865
78 133 636328915
177 0 243219925
176 0 405358213
77 51 378202612
15 4 806605607
181 124 162920275
3 9 66806593
22 152 699262498
20 93 287731310
159 40 957042519
30 68 256732898
21 72 577543023
73 26 657929431
157 187 905307089
194 45 75491390
64 99 167580455
13 6 872742785
35 69 595229885
191 27 263385088
34 63 939999982
172 49 965597385
83 77 494471201
105 80 811673136
83 12 604788999
151 22 154765697
131 142 402918907
69 102 370291946
163 40 118047072
63 117 391779827
12 127 605401045
114 56 105116299
76 126 308441265
130 37 694348511
32 76 773291783
169 35 260339822
184 164 685630470
108 22 713312778
114 135 323074892
79 186 931880778
115 117 743460404
38 142 103387863
55 11 751558332
142 64 930624340
161 153 270334873
24 2 849956421
122 188 931912544
50 107 539697734
13 123 220428625
58 114 120136716
39 193 468678768
9 41 559149353
91 76 759910784
77 10 665044103
125 14 422123357
193 187 623611184
146 135 886632309
181 39 967467388
81 145 631778879
63 24 894085651
190 87 508003000
184 171 160270149
4 50 497668471
70 143 851210346
182 40 679395189
89 34 186683409
61 163 710311231
117 94 932652736
151 184 899961248
9 9 841577742
108 87 233475626
99 69 170027921
45 123 450994351
139 7 910062059
92 75 800814554
190 177 113698390
13 63 888451005
154 51 657765577
6 46 349375559
139 158 405289691
54 107 153199135
26 83 50395588
67 179 912464988
146 26 632268893
149 39 342609826
118 21 53152674
155 89 145065806
46 150 9904973
95 77 23398510
34 138 692319363
6 105 741179494
12 84 918136660
80 190 199609313
62 46 415003467
91 49 369387927
48 195 777519788
9 69 723489303
147 124 996228433
171 166 13377588
13 3 594326614
101 80 287744895
83 160 654922369
44 93 407588369
63 2 627151851
25 3 622629851
121 108 763332472
89 22 22064649
25 71 224548278
111 185 208649481
117 153 73657337
122 2 508552598
133 91 473923031
18 91 399110621
153 141 406097831
188 76 997123279
43 61 714072404
5 48 357372780
161 126 662141622
130 19 337606316
53 60 345364797
3 63 961587336
110 124 486830183
155 31 772314877
19 45 918258935
88 192 220331811
142 195 661315426
2 23 14357365
11 70 938250515
25 147 875394021
178 187 606870601
13 8 291725410
156 147 476585513
3 117 460247855
78 162 390307553
109 181 574511770
27 13 237881598
179 96 330061813
149 27 253875488
82 15 340729980
101 29 174298522
174 117 522728270
178 74 983696327
159 13 52675615
181 92 549128335
125 160 212584257
58 159 588474357
5 160 457306417
102 62 763963333
114 65 415640286
147 77 391379854
91 106 722730745
195 189 377706485
156 44 713048606
104 8 515702206
28 180 77663608
20 68 995687640
63 21 210488131
155 132 467181190
68 189 483982074
143 116 424658549
44 99 319347486
77 49 187168075
173 102 399288676
182 67 690588863
15 151 712790665
88 28 357015630
36 111 559919363
74 73 553564337
195 196 948393115
34 164 90908044
59 36 570497337
123 29 604096246
26 157 662114521
15 169 130040573
78 73 245993177
91 45 339088928
185 80 538760707
146 168 61577860
67 106 869882966
184 105 926847898
77 119 76299886
90 83 31421935
133 39 30544090
61 48 549685245
134 156 246680507
148 35 487414082
47 147 707762421
165 122 542695932
80 0 664675569
14 24 626328829
8 13 515308236
171 96 780022855
101 153 385632425
104 97 903136666
28 95 626113775
80 2 178248956
1 109 705837890
86 192 782269026
132 99 134864792
95 92 574242613
108 36 394964752
142 52 566585548
66 75 542767547
24 196 27367164
12 94 553008455
5 102 836610303
29 49 202278346
185 129 789585967
159 126 972753592
86 0 241801770
33 129 419618023
186 44 855883663
12 172 315175086
17 20 770377968
31 69 83691836
89 117 398519932
96 196 560434910
135 183 122671832
150 22 676562986
47 156 612333517
174 168 334086605
137 157 642352677
83 38 302685293
0 82 972898777
5 139 840614725
190 28 571276395
135 124 45159141
33 35 264144987
65 91 320578109
54 110 509961912
48 33 775770894
119 93 913393949
168 118 790339431
40 169 147367715
79 110 550522757
123 5 427525384
149 168 183170274
66 42 144012408
189 176 923970131
152 149 234723146
101 169 113749472
108 117 626147118
161 45 446525846
158 46 708773339
51 28 642648254
96 32 651517824
10 173 348456198
80 94 873512535
95 86 487621334
81 136 838885091
141 197 675888171
81 84 715325881
43 16 275112503
29 179 274746151
66 60 171470024
196 54 317896850
36 128 732661963
182 79 406968151
114 44 603258571
67 38 907840550
180 190 430569471
133 97 747636619
177 150 281794466
65 197 485134155
14 40 612644081
21 93 832463075
89 8 952126864
62 103 127511616
186 138 945657879
29 157 155149935
172 156 162269996
112 33 833292253
155 79 568434882
4 164 640247931
191 106 19395827
21 37 526099491
68 119 159943203
55 66 148172827
93 6 262791477
146 84 922236752
94 159 207868184
172 7 23963563
14 162 434399226
70 191 264423944
32 119 737249337
132 195 117966466
109 105 794484628
119 66 412949801
151 194 766311413
33 30 573260623
103 8 74916048
131 31 933696019
105 148 688434247
62 107 69286712
87 87 911422387
168 136 174157430
59 109 344239121
19 53 570017905
124 74 593866914
148 86 523592165
153 53 434651033
137 74 248720543
194 197 306613476
12 106 943107419
6 193 697556128
40 134 327113340
19 58 164290226
138 64 781167531
33 105 807055014
94 162 524113445
175 196 943994361
117 4 557068496
30 107 700233236
28 113 176520426
29 88 796465425
0 142 140219386
133 157 609891089
50 25 175864966
177 142 856809713
78 33 192214896
183 187 153112202
117 93 126787009
139 72 989998372
129 25 697089314
192 131 441326508
168 6 616965616
141 48 44599384
128 12 174215760
176 88 776533299
112 56 77057507
153 164 217951241
41 162 629840154
131 75 860947511
170 40 710099556
117 26 378792139
121 22 977076746
59 47 34262334
58 189 840533555
155 142 557939598
101 155 918409706
37 73 329668959
80 99 134553107
132 29 94215519
186 89 511320717
131 107 45393394
68 190 951843575
173 72 179685764
43 97 924688297
194 111 584291489
40 179 836904307
153 83 647333978
53 38 188842038
2 92 984187593
79 191 101246452
163 197 483501349
37 59 717164372
55 179 19489929
130 108 27632586
40 32 937372055
63 135 973454186
197 84 104377034
95 18 776392783
140 115 183166258
40 128 307789610
187 52 958473355
174 98 613513158
27 153 812730669
15 125 599692520
120 67 276454244
168 196 929523692
42 142 400126598
96 179 45797022
38 16 708076023
154 135 986938320
129 177 727141275
180 180 954828264
152 171 476779569
148 186 904679094
180 6 5696408
190 128 401334606
151 85 781042697
6 44 557733695
121 57 612822771
122 63 130080389
194 59 17099444
104 87 227603612
64 12 7000625
73 159 412647439
66 177 986724200
0 54 721653890
190 55 536916095
73 78 268636336
4 51 834298338
93 21 256238652
69 88 312922855
59 95 351892468
152 2 497719387
197 112 452963469
81 77 66206507
28 14 176417167
148 6 257822226
17 116 787437491
9 166 183748001
25 101 426897436
168 147 22176734
13 70 112871311
66 65 818272468
105 170 977478546
169 135 190641067
181 125 399658642
157 148 924446967
70 10 185797438
153 138 588850295
77 130 457441933
47 182 172383249
35 93 193056313
142 115 990772253
13 85 327915597
97 170 385702281
178 121 118264278
191 180 742968630
59 174 628471560
97 161 449389402
174 61 56144769
159 0 347923790
25 95 11878395
1 116 297006460
80 63 944118842
80 8 378663294
116 89 629905407
95 134 341273890
57 50 286253236
173 103 653542924
36 158 819859797
66 55 487152199
60 9 395389990
142 165 51707168
32 16 427733778
28 117 749695887
73 60 6003039
29 175 893496801
98 169 46287652
146 125 161598688
173 120 254626945
192 140 283034592
41 56 74597193
12 151 799630320
23 154 938808231
129 47 687258039
10 18 464345225
182 192 699774729
65 188 319492111
21 24 159531089
162 62 168887609
82 161 107295180
93 136 12200437
195 138 49083281
141 181 373364560
136 28 386614150
193 155 565953403
117 43 771920700
6 138 333300415
109 113 348056053
92 29 215106955
3 15 281914059
181 21 637589854
132 125 868285712
64 138 277220634
126 92 93994748
181 46 820612282
67 69 370057126
13 98 717916122
101 45 348567075
75 96 198718833
15 28 725850306
80 164 786844814
35 127 277045421
123 181 827109339
182 158 89988088
84 73 794008422
183 27 58177941
59 138 786562701
80 180 218970671
143 79 215353582
122 110 931728893
75 146 198211518
177 86 822348850
135 164 641771777
192 129 724907129
119 149 722552039
75 117 834578936
30 54 616623035
29 164 292156063
64 93 776881198
165 20 630433647
137 49 298929389
32 142 315343870
105 86 924142282
8 96 899833440
155 107 952357865
37 100 983627652
125 98 203259574
190 44 865725210
15 140 786382628
168 35 978732724
186 16 241474114
21 136 373278640
130 160 307941498
183 54 538411434
143 2 891203198
38 23 192505207
24 130 148756219
29 42 366651200
66 41 783841756
168 97 486080617
23 54 87735517
123 144 927585256
55 196 274618119
24 188 61381377
166 117 856531447
173 178 952013612
41 92 15762982
186 185 338281662
60 15 5957856
152 72 689671769
20 2 621807605
139 44 195856762
143 189 236531059
185 163 277712458
26 159 216936130
100 159 915288702
57 112 773872139
14 27 34336510
28 111 990529036
48 67 101856984
138 126 830556722
51 2 671747678
119 143 802154105
38 67 487393507
75 110 494683605
179 104 224213005
107 121 406820938
79 174 828699750
187 165 571492516
76 84 183406380
130 89 508263026
1 32 170860652
94 128 478312763
21 181 128335188
16 60 287372366
75 163 768467734
45 51 447611417
31 124 172772324
146 106 144251983
162 119 241630699
76 0 562289054
23 171 895918778
104 78 192090454
104 118 884610259
25 72 88642
69 167 887905417
28 101 273434346
60 188 164752689
194 7 661784225
156 48 726437312
18 52 179153844
104 124 718362849
193 33 372123703
191 77 950764649
40 173 898920740
139 128 76490736
142 16 830595188
105 52 301774901
196 189 578613104
171 125 524198477
172 63 603791805
173 158 897639822
169 104 594414258
81 165 886779838
49 29 481476937
130 15 919656980
87 90 271832675
7 71 896286173
79 83 327124216
25 193 276375116
5 89 666304606
44 106 988976886
155 137 836297323
94 125 328041205
27 101 340288069
67 160 794820449
43 162 881227082
38 49 102098773
75 26 499245887
129 142 139833315
195 117 789588991
156 33 320463145
75 160 214522004
132 100 205207017
142 46 566808275
123 135 335250901
109 21 379500521
178 120 846046736
62 12 60039055
53 35 327964242
17 183 453214914
141 149 42990312
118 9 225225918
0 70 449007918
120 193 183355290
32 42 942290891
140 189 610258171
54 193 545924742
151 168 175857949
128 177 190904262
174 15 186353111
1 125 161750441
45 194 171484418
40 76 336458782
122 27 610219467
3 53 650311305
6 77 420532034
160 102 866741807
134 143 753287283
145 138 494731534
119 77 580981580
115 0 348649861
84 182 454631032
117 58 478324087
51 182 531414927
0 113 634589509
90 72 919334178
18 133 339551851
65 25 458526069
105 99 376129297
32 68 779431467
69 7 947301563
166 151 152351669
112 160 684289413
96 77 587602971
31 185 561985643
132 44 924134396
192 137 582145298
194 158 924153086
115 21 961976311
191 166 925281345
173 190 624653379
41 29 59120893
157 6 175248126
175 11 296494744
139 106 397689952
38 63 738786363
16 14 928854070
8 140 37239707
144 156 287008343
188 32 994448268
11 172 576574896
83 173 16802280
32 64 296820906
88 190 928372840
56 112 796113273
118 86 135379966
25 19 65573756
103 197 801384356
119 123 401321395
191 54 707757546
138 161 373597291
141 74 436415792
191 61 745788822
91 97 801153834
52 173 382248260
168 156 192237420
123 141 368051832
5 13 94936183
71 38 788811641
9 120 181154765
75 9 559244658
157 128 323725873
115 48 956080403
135 25 350649595
109 30 448779755
119 174 307455870
127 6 345448616
195 72 31676337
116 79 768395534
7 52 419284615
94 70 509531949
72 75 791908596
53 91 395744165
61 8 16697354
133 146 4806718
81 97 816866725
141 77 436139526
175 42 212349442
126 195 699415677
169 118 557792391
17 156 489408264
55 170 763046045
7 48 244015873
118 101 539331622
46 83 549638690
92 100 739535239
181 64 117378016
169 178 996948346
49 62 666574817
33 177 893803320
127 191 375756078
111 116 722503162
152 133 433409152
81 144 351750131
177 180 647648800
59 149 147086778
2 90 209311637
66 51 2887161
120 54 528906891
116 177 950581306
69 13 569781592
72 132 473651021
92 193 118327466
194 11 493544487
188 85 320633385
1 173 189594677
31 174 919251962
164 171 504092680
69 184 137652023
131 191 427329109
59 139 219665026
120 2 951486684
120 107 697097096
191 105 307163340
46 66 977395324
71 89 539957980
94 99 218815784
20 151 397757628
174 133 196620820
156 6 468497813
123 71 112834429
160 135 254995887
41 72 343150150
69 68 914679535
92 68 115695641
78 112 869325425
82 72 862748914
5 83 276198291
171 113 179277680
