88 5515
5 61 111681589
80 0 177741458
50 87 727272895
71 25 854025926
10 46 788165374
44 86 358996391
17 35 398318282
49 24 695297771
47 39 551242324
8 66 19141561
64 45 130997332
41 59 986922532
76 24 504459523
70 11 867470926
80 58 404243925
86 30 863589555
23 54 71459493
74 12 52898443
62 75 453002786
34 43 112784413
77 29 669309743
77 33 552010352
26 48 581004065
38 52 227723600
15 30 832249498
57 86 285284865
46 75 172354130
60 35 241389524
66 87 388198170
86 19 122021474
85 9 207534300
38 15 660803649
59 82 741997441
53 40 578541379
71 56 628486950
37 29 368100056
49 40 257571541
13 77 957474456
44 58 497916597
6 43 758608227
81 38 253805047
19 71 433527491
68 79 330922634
1 35 396169943
84 67 626274618
61 23 461020002
2 62 542275937
22 6 386859146
26 80 161552224
70 7 809928698
9 70 582647217
79 48 123862181
69 80 160906496
65 27 431937570
70 5 152536707
10 59 587182879
85 20 433177567
81 56 949027833
67 31 969391499
14 77 474202087
58 75 552865818
56 15 152225731
75 4 975997761
4 21 362895768
2 70 715453292
78 3 327962271
7 85 375024121
38 37 528901510
56 44 28006755
57 28 688293140
63 24 777760360
18 62 608345216
71 86 336664643
39 79 761089113
75 22 83056179
35 48 243035792
49 6 859516182
2 61 942428388
20 23 6608578
76 87 501862908
52 70 825068050
21 41 822668041
46 22 284212394
11 36 305802578
25 23 807004527
60 56 403000082
24 4 281288306
21 33 339577894
28 42 373371891
7 35 211866652
73 33 726140431
22 49 208630879
70 3 623265244
62 4 708077557
8 32 916270962
76 2 214684344
1 5 346811906
0 72 574395369
20 72 686130639
52 46 611174940
49 70 625755427
53 46 861275724
1 79 380623620
37 67 229586857
18 42 224743465
66 43 575524420
17 57 668871655
54 44 126489396
3 24 366334869
45 25 681172144
85 47 337985087
25 47 663568050
70 27 57760880
11 40 900175865
27 39 949829214
59 83 423646248
15 53 651799234
26 12 933593594
9 43 81723896
12 43 915828243
68 27 433606848
2 55 294506746
78 70 603609300
63 21 545181669
79 73 72715383
15 48 840677450
30 13 45193282
64 22 883101077
39 70 114102534
71 46 972445778
14 47 791371509
63 11 514430967
45 69 551526699
8 87 299972614
81 30 646920333
39 64 146743807
74 32 284596921
5 83 330146609
28 44 9246294
8 28 233187235
77 39 348647641
52 64 753554429
6 38 823734890
72 33 307300652
86 24 844795216
19 36 603046379
67 51 989010487
22 15 798998020
57 81 240553646
36 52 519427723
35 3 190714065
63 66 514539008
34 75 966631505
63 74 911413983
21 10 916421739
19 34 458864424
40 74 353591172
30 26 346645791
80 38 349828944
11 17 756238550
11 66 967629624
29 27 898560072
66 77 663391955
45 43 869461848
61 70 578716139
40 40 509062849
84 4 886502528
5 45 855444946
59 59 118599643
31 24 792637560
10 48 189059424
6 33 444435483
6 39 668912711
55 47 443637557
47 34 890762013
17 79 794659668
42 77 430267062
29 64 236639112
61 21 14852800
31 10 530860712
61 69 50580742
18 69 46814192
8 77 896329311
84 72 610996109
51 54 371400838
60 59 619194107
54 17 929186388
12 40 812328305
51 38 355607743
11 30 275273409
3 63 67449961
64 7 790261127
44 55 354972146
79 20 695845981
39 30 924228917
23 51 652354803
54 34 252615447
28 65 768224080
81 86 440470427
50 43 450117277
6 18 491907007
38 39 114441561
65 7 738077342
55 51 152230063
48 40 700259065
52 14 659149432
10 11 662641045
8 42 34144279
25 14 575974609
27 82 120433263
52 61 175187202
44 5 583134524
84 45 744261655
60 30 44708485
43 37 861865500
35 4 851907149
60 1 245147212
57 75 742844588
46 49 99930808
9 62 608071387
69 69 57735656
74 72 875817070
54 28 376039496
48 85 584961747
34 65 540554831
30 43 437613622
25 58 650879014
61 66 327974807
29 69 322810005
62 65 205601783
50 79 895001825
84 85 725216554
12 35 685457623
66 3 278191704
84 69 823009356
6 1 80948788
57 73 235569559
79 29 33485588
74 78 652046447
14 59 628698931
68 10 611435428
8 72 654534852
1 37 635402902
32 63 753785396
75 70 225313060
52 7 769612202
14 25 867762246
4 29 959633040
49 22 828874929
51 44 858150669
21 25 960531294
85 44 149989170
53 52 853182074
77 56 354179842
55 7 16586156
41 9 839924222
8 82 858278042
55 3 998198890
12 26 154086712
63 7 596315559
48 81 571774244
83 56 487174133
55 49 234895475
1 68 197695834
22 22 886509793
76 30 175048698
30 5 787669117
15 7 922100325
60 53 801616370
13 76 135767210
2 1 754696783
58 55 789617231
46 47 841214657
11 59 101540949
36 60 575194086
84 77 36273280
61 80 183561276
2 60 417080963
4 12 202304989
47 16 133748344
48 1 317172492
41 10 630548470
6 54 459072019
44 29 585966381
21 13 166094066
82 44 921100534
84 40 769773509
43 17 879948737
37 27 345025416
67 36 662436831
26 45 433686944
2 3 993049718
33 42 347086246
43 41 370746946
86 32 394522230
43 28 941180526
38 35 271211268
11 42 306774273
1 51 77386952
3 38 328353432
72 76 474737165
72 12 340924828
23 4 435937676
33 55 258115641
65 54 578701582
4 56 396036722
11 20 942431707
37 56 154012291
36 40 716201385
21 19 766449994
56 35 382097011
35 8 254801957
71 78 379631873
28 27 90970655
25 45 158324731
32 38 464105563
9 23 539193012
29 16 643658287
37 48 933952025
85 63 165837529
74 14 236332298
25 42 942912203
52 26 984946210
33 19 741091913
9 25 582989042
83 79 81873521
11 52 155391664
65 13 215597146
68 32 128259
36 38 639709359
8 37 916947761
34 47 685824386
26 47 154367659
10 17 353635635
44 50 703811037
57 20 881502302
2 25 353460886
8 60 395618385
46 69 848685349
58 77 598153864
21 22 948615696
68 4 324146326
80 86 4976595
28 78 173831242
86 71 952161725
16 30 499692604
75 26 652880395
31 82 82138312
35 49 324752558
34 27 682475088
36 79 182493835
72 85 770796681
69 27 112230374
26 65 82938853
22 45 715349065
24 82 589742957
61 40 843376473
19 66 502477153
58 85 590724966
50 10 276486271
48 22 187904869
4 67 587954330
2 44 727947852
77 70 300488212
19 62 224087429
30 45 642502813
11 83 113081598
72 67 816460708
69 43 821979039
84 15 825121687
6 11 22290055
10 60 288494967
65 15 314068723
18 37 913930704
42 8 477365465
56 37 799099895
85 56 561246604
36 43 10920698
9 59 82634045
75 85 983551975
34 53 577769621
53 71 676648359
73 47 856009014
77 49 296976107
17 22 957521005
15 20 364803494
46 77 752298284
13 56 195108693
39 28 374106390
86 72 302921317
16 77 424634318
33 53 774076874
36 18 495551115
31 42 856751255
7 77 890858722
77 71 664979798
82 37 491816388
17 59 137710788
81 14 931217464
27 85 282775904
77 24 659003055
79 83 177716843
44 67 364273510
3 33 882417805
18 6 124096762
23 27 65901970
32 17 564669475
9 18 529735746
16 83 988063438
59 47 563133579
84 26 351206548
32 75 2923606
29 0 295725505
17 43 624502764
47 80 762666512
13 75 63994636
29 67 578747745
78 53 114921172
72 70 292716909
2 40 399434405
5 64 704595458
86 18 156760993
28 18 879965706
53 28 954980110
79 49 737200851
51 57 653326137
23 24 79115220
48 15 796460859
70 56 38990528
9 17 637670683
54 2 586457844
65 35 423874900
34 13 302521659
23 33 507972936
69 32 537796773
37 32 405084590
58 64 662105273
16 43 90729003
73 42 447236498
69 52 776739817
66 73 442223275
49 82 346899375
3 53 239215593
44 70 355141344
78 83 393452980
53 1 450694316
22 79 41393011
58 34 279037786
32 34 407268236
53 44 844276369
53 17 55778847
30 56 460712236
73 75 484265423
70 19 441767865
56 14 405047936
24 44 957322866
64 53 803349377
21 60 685742818
5 67 825309175
38 34 335236301
0 21 538460413
70 51 526104535
46 58 402934419
57 1 965064131
31 56 13803841
28 45 496291831
74 46 389043559
74 63 860348621
50 27 598754431
24 42 386921760
6 26 245802782
39 66 393406904
6 31 867095868
62 3 859796221
82 35 633602575
30 65 270388797
38 13 649599846
29 57 982316513
43 61 98032735
8 73 181726586
56 11 765119943
11 70 426837367
29 6 302730666
71 13 843017111
51 13 404756820
82 17 134496759
66 84 351386749
5 74 255793096
53 61 561223184
49 25 600197101
69 39 951542627
67 16 306804401
29 55 86792989
34 34 373865993
37 61 634750663
22 77 809714941
54 42 37551427
68 0 713335535
24 85 770447193
51 34 26656092
27 13 308215945
0 29 209476356
35 66 79951245
30 58 749198800
53 58 653977535
65 69 309277967
60 43 129640194
41 20 137700307
73 45 282268719
56 80 158223416
13 86 910268943
23 11 41723009
1 61 116218423
42 31 378511427
45 62 566898671
7 14 278131291
67 4 252241223
80 44 335108677
57 18 137909212
60 42 425888969
82 52 134512120
46 26 78499342
38 4 552063152
44 83 259092475
67 84 495689089
47 43 840088177
5 55 742191537
5 16 963640122
47 3 437826577
44 78 63393521
64 69 180902474
19 13 434873397
8 40 287248922
86 27 827893501
77 66 448968717
87 64 974575740
13 38 931966779
35 12 930698711
46 0 192615315
38 68 431309990
68 77 828095813
57 82 810658605
4 14 971527654
29 5 310628584
74 86 205179618
16 31 944119518
33 80 788420222
83 25 608028307
23 5 596755269
74 82 930501490
42 26 250566263
85 21 693799073
28 85 424289418
53 0 677847217
27 73 836547881
25 63 122894474
13 78 185830990
26 66 647220941
48 84 572284455
20 3 108460273
52 48 594573250
13 69 287959682
6 21 789744657
15 34 813407987
47 35 856618327
52 65 361916237
67 38 755212681
52 68 974864328
30 12 757346109
78 19 215325425
79 13 841957290
55 35 591863321
64 27 401265021
47 14 761622300
71 7 108066178
54 6 588089870
5 22 332612861
72 34 489760232
5 37 209007661
83 58 405689485
51 64 829525211
87 70 723163170
64 31 704021741
61 47 358656774
3 58 614512306
69 13 210200587
29 37 374578811
58 6 869431297
13 7 332922776
43 49 968743355
27 42 947503168
61 45 913180421
21 0 463761751
45 59 249646794
55 86 517057111
67 74 360723807
18 20 152183576
18 26 412960045
23 41 127044045
30 37 940052227
27 71 829977707
53 20 76603267
82 84 560076172
35 18 642155652
82 42 290719246
18 50 632082484
0 18 672946529
75 37 84607492
75 74 384962532
73 27 47718147
27 7 768355613
2 68 718078117
63 65 133605123
67 23 459700324
2 76 440446311
24 3 650223120
86 68 111230646
11 56 120822460
71 42 359781967
53 56 36081229
12 59 163642293
79 56 259065568
48 29 596122997
7 18 880952982
45 32 196148908
69 78 709601332
16 76 934222735
71 51 586301257
7 62 314077764
53 62 268981165
33 5 283627266
6 16 231329535
35 38 449575379
51 83 983806263
77 43 479005037
31 75 258454501
55 76 144441335
56 53 305222663
80 5 934163763
49 76 781165867
9 53 220144982
66 31 220817785
50 39 525432292
56 73 377504554
48 26 626202647
27 25 38147956
58 57 906971749
38 32 809266502
72 18 986058462
22 69 984659716
77 2 343170802
4 28 53798401
76 11 201741901
19 2 264988976
4 35 786402618
20 67 131069418
51 28 381626344
38 87 268055994
86 40 327470340
74 28 207438764
84 36 51322675
36 35 654115099
49 11 546095013
84 12 28886104
16 61 717472541
83 61 864778494
5 8 326216450
72 87 710966390
19 23 295653966
48 12 370886177
41 64 444067
57 76 771983738
4 9 731153827
68 30 299726109
55 61 930165393
56 29 924650442
87 45 265633932
4 53 178866804
58 8 269771649
75 5 868215447
86 41 971573051
5 19 704292752
43 9 226433064
56 84 616932543
22 34 660927432
72 27 159008451
34 83 112491240
29 36 775880434
7 32 359177388
83 86 947799282
45 53 46915218
86 51 134065560
79 0 451828570
54 4 318102814
45 64 437208963
35 0 605804706
76 22 432039551
70 22 975957666
34 16 350491762
27 33 605077767
17 54 743749483
11 41 494037989
33 25 398282224
62 59 136654793
1 83 672849247
82 34 308690153
61 67 327069919
82 24 298146583
12 76 425316951
77 50 255602005
54 60 207918234
0 82 941027281
4 79 42280579
81 63 810197550
55 65 95101764
10 23 158172908
80 76 246674191
19 50 762755765
83 14 776762752
79 54 970363829
46 53 134479859
69 75 842834604
31 71 787912054
16 56 544082123
26 78 887087003
36 8 703731008
41 1 860535811
44 22 347088779
3 45 632815429
39 57 904582299
16 12 363633175
65 76 982894353
26 25 209275067
29 34 370516908
2 50 382930520
52 54 245428408
61 52 560636777
47 60 335825016
77 80 227630924
7 16 181228970
76 58 945383346
44 6 939018413
13 13 173470334
83 23 690050295
61 77 516371431
15 67 300883935
36 67 423740477
53 42 900615179
17 4 408764351
19 80 368885796
49 50 107354691
23 85 959908472
82 86 560324766
77 8 684904401
18 79 631455227
75 51 892747577
44 31 972683426
32 11 510901262
3 48 420143852
68 23 804012295
78 45 722970294
47 2 984205913
54 58 839672985
54 15 222587697
9 14 151574816
85 82 219007653
3 29 601926347
25 31 751020918
55 40 431892546
75 2 62835204
19 37 964404190
73 58 637398280
5 30 330051120
22 59 303457110
25 12 573212013
34 87 954612531
54 74 206434277
26 4 728806502
52 75 595422613
59 40 151663856
0 81 765394668
47 59 580085363
9 27 238980941
65 26 634335868
81 87 444197348
45 63 502808152
82 2 3765682
3 19 993649895
85 72 626631006
27 47 784900801
28 43 980848405
68 86 819772035
11 55 140904656
81 16 382078964
31 74 112685017
12 8 283063011
20 32 174852346
58 7 8654670
84 60 869163208
66 61 76076089
60 41 83259022
1 52 740140537
68 48 964785533
36 34 166298345
81 65 679425363
45 81 887394543
10 32 275656208
29 84 691082177
37 57 398451023
56 12 828793471
84 28 669073254
24 15 875080377
84 3 750897370
0 20 377603292
76 52 557804524
52 73 348114891
15 59 875677605
14 71 481573792
48 4 779221073
51 9 381843184
15 16 47861448
41 38 207076605
46 65 251199892
62 67 966727214
65 78 221243
78 54 16244645
18 60 609644651
80 14 903109111
12 83 424269154
17 21 562263584
18 66 221925494
17 44 935113810
19 69 117956744
52 13 82608364
51 74 257852574
69 71 257933667
25 10 622842495
34 57 735114651
36 9 906405723
79 30 934638282
55 18 959977990
5 79 683132520
81 11 271103579
82 23 276742134
8 41 688642307
0 49 923732983
32 42 782679571
30 18 901586026
75 1 50774845
47 1 330315566
70 9 153429675
5 25 782306200
23 21 36727341
35 6 970213918
1 70 159695448
78 41 318574774
51 27 853744384
20 17 430951179
72 14 928602451
23 30 518872331
57 29 293613171
69 49 670838967
56 1 773420805
8 81 904029631
45 57 692483623
14 23 696101652
67 12 302376391
10 55 497140923
2 36 401336448
3 39 214401712
26 38 829352209
84 14 427166015
33 51 692988655
66 85 689129942
85 15 263892125
82 21 505284594
11 10 566361739
25 72 148804628
77 38 690356472
0 6 151673404
32 59 164698407
8 8 80138901
34 6 611721951
8 31 378992849
14 85 147457383
34 69 918429891
31 70 655032556
0 80 807844218
72 35 13556879
85 57 897591726
42 76 304842433
14 42 410554892
30 20 30518605
71 15 153738927
28 5 400167605
8 33 648534932
85 62 965059400
31 58 381172294
15 45 934130653
14 46 754075020
51 30 726366898
37 14 47336006
34 8 99714789
29 68 902091405
19 8 139233994
10 1 235036406
60 32 130717449
2 53 231126578
49 14 875245481
73 80 74144165
70 78 485074597
82 57 501246500
21 15 629416557
23 55 71408010
42 59 816401762
21 36 233887515
86 26 427303637
8 57 855634555
50 30 204169703
81 7 645117491
15 32 336781935
11 54 13197900
85 77 860286879
67 50 177565944
37 1 51438589
69 66 89542996
24 72 26016524
26 39 566573960
81 20 851155110
9 16 437897107
80 17 850888858
62 2 646214927
5 69 983922698
1 62 604187408
17 73 456327979
3 0 716445181
77 37 68171418
47 61 753760115
60 84 329576765
30 70 636714172
50 16 312772013
67 44 218229205
5 68 853300501
48 19 917782285
79 19 739052136
83 84 946731310
3 50 326568731
61 48 118239574
35 79 944905651
74 23 401987090
86 29 179827298
42 3 736761456
39 48 454055761
68 40 871730650
31 13 983616367
37 46 915056671
70 28 390515094
76 44 374680596
49 51 620999194
69 65 345115979
83 75 745031108
33 31 432659910
42 4 137900688
41 22 608797488
19 0 745902903
70 82 995707890
29 58 610207058
84 9 224100580
82 74 385833487
10 80 506704893
74 67 717214831
51 10 185955758
19 28 470282696
73 3 804934395
80 8 737344160
80 30 689957219
72 10 421253125
87 81 248603392
81 84 247161934
22 40 334877057
15 14 712129388
74 17 960245182
13 85 804620920
32 53 665536775
64 84 695107334
70 10 995744022
67 77 210437333
27 41 421773920
49 37 85253254
61 16 352153249
84 37 153220734
74 83 833383678
84 83 366602200
19 20 399735649
7 86 458082930
15 55 257927808
83 53 492830502
27 6 614527341
60 33 943682562
31 36 224903851
76 61 952646101
56 16 314902040
47 57 462249886
13 19 683217886
66 21 47444086
61 64 547355034
64 46 848480457
25 13 175056658
77 72 475739094
43 64 984909716
25 25 816460475
7 8 729791968
12 30 311750578
71 55 820476809
69 17 515458867
4 2 902579779
68 20 872854561
48 55 810440441
41 77 360006298
22 78 199664072
58 46 232982576
66 11 781190426
66 42 572111240
44 79 443284182
60 16 638947799
61 4 148402421
76 57 892909386
54 82 961375823
39 33 162046839
66 68 539210246
50 63 818074428
9 63 610338598
30 75 796198624
15 17 786669934
62 81 812137592
27 76 734926628
87 56 306994233
21 28 746513333
49 54 866394074
81 68 328392749
68 36 936809805
24 81 383629993
78 65 963071327
35 75 134295170
23 65 328626740
31 83 18171678
25 52 183531962
3 13 655159967
14 7 155018738
3 85 67441344
74 43 386189052
41 69 409971382
55 58 479795484
32 12 52513004
31 31 983499717
57 59 189034139
65 14 885295512
80 36 551279109
29 13 878390038
66 13 466692506
74 39 59459142
6 60 965051095
67 66 913741835
56 75 806351709
71 31 325140128
35 19 273749729
21 14 935563247
44 40 558475350
66 12 915752256
23 36 59429315
13 4 452875537
67 34 916698717
4 73 409653027
11 48 44093717
78 68 533237270
33 74 927684346
61 35 166505032
47 81 673480145
56 70 392623777
4 75 33970038
32 73 142955029
25 84 616806766
18 86 313840393
29 31 668089888
27 64 603722551
59 60 867075570
63 80 970801151
84 59 229117483
59 48 704613900
46 42 997019807
14 3 241392014
74 3 240066134
17 18 514313080
38 11 826591332
28 55 158372180
75 9 567488195
28 24 521137461
17 63 958697140
57 58 571808225
67 0 963547998
82 54 186751158
52 24 954806197
50 60 58724306
47 54 182913880
49 45 423628097
79 47 5322671
71 62 5757295
25 33 564173061
65 18 359895611
36 28 756413985
42 0 68779473
48 21 1692372
86 10 128936586
24 0 806848444
48 58 987740284
0 30 87472085
62 13 268030530
74 65 812238707
33 41 760967640
34 61 665018990
46 74 263069053
2 20 347799632
81 43 881201201
77 13 997538884
45 39 315085675
64 15 730318038
14 86 929369890
10 84 44108757
18 9 368128600
66 56 366913428
71 75 707108509
24 25 745938311
41 16 873512776
39 81 278937518
75 12 679751419
60 11 920510838
10 66 389712342
80 2 693099487
45 0 63992275
79 60 841104000
5 76 132381942
69 51 210472347
7 54 781024433
42 64 976708944
12 54 481930581
80 77 915655140
86 84 626540436
3 11 993188331
10 78 682904114
14 15 645369294
40 3 489308539
20 81 439462321
83 16 107310034
21 64 435647518
2 56 327269024
34 23 332639881
27 17 257067993
55 75 59862080
6 4 295945810
66 72 216016248
68 66 353204753
67 13 728456494
48 0 865059427
71 67 967456972
75 72 974588802
35 45 926306903
84 8 900298738
38 59 614005917
53 7 518377162
7 33 202372736
4 39 649883192
73 22 924076009
67 81 823059361
49 68 946704514
22 27 193263985
50 62 292227543
77 34 734603094
80 81 176285928
15 54 892283369
37 31 213535062
17 0 347849535
68 63 829830220
68 65 8963533
66 15 670150425
37 41 541449302
78 35 376047332
9 3 949112986
43 43 582181288
61 32 683573726
55 32 2265347
7 67 953223858
8 71 812439804
6 34 141048395
67 41 371826321
40 8 221646377
20 41 765238929
72 13 248831957
75 25 920570031
85 80 380359989
77 5 594688186
59 69 626377633
41 81 553189407
6 19 819694419
85 55 261960308
80 85 430116677
5 11 963163194
12 28 123158838
36 20 256956482
30 72 805840994
58 38 588045009
24 22 236376771
33 0 979507579
47 23 322820614
0 41 60888027
75 54 630184944
11 28 520063271
34 73 21894853
50 33 149730250
52 62 261895805
37 26 558025306
20 65 761412599
20 57 981877994
28 63 462885475
35 2 420624372
23 75 152820246
64 55 848392654
76 55 420909379
7 22 660248725
62 44 40237681
77 75 264665150
75 76 949722904
30 54 941357730
81 2 299728320
0 56 183398501
34 32 549325797
50 68 871726705
61 42 173843193
65 64 197585601
9 31 285003261
62 71 237428211
10 58 287824644
18 59 72046878
42 49 304699720
8 7 466014301
12 1 974938659
13 33 110080230
37 13 211113452
75 39 698202423
61 81 153504838
52 2 216045145
1 29 645786261
68 78 422278059
7 64 59845987
30 22 519617873
50 66 332339132
33 61 866190544
41 49 68502960
63 81 795404638
45 83 707622351
39 71 603471987
86 77 32480965
43 10 648313221
38 44 588195842
16 25 437865525
13 59 913113426
65 38 77107086
85 65 110870073
18 24 268539219
76 83 757219485
64 42 87692349
73 0 723391606
85 23 22019538
17 37 272915161
71 57 78140170
73 6 523914156
8 48 468651049
73 7 932156397
21 51 465690739
52 37 22365856
82 63 466909353
54 46 233766076
32 5 180075376
68 41 417361315
8 58 245147476
29 72 145117321
73 59 61422279
27 46 347828766
1 58 337658756
74 73 273746463
66 33 272214800
29 22 960219442
23 48 562441316
50 15 407207359
66 75 219890675
32 56 232641417
2 0 662047870
51 68 38491517
12 68 939415400
28 2 621274972
69 9 676614304
12 82 651941585
12 87 887433618
55 80 549396099
81 0 773369512
29 59 508641414
31 3 629064307
73 61 937111044
44 76 216608758
44 57 822933739
41 19 520133674
74 76 79232751
57 80 326384680
19 33 588060446
61 37 605227758
1 64 221673921
43 1 485661522
18 12 608062275
6 13 115224011
8 3 846717097
79 79 286056056
12 85 494771660
64 48 265374443
41 74 68950438
4 55 36868281
36 69 701892010
76 41 423396752
27 65 559801908
63 39 479673874
9 55 251078500
42 60 731885460
26 17 813617648
13 24 748436952
54 8 410658647
70 0 134790566
68 70 646350872
22 29 405382936
41 45 417005163
60 12 92306426
43 25 45990401
41 39 705759500
25 78 752010109
8 78 843000892
80 62 780030077
41 30 153522541
37 43 398248384
35 28 41407915
3 12 168730899
49 80 644295880
61 8 263587860
69 44 336484030
66 70 351553097
74 15 94176583
21 58 72925448
38 23 437104579
39 35 362982689
5 4 434312075
14 34 985752425
71 83 447606958
55 38 221435597
52 87 16143518
34 11 236243760
81 52 802074816
53 12 735883543
56 63 38180523
43 40 663587286
83 51 715634365
11 75 673619175
26 28 402830739
14 12 473899538
42 72 256063800
60 22 902962342
43 30 945598986
57 85 355430337
35 13 9667508
49 75 563483184
60 46 85091149
50 1 797455088
8 9 690389831
50 84 514109933
66 29 870772485
5 31 11272725
16 41 628900045
7 83 722586165
84 6 471632503
6 52 819877160
67 85 480261802
41 43 115151383
26 73 132648058
8 62 595251971
73 2 142489455
49 8 216374097
84 0 86358182
72 49 196317939
52 19 706366060
53 36 717871641
83 40 947867765
84 66 37904449
27 81 656482882
42 33 555933710
63 31 117565707
69 58 588646907
72 46 475599830
7 11 70628208
15 23 700291814
67 57 372392582
7 49 572287386
10 35 351171419
22 52 801492802
76 5 331744430
71 21 684816417
19 39 420147481
85 36 10454652
57 49 695719431
40 1 527888695
53 86 585871753
76 7 299000470
72 7 652633890
56 65 244916816
84 29 568123449
33 28 922707864
43 39 751530370
11 68 787897316
22 10 463051260
22 18 574452182
51 51 463439507
34 80 426954038
22 58 78838536
53 27 455583320
53 84 285680882
29 28 850057804
56 27 511255718
31 37 57825463
68 85 397144382
32 26 818759882
8 55 200962648
33 70 800759274
43 69 456554609
47 75 181516970
83 67 406173912
77 35 848979578
23 22 349253653
70 72 994186066
61 12 396421947
33 16 213340934
29 40 703864811
28 10 506594879
43 54 100173026
66 83 464261937
29 1 386796800
28 64 421374435
46 40 740823603
35 74 78421793
73 62 410748125
23 67 756963667
78 52 667359802
15 10 806124136
47 5 813880085
4 65 880019304
84 46 418998629
17 47 684055326
33 6 793311423
60 23 434135435
15 79 477194774
8 51 219526053
6 87 317107987
74 24 275343631
8 12 776847881
23 25 37171719
78 86 127087894
64 78 262619514
60 82 936212302
13 28 466432345
58 58 438933422
84 7 867340808
13 17 139076898
75 86 491274792
67 22 23046991
57 62 329702646
19 22 325174268
0 59 662921301
45 52 221891635
18 57 74820801
38 5 666616626
87 9 574395042
15 49 416538663
48 30 488186091
66 48 142361102
46 44 243597108
37 40 755932905
10 0 875505795
10 67 35773455
17 28 331442607
85 2 480602694
69 53 334702442
14 84 325170740
6 45 406416766
20 11 286565026
2 67 987363424
7 37 657874718
47 25 292830836
72 16 885202201
0 79 191224690
47 49 870177308
79 10 623218504
43 52 426128603
5 38 162804445
40 60 264529772
45 42 550321983
8 19 953644444
82 8 780532181
86 66 750842366
46 30 946473282
78 55 457012599
34 60 980812803
68 53 200205416
36 33 436424043
69 38 343098540
50 46 310493394
9 35 614753825
8 53 996961016
53 82 697883179
27 84 584022679
9 68 346773350
1 7 450846216
61 17 44645020
85 76 964948292
71 20 534815104
55 43 246514349
35 64 957386968
9 47 449464872
41 27 548890650
69 79 417220203
39 5 48101799
26 10 517995942
39 77 781872091
80 35 693737972
2 47 741083860
12 72 798434993
59 65 499945916
47 55 154269160
59 13 773495706
87 48 112037121
72 50 470167714
74 84 610596510
19 21 654557061
72 72 716937566
1 3 911302203
6 51 212485140
27 79 512744727
54 41 888245248
60 6 37142373
52 79 236374103
0 32 442093785
43 22 563713249
62 55 806712186
44 46 435560837
6 50 725832836
62 1 99765924
79 35 748778366
13 29 994931142
2 73 972451530
69 12 552567783
42 82 341317465
48 36 604016085
64 26 105391702
51 53 570041640
54 9 129704562
54 31 460708732
32 52 852582479
80 57 710956180
45 45 618391780
26 27 262948129
52 39 242813662
45 27 394406358
61 49 917665569
68 58 108389311
42 68 136352626
87 84 179535514
71 72 926518245
6 81 152565003
60 36 88675665
77 41 118461925
73 55 233749157
38 75 311412728
6 8 868891941
87 5 238178616
40 9 671320637
68 46 81832454
67 18 445017191
86 49 732965810
83 26 920727935
0 51 155829418
31 50 772634096
74 75 937222830
7 3 801039599
22 21 916297654
54 70 901643467
64 59 775806231
57 2 893682211
79 69 883118260
8 10 873581153
35 61 295739490
38 83 372119221
63 57 722381203
73 79 111762980
61 84 585843518
38 77 704081950
33 8 767948801
83 78 829332145
8 86 51514862
15 9 37348669
0 73 861066789
32 4 76849947
52 28 213753648
87 13 612766552
24 31 931649383
87 24 899355119
80 19 530054940
3 46 801946941
15 3 963794555
57 12 718615570
0 75 984022428
54 30 757862549
27 34 422381585
55 83 463671062
38 49 744386972
79 75 689747469
4 80 117229559
18 78 94798574
0 54 505141987
40 16 313239692
3 66 430715303
85 79 216546902
73 73 910321445
82 40 646518190
35 87 814979044
34 15 6018052
14 65 480826495
19 55 154003430
73 52 214460653
80 33 499180737
43 26 972748200
43 73 793738982
11 73 864487659
45 65 622145258
19 74 956035484
28 35 896176576
40 66 699679851
53 34 76274881
40 23 260636188
1 60 920926172
10 16 869910208
59 16 45646340
25 30 233991380
20 2 438850447
16 49 819804233
34 29 144462275
71 49 536570449
73 54 929137079
30 0 218121008
84 81 637450120
74 40 730062509
33 34 870030158
55 33 309820652
28 82 334113957
19 7 328717334
53 49 706444809
54 48 276295802
71 12 51662702
54 78 876405347
80 63 404153897
22 41 519344751
81 4 824324881
34 31 18073887
76 51 224438485
42 61 702424444
46 15 123768005
44 32 85242582
5 23 363922661
26 72 62240238
60 48 646376261
21 67 708938625
19 30 492289171
30 85 987363
25 15 380150748
52 67 679847994
2 59 214802913
54 62 323461520
45 71 929277002
40 4 850189887
50 12 434116476
80 69 539476792
23 69 500504719
29 9 601591169
41 25 647488426
65 62 123896549
78 15 910012858
41 68 310740749
30 17 683946845
22 83 274310101
48 83 58123582
37 54 854817449
61 1 668507326
1 84 620793798
51 15 599592520
68 62 182804565
49 67 530553272
53 9 890360191
41 53 773998803
52 9 562282068
22 70 598247931
76 8 367075555
67 73 62228465
85 10 957720568
39 83 400080386
67 87 623954895
56 17 589563279
20 36 390232716
86 22 822619848
59 64 25563712
31 38 601271946
64 64 14586480
55 25 600077071
62 19 978077846
29 26 504442360
67 25 624453667
56 45 870511644
67 70 364249414
53 32 915911542
16 86 255524801
70 2 957465702
51 61 733692562
66 25 457430198
77 85 621841804
72 57 189713353
2 8 148548160
26 87 465970242
7 70 426381710
85 86 437412994
83 21 444943427
75 21 554152461
87 37 539891212
60 81 695063330
48 42 616169483
34 18 335356095
68 59 268482749
50 13 403400630
47 0 277317886
50 48 447965151
11 4 580006549
62 0 924687473
81 5 147224988
1 75 683696550
36 75 757716972
70 20 520056930
58 0 70814253
53 35 253630203
47 78 764636748
62 52 16993850
76 78 938513710
24 74 234825595
60 78 549967713
62 80 265659295
10 53 136584150
35 44 991412996
42 58 876177123
12 80 734303258
45 54 100308882
39 16 476636234
25 86 173982072
49 16 686179867
67 69 431542222
61 27 865484974
26 3 362450082
20 27 651439457
59 71 77284618
69 16 963230005
58 42 63011064
52 74 361133029
41 44 627979204
8 76 584352176
39 67 956289635
73 36 199333866
78 14 336330071
27 10 775975213
62 82 774884330
18 41 115963218
5 13 225171797
15 60 658705749
43 55 850214199
69 33 417645395
57 61 99540057
41 61 164959359
82 50 453930410
1 46 572918389
27 83 744134498
39 12 188216087
13 54 927149921
84 2 363174285
25 71 904220418
46 29 594936986
38 21 526382039
15 18 667991749
40 50 492400299
21 59 752860873
20 61 955834987
42 52 105227936
5 41 637720935
80 32 133479685
16 40 846670954
74 30 748644594
80 22 602278960
7 45 597348402
6 6 23133050
66 40 956294290
32 86 99630204
82 48 899847524
57 83 250458937
0 14 390074328
29 65 880694605
13 84 998036085
26 18 201347160
80 43 758488354
31 66 22097295
36 7 282231239
32 40 675259324
40 82 535849437
25 73 992634972
36 55 398693718
60 83 197021373
12 65 192578219
19 81 871717344
43 48 195811866
2 23 407314423
20 8 397974219
84 43 771128137
13 42 890890217
16 33 11093206
9 87 906544937
22 11 958602561
20 84 211752376
32 13 886799040
79 16 698290900
32 1 355486757
58 30 625793049
24 29 81112807
7 78 382862672
22 14 162924161
42 70 746223440
50 23 811315388
34 3 146200424
32 79 93192139
78 67 337253363
44 37 335743360
52 4 934174425
0 36 345505522
60 39 214785792
32 45 669689129
60 14 932887172
63 0 813549659
1 2 586043824
71 54 649021480
12 44 319676406
87 21 21781115
12 33 201763358
50 55 649801709
53 67 141430863
25 74 742135274
31 35 602486681
21 3 555407982
85 19 297112276
32 16 733215213
62 70 472103554
14 27 835968802
51 4 402965111
77 67 810351102
21 66 837409087
9 12 192914157
27 49 933869987
61 10 102624121
68 22 286368933
87 22 939300289
79 59 454420994
30 73 23309982
58 28 179702491
80 27 427130569
53 80 434460329
14 36 995065846
53 81 615749543
6 82 918019292
78 29 294672246
80 15 792494002
75 83 596693392
4 23 352972292
19 52 420797247
17 9 564696501
73 10 486392305
60 40 737578067
47 31 38638152
46 5 293373284
33 2 301793057
4 1 588996038
60 45 380644540
4 74 391507867
51 52 555436758
0 45 154405265
14 58 935737979
49 49 553372343
45 26 916360424
65 71 679035950
86 7 573004714
28 57 324615482
40 59 804332693
57 71 468471959
38 84 783862112
6 67 665677636
0 10 925384852
32 81 84271499
48 57 339775589
81 35 537617709
87 72 978152859
69 31 754752122
44 84 992277761
19 42 806465335
28 84 782913110
39 14 346617376
82 14 690409121
3 79 61175585
50 17 913339527
63 47 984003800
87 3 105064367
35 34 790997033
66 38 136795398
45 36 242455033
52 42 192972576
69 28 926378538
37 63 934900036
2 74 922868161
31 29 550056134
13 62 216162201
75 84 101211797
56 21 815781578
24 5 694777678
19 12 607149399
2 58 540510727
56 10 345747584
69 21 722704559
0 33 564919696
10 31 178821538
72 21 334772968
28 28 431168602
1 49 138625522
60 75 159569048
60 64 161458499
76 71 925203744
34 82 178449631
65 12 431647829
5 62 674486952
80 82 773645202
46 23 120539111
78 13 90395264
11 16 817215831
49 1 536337829
29 76 946968328
12 66 951899883
37 82 46879305
1 41 902977165
40 38 45495213
86 85 778384190
75 41 58053037
35 51 73575065
80 29 522440085
36 65 933462997
65 72 768208029
66 22 359464258
61 44 805821746
46 13 130775621
50 71 340288472
65 59 706687625
23 84 1397058
58 56 989101947
64 51 284077475
22 73 184551215
71 37 834399767
44 87 560863313
74 31 200771790
35 53 478231615
46 84 124494039
38 72 157771756
51 5 236954216
45 70 969513184
68 74 257095409
27 9 98502953
69 86 206598033
42 57 14825492
25 22 810560579
38 67 863531908
38 56 762297044
49 81 569977497
87 0 417021174
29 56 126965091
49 69 22904156
46 83 277813213
4 17 482676141
78 46 385820748
31 81 361044271
49 35 500533293
22 62 447813592
36 76 117983177
22 66 407975876
83 48 350498065
64 2 516634149
20 25 802584976
52 21 785278820
32 85 298128230
58 18 608162043
14 56 825458316
83 59 630602028
80 37 296907309
82 51 298439678
85 37 809907547
68 49 129440484
9 76 53801279
62 7 911442244
21 42 252165681
28 1 768127930
85 87 184175433
19 60 855613920
32 21 212349745
72 32 602941175
4 62 309645431
69 24 429178311
60 25 808423399
17 67 170209801
12 13 687870665
72 15 95001925
21 87 415690342
82 87 167493129
21 32 644062426
23 59 430884917
35 30 314370336
45 24 276730174
64 50 804462537
15 6 287333568
1 76 141730206
30 29 489664744
56 54 669928912
7 27 854646938
65 65 853236622
18 76 743619755
49 23 206820549
56 48 756295421
82 81 392575696
19 27 686479890
27 8 289156619
56 59 989162694
18 49 164321806
75 32 861031104
7 48 452061353
20 70 978981177
52 50 600916742
65 53 742742799
41 46 548262786
45 76 38492934
14 8 231153779
1 86 60507580
64 72 322022520
59 19 599099954
79 50 312856210
32 7 885170817
82 61 769226563
76 4 626490923
80 75 856788906
19 72 930028610
63 73 561263662
79 44 464582420
39 10 13128725
37 64 804663445
84 22 953749487
22 35 965496496
81 1 537679725
45 20 775766528
0 71 393835335
58 54 841284630
82 76 920638677
34 21 934331123
70 13 514504184
4 59 589054421
35 54 639313429
12 5 603355846
87 60 289829677
59 21 926708616
72 56 16306984
58 63 525472953
70 55 695053059
7 29 274463669
83 71 516721211
66 0 159703344
59 85 20809489
60 76 924931775
36 30 734624430
31 63 348032149
85 81 376735050
11 82 567200247
73 32 907597398
10 25 707920871
14 60 86658945
77 6 526089573
71 50 736019233
12 74 829913094
27 61 452249537
70 6 986559695
46 39 998201199
45 67 370788701
33 58 66896440
6 73 943215108
75 81 955220573
43 19 814664700
68 6 602270221
27 35 612232121
68 5 694769034
69 19 126281308
43 77 149741324
76 13 617203666
17 40 731897090
47 41 784636442
29 62 491937699
66 86 24037258
26 41 949008341
44 20 570535859
63 49 751982814
41 17 843888363
83 87 53655324
65 68 870589976
28 4 304198817
0 44 846793726
20 77 893639973
49 63 184239370
60 8 433492482
43 60 718749543
68 33 899066477
18 80 948800641
18 25 830383735
45 19 357431454
76 70 392347274
61 57 449319468
43 57 582733666
3 61 127993360
43 50 152538344
18 0 374655146
26 24 526516751
7 15 52770593
84 21 333739018
4 51 539852400
76 42 888984815
3 71 240057081
68 61 964953485
71 81 3861979
54 86 522727128
15 63 470998022
57 24 854149311
87 1 559687309
69 45 628829615
4 82 21582888
81 46 948574149
80 16 980648096
25 61 684536651
62 20 488681451
29 49 169515802
17 33 680441384
57 48 371129467
77 84 888896717
20 9 274420381
11 29 36325625
0 70 335178236
55 22 281377252
57 37 489398021
21 24 863507993
83 12 854871137
30 41 259605785
39 50 292767629
79 26 931516727
65 21 670223282
68 24 92935798
51 35 98474870
21 34 171479530
21 46 645025815
76 73 143176768
44 51 637012766
46 72 801633633
0 28 428137885
86 58 687188922
81 77 991730157
23 15 257921674
83 52 358223029
39 13 194260892
62 18 553031124
53 63 427403133
33 12 474038716
47 48 373973966
87 44 842750476
57 13 94710402
70 44 630948150
17 26 340349330
28 75 285953226
37 77 599936808
74 33 265538764
4 34 169799729
39 3 388783501
40 56 182979946
13 31 497627198
76 19 162589837
34 71 679245862
39 41 649897047
43 63 250875784
84 1 70160886
35 47 110663495
38 65 595582348
13 16 151841831
77 81 970170349
26 21 933071445
11 39 242695697
15 87 658601611
63 42 673446729
63 55 119199472
56 26 633077399
49 2 864331155
82 27 226920946
51 14 367173723
9 54 537063708
68 1 315152761
11 9 881298071
35 59 42597636
27 5 38762029
20 76 391967737
41 80 467565841
25 18 304207840
63 23 588350471
79 61 195367403
20 46 926096562
66 41 223528054
1 9 249012695
87 26 567931204
76 66 483194522
21 63 535683838
32 39 162899040
19 84 127447254
79 82 410655247
6 7 945787224
20 68 378689337
34 79 748057078
27 1 6072405
28 29 901126905
65 36 865710487
60 44 913605707
51 87 215971465
67 62 167099271
33 57 818767159
30 49 9992082
48 45 909613176
22 30 322313986
42 74 382393359
47 28 239404547
53 24 479134168
6 28 1984548
27 11 223330342
42 23 463046317
75 0 130393899
27 68 521319890
67 1 856952643
58 23 874118071
72 36 443717738
58 81 762452355
53 72 55731121
23 46 997775716
31 1 285161506
39 47 389811073
85 70 963840777
18 58 374914460
20 71 583160296
43 62 761966581
11 77 641088733
83 55 258089007
62 43 317521786
61 68 785125430
53 53 402002255
8 52 32268896
23 72 945781448
14 50 787305929
17 75 579114965
2 87 146407933
41 40 407710918
69 42 678746390
19 24 271376614
50 51 669341839
49 57 551037484
5 6 973467447
73 43 129519929
72 22 447455364
83 69 687408909
56 76 522571560
19 73 102638388
55 26 899146979
68 37 682148741
79 87 230620552
35 41 647443757
85 75 552064285
19 75 475824148
59 20 57443510
11 35 611227544
68 26 17379420
55 60 284946019
10 49 888358640
46 21 25273421
8 50 36458242
64 28 210849057
7 72 369305235
65 67 157191309
9 42 496731693
64 33 926970820
17 77 719095467
11 18 157356902
57 41 453492401
34 46 508673246
16 39 797262392
73 67 855315894
29 23 40032895
54 87 366146536
75 48 677397717
15 65 663813142
68 84 352237034
60 68 996996016
71 69 462396335
12 61 826994718
60 74 308696225
77 73 528747693
72 83 90857865
46 57 71521128
47 40 501578035
34 36 988993629
10 29 892203381
4 3 592512787
52 72 452440017
37 69 26636922
87 73 30648060
38 7 516289778
48 46 653633046
36 39 911254289
73 82 894183009
49 77 530760059
64 76 311900067
24 6 293234035
25 75 677167658
7 44 412606856
87 52 600687857
21 18 413570425
60 63 812290807
1 30 621613016
45 77 667157486
20 56 227591788
38 14 377197759
14 32 267441439
74 79 539281339
34 7 397120233
72 81 937583820
16 27 254239806
30 83 100436125
15 76 230122044
31 43 401100376
46 1 618375215
42 51 67490847
87 82 404490285
70 57 669452906
1 87 972440022
45 14 827676384
56 3 461315321
16 38 45222450
80 66 695685409
83 39 720196716
79 42 885709703
14 44 578198074
65 28 141954244
66 49 781239260
63 67 867436754
6 59 646640999
22 68 552846792
67 40 593719604
56 61 462889983
22 84 21553238
41 58 133234036
24 1 871212346
36 73 885063705
76 39 162532418
36 85 609668273
1 15 504857064
23 1 184623073
69 1 618406749
54 7 718981218
79 80 444794704
79 34 498696775
2 45 276068140
40 43 732838287
24 24 228062900
32 18 301471024
12 16 8837924
69 73 486484231
40 47 687698206
40 34 957727082
41 57 502052015
31 40 881350504
56 68 101556945
38 70 508289055
37 44 22075408
24 34 210078566
32 9 971701139
34 9 953888912
21 11 110008550
86 81 19370123
8 63 705247387
32 15 29995709
10 87 64350104
12 24 659010091
37 76 890187785
30 74 626627886
79 74 465626435
30 66 748823881
82 58 827454907
12 7 111578709
8 44 984084004
79 9 255911483
79 5 846485242
4 83 479020123
29 20 676260498
40 68 143033193
36 31 642108561
4 84 570745947
25 87 71418468
0 57 490010936
29 71 590511316
48 73 706014083
58 43 177445420
51 60 294913931
39 84 563993266
15 22 162988171
70 17 939862071
52 6 25312396
28 76 170323698
51 80 449687852
29 83 438875338
80 45 434546331
9 72 407211557
28 58 63550861
58 2 397584400
63 32 493255507
64 65 147603405
7 60 591800201
10 3 820031509
74 69 921041734
61 31 76616262
37 42 582062705
33 67 468754629
38 58 936769742
57 0 292430349
9 75 75463824
46 4 588764469
26 74 600909040
40 17 670871354
22 42 203813359
45 61 212706248
71 35 993981542
5 86 665210058
43 3 608110639
45 12 581316513
23 80 996055684
17 12 120922905
2 86 202976242
0 66 101826246
41 18 741171062
62 73 437607464
87 28 358539684
84 62 587433319
11 27 908509012
39 6 994346554
75 28 106941254
35 68 720923997
11 58 592264906
23 35 210830244
62 37 583492093
66 9 535675420
44 60 706852850
43 23 311854325
42 83 810817898
45 35 991658296
36 58 431212410
18 4 527817027
66 66 793185622
59 56 219021827
54 3 111793509
30 40 731635389
0 87 380296866
32 68 528737904
62 40 724757005
75 29 401198190
81 83 257541800
70 39 974617624
38 48 413552257
23 63 397053690
28 47 491689626
34 45 233246654
56 72 979231711
70 23 896251478
60 65 981277826
38 27 509545179
80 83 921511751
51 71 633910506
43 11 893279565
15 4 730995557
25 9 210586567
0 42 118875630
3 25 634590398
80 39 371380314
75 34 69809669
47 58 826390548
70 86 99698275
36 64 575416303
76 64 217934058
63 69 778664641
61 3 992245197
84 44 404647732
10 33 752834162
9 8 614330041
80 23 906755741
43 38 6799619
19 58 675981375
20 37 730518797
0 16 308373193
15 5 15887797
42 46 660977579
68 34 302483921
26 20 265985854
8 25 319861704
87 23 187283182
15 8 280769406
43 58 570270569
17 52 854757018
51 63 507851176
65 82 473554829
75 38 18839167
77 82 284913803
83 13 519474442
74 26 728010538
17 72 811574020
44 23 61753794
16 17 473685050
79 55 725390740
38 38 390063880
30 15 881426420
58 41 268481642
83 43 579564090
78 27 100714120
76 32 601119348
85 61 242158227
66 34 101086819
85 16 596620763
24 50 949668885
65 80 900581206
1 28 645223466
59 4 410992016
61 73 800606336
31 77 945126979
17 8 827297772
59 37 4850782
37 25 234120510
52 22 404718321
49 38 942443658
23 10 762573996
85 22 656662343
14 82 833911435
57 50 572827850
26 69 356690306
81 74 264375959
38 0 661503943
15 33 974919692
39 25 854597181
77 12 192830376
20 79 687309936
59 1 884348737
73 76 488019403
23 73 563659931
77 17 265533852
33 63 328516295
8 69 319106948
87 58 377393397
64 54 384430618
28 70 56219182
42 45 403917034
3 75 544297563
50 53 174159500
72 42 447844042
85 41 142262836
42 48 827298410
20 15 211268988
68 15 23176256
79 33 74563056
59 66 332775360
15 82 939964649
63 58 132213313
23 58 181935030
2 14 696604937
2 22 235756334
82 3 253778736
21 80 750663914
50 77 560553001
6 62 468935419
61 34 790886509
51 73 981652844
24 87 470822936
85 50 828852997
13 26 821864738
27 78 14152673
66 6 617954052
45 23 712205839
10 83 991654021
77 27 821308030
13 0 253513140
59 29 280613021
19 68 156017815
67 60 744215702
38 43 241898075
40 13 979372702
16 74 432799472
60 31 210005178
55 64 539011244
77 22 177790856
21 43 36536156
76 75 446666380
74 66 988164786
67 19 927709789
82 73 734262254
7 20 110566680
7 50 589039032
37 52 232989041
0 61 536022321
67 10 320893270
6 57 909123733
51 29 122585999
43 66 141178890
12 63 85842350
31 48 720878475
34 49 469540055
57 56 302849646
27 16 371572490
70 65 24303233
78 61 28652530
8 75 717363507
47 68 214376205
2 79 47063197
58 39 514873468
61 50 939329016
5 65 76454566
46 20 337886184
36 72 159253747
21 38 875342382
23 19 902659897
20 24 21221334
20 62 299203909
21 27 212185971
54 45 229955727
5 46 872159881
48 7 875974098
4 66 61119663
45 40 787664683
22 82 478156486
5 52 728175188
23 38 39979011
61 22 968109673
40 83 668262651
3 10 708604273
69 87 973922311
82 25 730808136
86 53 735506901
30 2 791061963
53 78 255165746
0 37 338472708
2 65 12350633
44 39 603627632
52 55 330525859
43 2 251990730
13 2 249297801
22 60 37230676
25 28 381913057
78 62 723065434
66 81 891657049
36 53 18146201
6 47 577639211
79 65 833205915
78 10 948401071
19 6 881722583
70 33 225810365
57 69 402824867
10 34 740919894
57 45 899486734
12 52 442518013
63 15 927618584
8 59 340650168
84 5 250698200
16 62 379927378
22 13 195362013
59 61 816426536
5 40 778204599
53 4 824872
40 77 155456689
32 29 600775811
5 56 568113901
24 13 648542342
73 11 309304319
86 65 28044658
64 77 311014767
67 5 375908967
86 13 962725188
12 42 36938434
5 50 542854402
70 68 380893327
6 78 547215127
44 4 784751274
69 18 27353741
16 67 287876358
75 64 571900734
48 51 126142275
15 69 594367012
78 1 918579453
74 57 975778147
63 6 165346794
77 23 797754022
85 84 329456903
85 27 215888237
19 48 111760891
42 36 868949102
58 70 530299432
28 23 965845258
1 33 849424166
15 56 378305956
14 39 825279180
73 83 578010029
21 54 477853504
40 78 255759568
58 37 47860456
38 24 956458170
59 52 294666222
8 54 864344938
22 16 501589808
38 60 886398656
79 2 129574336
35 25 758503972
23 64 84971728
55 11 367517987
5 66 424186544
42 86 845644107
18 28 242844748
20 31 790289621
55 9 356390040
0 22 961034249
83 24 227286409
54 71 60825509
63 34 594780700
45 30 558836863
52 40 245842066
57 8 838926395
62 42 292245738
35 39 178977300
62 64 123415037
37 6 471662773
79 46 696749020
6 23 472333640
55 23 610671217
29 15 127055058
13 11 750065037
2 52 370646825
29 3 59700781
55 78 43668179
50 76 674524095
50 0 578382336
24 65 658988907
0 43 107910958
73 50 261183073
72 71 330905174
14 20 16973665
21 71 96648161
22 61 565017843
28 73 989085678
13 46 285562294
28 86 586946243
18 7 427658284
77 18 539991734
6 83 26635672
48 61 122670662
32 70 99289765
42 71 199563481
71 4 474570987
59 55 364705151
7 79 912217787
60 50 623872494
60 52 303578829
36 36 599293895
27 40 522370314
59 74 440316271
50 25 106042163
32 84 567856274
87 30 916347320
44 38 380609718
10 63 937785269
41 5 891096353
74 45 610187670
76 77 705945038
56 30 545353082
49 9 4257022
39 17 818371297
46 60 542357656
62 79 646604551
21 20 560481261
29 25 741508754
85 18 517132906
8 47 763798674
29 38 879397619
11 51 415770217
74 80 711843851
87 2 406460901
41 50 894979138
72 1 317906067
46 25 927557593
5 20 168279295
51 86 615949303
46 2 509176671
41 60 610044353
52 31 102936150
43 65 54527231
32 62 3457005
78 8 69291501
83 62 852122074
11 80 432605293
36 21 756502645
60 80 161274323
9 45 816683727
54 20 68375419
16 75 243080709
85 33 815478829
30 35 350199665
57 84 383340391
25 77 981597034
3 44 459546390
31 8 382836201
77 79 215894979
26 61 99335178
24 61 995111615
52 29 576918083
40 76 757055171
8 15 218721427
19 35 523828413
20 55 575039469
11 22 232072995
77 20 192554104
66 67 296933499
36 22 345547530
38 71 17928712
44 14 185272679
45 75 766915892
18 47 632576703
71 41 478646509
80 10 308072470
65 79 59935459
72 28 407636672
56 20 568919729
16 15 746567387
9 58 781684744
37 33 346625765
28 81 961793857
28 72 832706828
35 69 314061072
17 15 736975055
86 56 479677944
4 37 46590842
21 31 200005727
52 34 648912357
15 70 681948325
26 42 112297108
73 35 577923866
21 7 421838039
4 60 645813862
35 82 292847452
53 14 986949971
59 0 960161283
7 6 53726086
42 73 784931371
24 56 937846288
36 77 380847230
41 48 943928046
50 65 142146541
6 3 579247183
13 52 950951896
69 4 123576502
14 29 600538870
74 81 958018596
74 35 443572081
61 46 313129910
30 71 741786737
85 24 84373491
33 82 162368685
73 39 588296116
69 30 429745967
80 24 424197939
50 24 105814168
16 48 126188739
70 43 543674674
19 85 657532079
3 54 929927999
14 6 137860532
72 66 137241714
47 87 601246626
71 74 106078848
57 67 538267252
57 79 892039382
78 74 294159114
47 15 652758744
35 9 521427331
82 26 596045802
51 6 964481327
28 16 49572086
1 82 860237694
21 8 540919192
37 87 607897576
10 57 968260172
48 62 82497046
23 56 934757283
84 38 418879119
7 0 536220265
13 48 739416100
58 25 534483698
54 5 892681458
54 66 974751931
55 44 114925621
39 44 526672932
15 58 209088517
33 39 180236463
22 47 335256632
81 62 104562996
58 69 406386982
19 56 675184931
16 23 52849178
54 37 106471326
71 14 410536587
67 26 861866935
0 23 575102329
59 54 421082039
56 46 949731705
82 39 510454110
49 15 29123006
44 42 933427481
57 26 475434212
19 10 855627866
87 66 919670488
52 17 594367079
66 5 798336863
18 85 991335499
76 81 408153868
29 48 663869691
11 61 309016610
14 81 870840739
28 11 124201727
32 33 34204774
18 14 335792296
55 24 253619798
52 16 530140118
5 49 805810424
41 26 872042166
68 52 403735574
48 25 830651554
19 77 286744710
11 6 760073527
63 2 953159850
86 25 71194716
5 48 701810533
21 23 398447241
28 3 942956981
87 65 865275819
2 6 182160579
3 1 923892063
73 65 109677128
1 36 857782415
58 17 63185172
57 6 544426924
23 45 525394116
33 26 876115215
57 10 746844332
43 71 465205918
52 76 117725677
3 31 233130790
16 22 497166536
0 64 399739369
17 32 442155651
31 73 6786962
52 41 747587686
77 45 841328211
69 48 119201881
21 77 277918035
43 45 705527413
2 64 460443996
63 78 460395751
24 19 565502026
61 53 810668015
84 11 643640908
67 3 399404719
60 71 898874962
32 2 718229096
8 26 643483032
77 16 289304769
11 14 840234421
86 31 526489632
70 69 969451563
85 3 707313969
85 8 929336162
40 31 990684301
3 9 706780111
8 24 857191499
1 17 433267715
63 5 296601748
39 43 828786156
47 17 469247285
56 38 115465119
59 22 953204932
80 25 615358011
86 37 232555379
82 32 575203559
8 4 273603927
48 64 71052674
79 72 464812693
51 26 368257231
20 20 23509273
44 45 639562396
80 3 391310993
28 77 277237987
22 5 729696892
59 33 534076945
20 58 469345395
42 28 339074371
36 46 323375064
13 20 632442123
10 6 391835245
58 35 217332627
85 39 680157414
27 52 189655913
63 63 847393380
40 35 598678755
72 58 566708773
3 64 995917422
69 85 812299670
49 18 904652458
81 34 706805315
66 59 799221671
87 4 718634618
13 68 660451921
31 18 618831200
51 40 228712655
56 8 253752484
62 74 789834247
37 11 158557661
61 29 932007429
22 36 675771632
7 75 790510245
28 0 162957374
23 14 204614394
51 11 970163666
23 40 994704160
72 17 597435635
33 17 398183462
70 75 382144801
0 25 857419570
29 52 339149117
2 66 14170894
41 82 300136154
26 50 568177076
73 56 154702790
64 13 375585122
58 52 52725676
50 83 972090619
9 81 727986213
21 5 212336303
19 83 87487999
78 18 654458629
69 34 477800072
69 29 239327381
23 83 72317859
58 45 769922926
75 43 912559922
46 63 641627855
48 33 98031800
68 38 725721461
78 57 491050245
20 78 871410857
46 10 455885207
81 23 950549348
24 16 515325709
59 57 47649155
65 50 1144893
81 36 139885965
29 73 410307315
76 0 617393989
32 37 667616377
59 76 295966957
4 44 571301960
12 55 426892307
3 20 311113605
37 72 378475493
69 20 686325205
1 78 503936453
49 52 811870
56 43 195988562
61 83 878695328
20 28 889828943
68 50 395110041
37 23 608525790
60 15 121443743
75 87 855581804
43 68 136233129
42 20 81805710
42 69 587453523
0 13 985653032
87 49 439608088
15 25 878516360
66 24 82480956
58 67 622752054
52 71 625394939
26 58 430052719
44 66 101109607
42 39 771615093
3 65 88192852
25 41 456525250
18 31 304792478
77 44 491231299
19 45 22203911
24 12 302636446
9 51 981403608
20 69 278960706
78 43 845893403
35 56 862401355
75 77 790368663
66 30 145636749
84 54 929068713
3 30 661842305
42 84 993050782
47 4 133146605
33 43 951462222
65 77 269979062
64 63 832414354
74 62 263918775
10 56 275815290
63 77 916659666
29 32 754596620
32 41 545897561
5 60 884524062
19 17 891301238
82 60 509740453
2 42 922601101
45 85 610419288
12 14 62907338
37 21 211885228
14 80 735274060
28 13 58554282
78 76 519098175
25 11 446997653
4 25 405892419
68 18 103154028
17 60 760956226
39 39 462806109
86 2 185309488
66 60 336684632
30 1 387328041
59 86 956610367
62 11 60296882
4 77 91651732
38 6 893331906
78 81 965133298
19 78 400206763
76 23 707712774
39 0 226541257
33 7 663090117
22 71 27392822
0 2 277517200
49 79 412077087
34 66 145700680
54 83 410268370
40 65 368714604
83 63 777254476
72 43 564992104
59 46 696688378
51 55 586616003
41 67 922202018
21 83 906285606
13 66 689724622
81 44 684805754
65 6 463298201
75 6 912953096
23 7 333873385
36 25 136620321
74 52 433403567
4 11 436795502
70 40 680290952
16 81 83135578
43 16 574610205
66 64 159051705
76 14 281399198
11 0 380146995
10 28 733654223
83 73 880119526
32 46 716339122
81 8 980336394
86 67 566810538
1 23 608588938
32 55 211629
60 3 493548708
78 85 549924207
43 7 810287965
41 4 430469061
48 23 820299790
13 1 458006956
9 20 648954995
25 82 471977550
0 85 435259524
8 27 922180068
46 76 856167079
86 82 89675386
17 48 922513490
57 65 9374983
48 59 474534546
42 29 639191739
83 20 936804182
40 20 670552123
78 50 354543943
46 86 147181816
43 59 728156148
36 26 125322616
17 78 637382172
33 73 450026031
43 21 452996095
86 34 484093205
63 12 259561487
23 62 18525480
11 76 87963602
52 53 990598122
66 46 680685117
38 16 703128391
86 42 376219863
4 38 284206545
23 60 580329721
44 69 13386230
33 32 329636145
67 52 189695180
38 12 46695786
5 5 407086467
76 56 330292141
31 86 514954133
2 69 639627190
14 54 294577234
31 46 155072120
6 42 588676728
14 33 163005894
72 6 311354033
16 9 854121342
50 61 911226177
76 53 925158719
54 12 463335842
60 61 613595142
56 6 621549325
30 69 532860477
78 22 939266849
34 22 154353629
56 2 534856155
54 81 294619237
14 0 354280058
10 47 460301590
22 37 611875170
67 86 642840533
26 60 30081318
66 10 94631205
42 42 869574630
76 12 829744019
11 12 386387901
21 57 184768152
34 20 468918522
66 16 232448493
72 69 167388100
13 47 770859789
6 41 443342511
35 46 603855250
81 51 397218930
3 59 667485866
65 30 92470396
34 55 352460454
26 62 920020169
85 52 762548536
31 5 93995066
87 87 314000508
27 69 338355123
32 6 384134248
1 13 506395555
16 70 270794058
21 50 324860530
29 61 455422281
43 4 557621083
75 71 577446870
59 34 394777524
64 61 213348004
53 18 888801081
78 87 826385819
35 11 951768643
1 10 72050554
4 45 775281794
45 56 316121446
47 8 978669353
49 28 793423776
69 11 49226789
71 44 754369791
57 87 8116054
67 53 696881235
50 28 278649397
21 76 593539548
39 46 862762650
34 25 507610686
50 69 995995224
32 44 923809559
6 85 869622677
18 43 987707219
60 7 486504509
69 76 595021572
44 43 874361952
62 32 68413784
27 26 227387207
52 81 747882795
10 20 686830668
49 85 663461232
17 2 577594873
16 1 806505152
38 3 614590435
44 63 733146883
87 25 552673835
6 71 840511771
30 25 682175553
4 19 326438099
27 55 951331694
20 50 96814954
14 67 101836311
5 78 692405028
35 60 569480111
11 33 458523118
64 3 461031541
31 23 716596074
0 38 645304225
75 58 500137950
46 34 22976687
23 70 922572990
7 87 164514180
33 59 666007951
72 26 485911100
74 59 181852494
8 61 612834520
85 64 938254449
15 64 142572556
52 0 297552093
3 84 977266078
76 6 896164994
80 31 941082450
25 48 846827109
48 71 848580662
14 64 220021372
17 86 601346492
29 80 474157643
60 87 859787407
3 56 943944804
7 43 106606233
51 85 443529047
40 27 137845916
28 71 787524445
74 37 246947769
63 38 12107946
42 80 210351402
10 43 443872351
64 83 677419005
66 39 816304594
39 20 101902042
56 83 863739277
53 79 369223290
76 82 796757822
33 40 934593756
36 24 110420872
66 27 639484410
51 62 423063959
48 18 437933540
75 17 314711670
20 5 164193480
44 53 970081307
35 77 391869639
40 62 472622814
79 40 968048595
43 84 489843294
26 84 799085543
83 47 840181643
37 81 839745835
2 81 219249242
83 17 519644628
71 6 45221313
80 60 161640524
44 8 973238441
72 75 997019957
55 62 334462744
18 44 120963454
81 54 824394022
61 6 447183400
9 10 406246444
17 42 780045946
39 8 76737469
10 2 172494788
16 29 439800167
71 65 250698476
35 31 840530915
60 79 485231754
18 1 597523978
21 16 690805923
41 6 582404409
79 85 147401737
11 37 209769055
57 25 856534553
11 7 223630161
73 69 775964689
49 44 701249431
46 48 404273302
39 9 318497542
75 65 55710736
26 54 61756540
61 41 631116600
85 34 528177896
43 29 965262270
33 87 910456905
30 79 258053404
30 19 780332361
44 7 228036606
10 37 522281424
17 69 555491109
13 15 889231948
2 27 470840470
13 12 497334830
87 31 754796614
65 32 230175925
44 15 905731248
38 62 452417729
61 9 954068403
56 82 594366053
9 79 586224276
11 38 342830059
2 72 853673916
72 61 310134215
16 60 462848526
50 75 769110863
65 23 863576868
54 61 558819579
78 40 830039240
52 60 550775960
14 24 291684326
70 76 508618799
66 80 22379708
25 34 712765785
14 14 858729287
79 18 131078911
35 14 635623277
5 80 330739660
18 56 674864370
84 53 854710461
33 68 171483450
41 83 47993977
54 67 21395747
4 22 775768136
75 82 886426136
2 18 362122772
65 44 713117271
55 34 433274371
3 7 100539448
35 72 178321180
16 32 391822874
22 74 504913060
85 53 300895505
2 49 832184700
53 10 271976918
56 7 681476572
67 55 710415129
68 73 673534709
38 36 206359437
24 33 853793288
36 10 423813386
39 52 765310508
27 75 202302356
68 7 227875582
5 53 757816625
65 63 443033909
26 75 1671766
80 46 661895018
84 87 492464812
28 22 41047505
9 74 103120900
82 53 154809198
15 44 56689920
31 69 757548822
69 37 841330406
85 31 200733410
50 6 5135108
77 26 731021518
71 58 449948842
18 64 276223604
63 19 131190310
2 43 811376326
50 50 476807349
11 26 811351212
61 79 773151385
12 70 88759350
14 19 781301209
13 10 205829806
2 5 303911753
24 48 183424889
53 47 73820815
86 62 784096766
33 37 177002458
5 54 319857673
62 66 689895524
2 9 66471682
79 17 770697559
12 31 151038268
63 79 411729792
35 37 33081544
16 28 555804571
81 81 807818312
31 85 392545183
64 73 370252956
32 54 821668175
24 2 701007341
30 44 163080222
43 33 68953366
57 70 362549265
7 59 755396359
62 84 463911190
15 43 7070597
60 72 972060141
1 81 461873390
44 82 210412021
12 10 280439152
30 9 199534895
7 40 572377940
56 5 13550749
61 76 157701064
18 3 513999475
84 74 837165719
27 58 274132044
30 4 666710623
82 83 190840728
80 4 594788659
24 71 813131044
58 47 437049435
39 72 885948541
86 38 296272039
80 67 10894973
77 64 129254648
67 56 56740242
22 80 55167961
42 12 619647961
69 67 229217985
48 2 554735164
66 7 207090245
40 18 106426360
11 72 945727532
86 50 463178492
7 66 55650916
14 2 709146891
26 46 932627164
76 21 725431641
33 24 630226653
22 86 568671317
22 48 165959512
37 22 884531141
78 58 174416962
24 77 874736951
8 80 337147068
15 28 535459704
64 36 607826942
17 84 428802669
85 43 582425055
65 66 429012358
77 7 694500644
51 77 115966457
24 41 459537717
57 54 721395618
10 76 36909144
5 7 124930227
22 33 455452354
11 43 44823906
27 70 435544138
0 34 637605542
85 51 68473631
26 64 337436741
42 27 328735281
61 30 240215219
41 51 743128769
3 74 83796892
65 4 583178950
76 49 509617573
31 60 991287696
78 47 893429580
19 11 232997900
9 0 176874009
55 17 947709116
48 67 299766862
71 36 559556541
33 47 51911079
55 1 711714932
46 81 54354631
84 58 245554056
25 3 156163603
5 63 581238507
4 10 701232885
20 10 717503643
34 76 368301224
21 79 80737235
4 72 314912752
14 52 948508304
82 59 816776488
44 62 565391543
17 27 868520411
86 28 105436440
56 49 536152503
24 70 922320120
35 83 516568823
72 9 8295634
42 54 953957613
54 54 993852650
4 64 732123251
47 26 922541634
2 85 864809868
23 52 948830036
37 51 690869668
40 21 466093845
31 21 977187895
34 58 894737242
75 40 10553072
20 6 161723061
15 36 146547185
69 54 575042200
48 8 33464366
26 22 591010289
6 56 359126970
71 10 281078164
85 85 995385667
67 78 849395313
71 38 107165174
17 6 422778631
46 46 538926639
65 83 91008318
12 3 13978363
32 80 200450442
35 29 664294838
16 65 10995288
33 35 286613878
70 70 677944979
23 42 260481292
13 87 828569876
22 64 551929214
17 49 913730950
30 55 554876066
37 4 499699016
80 53 128552157
71 2 288132015
14 1 751430857
60 21 80241001
47 53 472689737
40 14 601878710
33 66 74426291
24 27 403116338
50 81 469835907
41 35 573917348
58 21 792430160
39 34 322929434
9 50 122941587
53 77 259784686
37 37 128145469
65 16 190175474
85 26 179394490
46 24 505360889
40 45 740637621
47 56 593420628
10 13 51269817
36 6 240592761
0 58 713028248
77 62 24323351
35 36 322176649
70 29 964318691
14 22 779149205
54 65 704786795
40 12 397390340
85 73 141823310
58 87 717535783
30 57 262776292
87 54 915057018
61 14 768772623
20 47 682671462
85 14 918821090
39 23 877159315
18 87 150823388
44 80 128830327
40 55 60611543
84 76 786402433
0 11 120103909
72 80 310322734
44 44 854481310
9 7 639126434
12 27 831444381
5 0 592786089
51 56 845938419
58 65 766262343
66 37 302054875
60 19 881378836
17 68 103280548
22 23 159593767
62 62 140197078
56 47 805351567
1 42 87217881
46 6 716518236
0 31 737587480
58 11 941021391
34 81 237533927
66 2 174189567
53 33 748052704
6 25 636397266
68 54 259121864
84 82 915225270
22 46 924794545
31 45 838542669
74 34 787786163
44 9 415571642
26 5 512594225
57 16 375832795
73 66 77563212
65 48 306428243
16 54 555503880
25 76 690174301
51 36 26560192
11 25 171580656
47 69 243666348
63 33 183963310
52 66 26644371
24 57 664956205
4 52 184199992
51 65 18975465
76 40 808350461
64 24 477213750
76 35 121750431
5 15 459888069
83 44 135359618
19 32 611080639
4 86 427884685
60 34 606388015
32 27 561915046
55 4 894810212
69 35 174790929
20 82 34469501
56 25 441184662
59 44 591754802
25 69 710540845
76 29 121295641
49 73 246361463
53 65 238796645
82 1 934196353
62 17 819954851
16 69 913458266
29 11 896247719
81 6 752006710
78 38 780893100
82 41 851367468
53 31 48803477
58 60 441641228
83 33 576229622
5 85 879292156
22 67 812994215
40 48 606050075
42 19 456813163
77 51 303124560
42 15 74132045
14 49 187745762
66 36 459840796
3 17 547168586
73 29 221716376
67 54 339230881
24 8 419150821
62 39 704332249
33 77 103275813
61 20 743459239
48 32 468728984
66 17 229807429
19 54 150583348
21 81 990215007
43 6 895777211
84 24 518849661
24 84 155806563
52 18 341308764
84 48 977097448
8 65 801954748
32 58 159412920
39 7 863214848
15 19 243626284
68 87 964912055
5 35 596447611
76 48 264270936
75 47 441789345
79 1 75285546
23 18 257938140
49 26 767664107
34 63 829493474
47 52 86885608
67 45 577713335
20 43 11127706
78 77 97918167
36 61 967919668
80 51 130472037
73 13 941875716
15 21 601869503
23 79 656637030
53 66 742340506
46 37 526924749
68 51 712667134
86 45 156280084
30 32 575348595
14 78 703394309
14 51 27697648
70 66 47633176
33 36 91421129
42 78 344765707
5 18 386936651
18 38 841364976
66 53 776876310
35 62 27971473
70 15 745168630
72 44 51772737
82 6 61881444
84 75 200751236
28 79 57244042
83 46 234553844
86 76 741176149
22 65 276881432
20 30 119828727
44 27 15308881
53 2 96855329
86 46 823562806
10 52 429690046
55 72 250564716
1 0 837192154
25 21 834342573
56 40 525141640
15 46 233147335
22 44 38133937
34 28 709474929
31 14 53495283
46 38 976650887
75 79 639021658
47 29 747385233
84 35 942944732
65 0 739847556
64 75 608429902
39 86 627701202
38 22 509314315
27 23 827011616
44 2 446466207
32 66 595314600
27 72 385242073
18 2 181637819
42 40 279458300
11 53 797064992
60 57 393680357
53 19 178141776
51 41 577041881
7 76 831251785
29 17 745282935
34 78 252037497
16 63 362934704
57 21 368797648
11 13 862027648
46 19 547439001
35 32 771933485
55 16 725961054
82 0 300206957
78 9 247839878
25 35 377596076
84 16 858713431
13 43 601400440
30 21 270206648
32 51 987218065
26 26 905023637
6 74 227860957
38 47 491463713
69 7 651733454
45 7 660245193
75 3 323655691
38 69 956161871
48 70 551564493
12 19 283264452
35 16 299175916
18 23 148658675
13 40 3211605
61 5 902560368
39 27 419972182
8 23 520664097
80 64 870846796
1 21 987273193
36 70 213518665
30 62 494384377
20 45 258471842
51 19 790430229
53 5 180605891
3 55 175393321
9 13 544792567
7 61 682874995
69 61 301816840
29 81 668443407
76 28 639541071
87 16 151486734
21 85 472712591
55 73 81508365
49 32 638960160
23 2 108719683
39 40 739236159
86 3 274963201
2 41 961362578
31 30 245414585
31 0 15518890
2 34 872409796
65 40 254718238
85 67 886182034
50 42 892772322
70 84 953498399
42 66 402835174
59 70 659363694
26 11 200286769
46 64 377306837
28 33 538251522
22 51 717586972
60 9 980070730
83 74 250198866
70 67 552269528
15 51 197503971
59 58 975552222
13 9 974730951
71 32 621578377
45 16 265594375
59 12 117388101
54 40 866906984
72 4 534356641
63 25 98414054
61 28 267062115
45 66 85244955
28 87 978839710
44 74 504177687
24 75 165498779
67 29 759832371
55 57 873277768
30 39 510364188
58 27 707685832
8 21 331978360
43 18 905433884
78 5 606864169
82 15 449134659
10 45 910661415
29 14 36205895
28 6 896008937
49 0 114037794
37 49 954005533
22 20 810194097
87 18 251829967
78 80 707653040
58 24 665813870
11 21 358468594
65 41 234680931
77 76 907309360
24 7 204794176
65 33 722143155
52 1 175338443
17 66 564919960
17 13 145020036
6 0 71523607
5 17 496212306
19 38 179789905
42 44 490174371
0 46 10375875
11 34 821203463
52 23 400861986
52 63 71935229
72 79 637322898
54 10 104079058
15 68 382920132
4 18 656706574
18 45 967015295
27 74 291210333
29 45 468882116
84 39 312409934
72 59 442211021
49 42 280635828
59 36 713266570
5 29 672857309
31 61 954431588
37 45 27534705
44 19 982220664
44 26 215789737
66 50 517547680
61 25 425407304
79 22 141273177
20 21 892037112
18 74 46712692
8 1 184096845
25 66 416449453
84 32 933839305
27 38 531108941
68 39 237937808
1 40 232807743
54 64 803557643
73 34 665309078
87 40 424817081
67 11 275086165
7 69 392008533
77 83 109074190
44 24 706711088
70 53 404913469
73 86 854947411
36 29 167934093
54 72 581964256
39 62 841475740
64 20 641409571
60 4 905727161
75 33 998176397
33 86 736347874
60 67 778199848
49 87 890322120
71 87 319988459
63 40 412803473
57 39 630946971
15 0 13893570
64 9 304459841
74 5 29845443
44 35 846115187
84 78 896759791
17 24 365439233
12 77 344614151
25 1 63692287
78 39 392346327
23 28 87827456
10 86 565644986
8 79 878295031
13 79 804619273
73 25 543315366
70 83 944048445
53 50 661905134
86 33 429738228
36 82 296285344
39 36 823690047
81 40 99567791
11 84 655964653
52 12 285450161
11 2 447125038
38 42 657384724
67 24 857705379
42 5 178808163
61 71 19385070
27 30 362554458
4 24 958394844
71 76 71638931
29 74 190275607
87 19 564821456
45 72 315386928
43 15 809019766
34 26 837155271
34 52 978307140
37 17 885945526
9 4 205674458
7 7 826621982
57 15 293807028
20 87 34841604
48 82 489515887
41 12 839863008
84 13 865414694
5 1 658056032
50 11 786720634
80 11 292909681
77 86 673487576
84 73 836905957
82 46 804426678
83 7 500071338
70 38 783789154
5 59 27965566
23 31 623090850
26 16 369133873
56 13 77262718
61 19 474126182
28 61 729485963
69 72 84799131
28 80 48436584
51 84 224320595
51 37 506176073
44 16 234914205
83 60 800153125
81 67 577114006
66 63 97994287
25 5 565462641
19 79 298670076
42 67 286325859
65 85 346010196
31 39 209256968
59 68 933614358
15 35 484568189
37 83 718141020
82 19 647019337
42 35 591239186
69 83 431784749
13 81 227560112
52 78 616835314
32 3 213064327
45 33 419296899
27 3 966511503
27 19 710401329
20 33 26408865
74 71 965575657
5 2 841067704
65 57 888563346
64 35 138271938
40 25 42711410
81 41 696360757
10 65 454255427
55 52 13616612
60 17 894763099
13 39 551458597
44 1 401201069
71 27 388766219
8 36 882816186
16 42 910853875
61 2 521564693
76 25 48742090
21 1 465862928
41 41 294258039
63 82 526865127
21 17 987014556
56 36 491594745
11 46 902208010
36 13 730333052
77 19 539042846
75 78 526743826
30 27 934840501
53 8 185112826
55 27 403584998
12 81 59630481
27 48 633563432
2 54 578219911
49 21 259362107
52 5 518707395
55 71 135472998
77 1 990209385
84 57 89345987
31 25 976998392
72 54 80019003
10 27 560862287
20 22 172042421
63 51 964827299
6 66 116469997
13 5 6131335
73 20 915448483
85 71 149988700
13 44 102580643
40 29 143389156
64 34 3692944
73 41 318919775
53 60 953337790
40 37 680381435
7 80 626194346
23 3 261354708
68 12 512310641
41 66 185680900
63 52 671716426
27 20 207326423
86 47 858294493
59 8 872549675
33 3 860383830
38 53 12322791
10 71 25743458
33 30 57566141
24 40 474048958
30 7 489857013
53 55 427918931
81 39 944582813
49 72 314211964
15 71 133215372
74 29 69547320
29 39 767321090
65 3 476855295
86 64 562047937
69 25 371178104
46 41 972654039
53 22 974003913
45 13 736485692
86 11 985216513
38 78 794569454
69 10 261573113
67 17 163724032
80 72 66935375
22 63 972964618
74 21 662795632
50 59 722242631
55 68 588396492
9 36 711301910
32 57 374520236
64 8 680112230
56 28 184046346
66 20 861605229
24 64 641325934
48 35 272598848
5 36 92332949
40 54 385454214
86 55 847075208
37 9 443550200
1 12 382905939
46 52 380162480
36 44 311581215
38 64 992857056
46 82 303469294
56 19 459026936
66 51 186590803
70 59 517971298
13 55 942539378
1 27 556034457
50 86 111399324
54 39 867259163
9 38 859731852
66 8 890601002
64 21 47361511
70 42 989517432
26 82 293952192
87 63 651007827
87 61 964277472
45 34 421569813
51 3 970240764
30 59 159234136
6 32 148641005
44 0 593640884
69 74 850285107
27 12 382379977
56 78 335223023
12 41 172057199
73 70 556445848
72 5 261306810
40 75 126554654
47 70 719091046
72 62 289004841
56 0 431012223
48 74 132155355
64 14 817287175
86 5 815093206
59 49 776726671
63 44 123935400
47 86 186240423
68 56 763776175
67 47 665230242
14 75 89713715
3 51 474207288
11 15 135100510
79 51 541755716
67 21 61519777
66 18 132910421
21 4 586555569
36 83 705274296
2 7 898383952
0 1 326394312
54 16 996853881
50 37 822456215
17 29 251143342
45 3 35300858
49 60 786471046
28 52 121991170
23 44 835023432
17 62 499316236
37 18 314932819
23 81 541306015
49 13 491374380
79 81 620330810
56 58 876099127
33 44 267145517
7 28 112844023
37 30 250723038
55 70 175551221
2 77 655363295
9 69 545039961
59 53 94217883
78 51 217529470
62 33 288279269
2 35 94474678
10 26 913586530
18 8 403554589
30 34 991780199
83 49 481818343
70 48 161854292
18 5 592499050
34 4 607035755
49 71 631718781
21 12 902175304
74 42 176306730
33 15 652906075
39 18 415269972
47 24 1741221
58 48 853944840
81 22 456339632
84 47 83841788
11 32 617416580
84 55 264108040
37 62 736574444
68 8 1946483
69 63 889909527
63 68 987426876
77 65 876231479
67 46 595060357
85 60 533814411
26 67 361039482
70 4 572061606
40 85 476899394
59 80 936761935
13 35 346390137
79 76 602446432
69 0 39954061
72 25 259759044
75 15 373130050
52 80 640067404
0 62 663082533
1 6 818194181
23 61 432537999
52 82 1731516
48 37 323342010
37 66 638345478
57 32 56753008
50 52 917731694
55 63 959178356
79 53 798312689
51 50 725608227
58 44 170857685
38 8 763132568
36 45 504728179
26 55 97619530
76 36 388792051
87 47 729863462
67 61 921226747
39 45 109848106
30 30 254702334
37 73 50737152
8 49 936354989
36 2 287997807
42 79 784529459
63 59 385358006
59 38 320117532
13 73 794586151
5 87 984391475
63 22 696377026
80 40 805011211
9 84 342272015
85 69 674706347
34 72 605526341
76 59 81866041
40 2 901818119
80 54 223411225
8 64 611483517
68 47 898321756
83 27 899692283
40 39 849074460
50 41 174506306
61 86 313007355
77 40 90213873
49 84 325087565
79 71 687447843
16 50 224614687
45 2 619289427
24 20 944044466
44 75 365444047
52 85 624169563
62 87 326494696
66 23 744619542
1 63 254007893
71 1 209030964
63 83 421274471
86 57 628530975
75 27 472692295
41 31 209411418
2 29 375116236
6 65 829780127
61 61 926455443
26 14 813056092
30 31 662948622
21 2 525753307
53 21 281442936
23 20 513149148
44 54 332318711
47 12 965767589
42 10 874847339
40 44 411098188
36 50 826368789
84 50 357164971
43 31 185497036
10 10 409449477
58 13 829135751
37 60 607419888
20 83 543052636
12 48 228894256
59 26 459241990
25 53 626358650
13 32 27109690
39 15 650260726
0 8 401122863
31 33 150542599
31 84 487474338
33 9 761477909
73 72 785127442
24 21 635014719
6 9 637778352
46 54 93806011
73 85 641953130
6 68 58750366
8 67 277018309
82 5 310016529
52 8 417464343
3 14 519336976
62 56 708154186
73 1 936822694
24 47 193302488
45 5 437027285
66 1 133863982
43 87 892124727
62 27 931480055
0 67 226822459
78 72 89628508
15 72 555946670
50 21 580579027
58 62 936884777
79 67 168119209
68 83 108252126
3 49 621357171
32 36 835981196
77 61 737578806
47 66 899501477
53 39 300754046
8 6 812748171
84 84 177334805
11 31 32677222
29 10 113610313
24 55 966152623
9 64 536592799
57 74 533894771
5 73 364960462
63 61 383785075
7 52 91694226
32 20 111803221
18 72 317367770
19 51 206603034
30 76 348461785
1 69 79005641
4 36 530957200
26 35 952611734
9 71 480312928
26 0 625536771
3 32 866935251
19 5 468282638
37 68 45979284
16 18 587446549
68 80 162203660
73 19 287424629
49 78 934415652
35 63 599638509
36 16 602668615
45 80 377961998
39 65 589293142
22 9 311277255
77 14 252133624
50 40 92670383
0 27 231787858
34 24 641747746
47 30 559789967
59 3 579123964
24 86 450175574
3 81 604811020
59 18 221567952
69 40 337013174
6 35 637806563
59 17 940202339
13 23 784329093
87 7 599641619
38 19 509468240
84 31 804616603
85 45 191274443
0 40 249666051
74 74 478190129
52 38 475692673
15 74 1214582
28 8 652039995
3 2 461796806
16 78 877318307
34 50 943403482
36 0 802795755
83 66 113312653
3 52 888453502
3 34 726731317
1 44 219597210
29 77 594517246
68 55 587303003
36 11 111769038
19 61 595659389
70 14 216871985
64 18 630349259
35 65 941562420
59 41 843591423
82 45 684327088
64 56 527814387
79 41 983402836
16 87 573457675
62 29 973783239
85 13 220602191
5 77 765702549
55 81 453634995
32 60 121178402
71 53 737627613
41 42 61966904
40 57 826953372
37 20 783976126
10 82 825178758
51 33 788912862
32 31 189976882
25 32 965937063
22 17 482805979
71 71 570797366
54 13 406855929
75 59 192860270
15 42 525024012
28 74 336475021
20 42 207690501
25 57 739040902
52 83 296126916
40 70 293864774
46 12 849453344
3 15 405806014
3 69 509208577
27 0 871290974
60 60 204173431
22 57 829050021
79 77 159298681
49 46 373133524
15 29 8907593
46 36 934215440
6 15 544662368
18 10 858766956
0 35 790382719
55 41 373323989
64 67 320546363
25 26 535355651
84 10 232843415
57 38 688415050
40 80 607252030
57 4 809727729
10 85 288474062
16 21 990221277
85 74 986763720
4 63 23763907
59 87 412716922
27 24 285375003
72 63 101724127
10 73 894193549
73 5 859942424
10 22 706409676
41 56 367942960
74 85 780246705
69 6 631466080
65 55 718104280
65 73 719513579
27 21 770908328
83 8 375181293
86 54 240417890
0 39 449031293
59 81 670871844
14 21 953109942
71 16 955125042
26 19 790453076
42 7 680146715
82 80 812228329
44 36 230003312
67 59 347501216
53 83 186118295
10 42 383189952
3 87 788185926
0 86 523750441
7 10 673378759
48 31 822225169
48 60 19078171
11 5 462654964
87 8 59104416
59 35 269599922
1 85 40225481
19 87 492521617
30 84 444882290
84 80 905899668
33 83 777628077
24 37 468506749
59 75 3673619
61 85 725977982
22 54 230029944
42 25 907626838
15 86 399444827
19 29 464346322
14 55 345429822
31 20 47775476
53 68 154601833
63 43 237613737
22 32 130096730
41 32 167144689
81 78 575735053
43 12 194757132
84 70 600762951
65 37 172201873
7 17 668961332
31 68 495786966
11 85 92423528
10 18 574498954
70 74 359394065
48 27 400624819
74 7 28365435
77 60 223376608
69 46 386477689
67 76 381685050
5 21 919613556
28 51 778332666
2 48 414088564
80 9 324884548
20 19 57833457
37 84 610555437
51 8 616626478
0 74 10305478
30 10 677232809
77 4 668220381
45 47 387780672
72 3 853689702
37 55 954156287
11 19 231163892
57 19 729705986
1 80 238110098
28 20 619908230
4 48 909961555
50 56 475608189
80 55 873902956
9 1 951325708
31 16 202205585
85 25 334725191
78 6 200637216
74 58 108787440
9 57 474082073
69 60 83374601
21 70 129318144
78 2 266827762
67 35 964645112
80 28 209739057
13 41 883575994
72 65 114460221
28 50 578707301
57 22 961128530
72 0 953906085
70 50 97631188
41 78 441095991
7 84 428408003
16 55 257083849
39 29 124134450
12 79 649508551
55 46 133053008
21 65 400662836
68 19 952337028
54 50 279956793
25 81 982068297
1 34 484627845
16 47 758527712
38 50 40317116
1 20 926388218
79 7 395495034
55 37 243326781
78 33 666769180
13 65 710496901
54 43 192167035
9 52 872116785
77 69 644178722
27 14 804506797
30 14 108385975
57 31 1786188
33 38 651487542
51 81 446594218
82 85 499632222
59 24 773344572
17 41 576205581
64 10 717322338
73 21 387861085
84 56 978616202
78 34 591111576
42 81 48797949
13 51 9014337
42 34 599565852
2 83 132866520
50 4 425425388
13 70 438446998
82 11 406707128
68 43 599937460
54 24 677315468
79 45 303087955
20 60 66467347
87 77 417822971
8 20 905677261
45 48 959349408
61 63 535354454
60 51 120756094
9 56 256354125
3 18 747689915
50 82 827140307
23 77 59059661
37 75 142646304
85 5 926646620
81 33 189302118
73 64 270333455
42 65 740768630
12 71 305566261
32 24 157503465
19 64 448245922
36 71 943050373
24 38 937688420
58 51 508738704
4 43 534685
84 27 753846043
71 70 318951800
6 10 149945472
37 19 996663194
84 34 620137093
12 29 368432011
4 7 400175295
33 65 69936499
12 56 217907345
65 11 196142817
0 7 52797608
65 1 503522697
42 55 246903708
66 74 240146565
54 0 720222102
43 8 856091693
84 30 576084529
59 73 250647249
26 36 193681050
58 50 54434036
46 28 802342922
26 40 318744710
32 76 212638310
81 79 286667605
81 70 687512901
56 86 757665829
33 75 106686710
82 38 486736499
0 52 846442475
2 78 398653364
85 1 305173711
7 47 676943728
7 56 965600799
84 65 731616438
81 80 446531282
42 30 293479003
62 85 110577962
82 31 464637417
18 29 742354845
43 72 633408161
24 53 121477785
74 6 20020836
14 63 287000430
71 82 726115594
12 84 612720878
45 31 12483373
51 76 880614849
48 11 485119269
42 47 509035618
4 71 64226569
69 41 303450831
25 19 828398388
72 39 497014035
2 84 719887839
15 80 144834733
35 58 345940247
36 37 54139603
75 56 785325523
15 81 327672734
63 87 819798240
33 4 675493523
17 74 89190385
75 16 377483223
26 2 803148845
63 84 765810926
48 10 435552431
26 29 143428126
30 46 482600164
44 33 591307720
31 87 439814885
71 77 64252768
15 40 512742901
84 25 912169204
82 10 827307200
62 72 894103926
44 59 87111055
86 43 664391103
29 33 796027883
11 3 958050647
63 3 309199693
24 32 36867203
24 69 29228137
73 44 331107796
12 53 978289376
0 0 678521774
21 47 182194533
53 3 334717538
64 47 887263559
64 40 22996835
46 62 745407533
82 9 563714365
64 38 429838075
72 38 389634380
25 56 415575987
1 19 573478144
87 86 437029983
18 27 533463584
79 8 215642198
10 75 508697953
54 75 139936708
70 37 172821339
83 72 38486458
72 20 979778205
2 31 737174849
66 71 117331893
61 18 977854320
19 63 702261492
50 14 930259412
69 22 87448715
60 18 641170153
20 59 735045118
18 61 899939909
63 53 101966956
23 34 534548496
20 75 338141226
26 51 300953489
12 37 953554399
18 33 905166020
49 74 573476918
51 43 290710602
63 29 783970998
35 7 549859507
58 14 247623902
47 62 13055551
71 85 649888460
70 54 370675745
16 44 488808431
10 41 45243406
78 82 508537637
73 16 368125770
63 28 618121404
22 28 12577102
43 27 419172128
76 80 419655189
68 76 607098510
80 21 347132333
79 38 63272160
34 85 537858409
74 1 94516986
1 74 723665345
57 52 103630781
24 14 928159608
80 12 473737688
19 4 621856938
51 1 529680304
5 32 625640966
71 23 63195732
38 54 254482822
20 66 506691137
75 68 217504276
10 24 954513083
22 53 769908890
79 63 476325725
83 80 792154171
35 84 330436454
55 50 921980538
79 27 262071933
50 31 936131688
64 71 97230551
32 50 289982914
40 61 494400295
61 75 21899982
18 15 661064663
50 35 63960450
86 1 122121582
10 74 636121983
28 67 208949507
44 28 456234129
71 29 954372156
33 72 343909385
25 8 636491221
39 76 394389614
22 38 333967014
44 65 428847673
17 46 193157298
32 65 529907495
44 34 823023192
8 68 85551645
26 32 49661063
46 7 737856625
66 57 315486958
32 74 702225367
58 86 679907257
78 23 3526584
16 72 529505665
30 80 179252803
15 12 578668381
32 8 964025080
67 63 558930083
39 68 64799858
82 69 778389758
54 18 472993971
38 82 828246323
2 38 365200591
43 0 595658443
25 46 148969186
25 49 596512534
33 64 927541582
40 71 414624334
85 17 80026940
73 81 576927767
46 61 643059860
65 46 672993174
34 35 320710229
49 27 695039594
63 35 969901079
21 45 199561654
13 37 761179357
87 11 74425148
60 37 840835679
23 68 222694323
85 0 196945807
32 0 759912854
70 61 878469312
0 53 888790676
86 83 660898718
58 10 93429716
31 64 187122160
9 32 140474466
24 52 957593998
29 12 8832539
50 54 80773225
39 42 900521048
31 57 815641045
33 69 533986130
14 45 720346143
70 25 215558905
86 15 618943725
21 68 80137477
73 87 209986650
32 61 205930552
71 40 465126020
46 14 284449434
87 69 231927760
1 25 474708757
83 18 128270999
4 15 645538127
28 54 819973754
70 26 786120497
34 39 166345755
78 20 396005981
32 30 2745414
1 24 212722036
54 35 228635816
52 36 738508910
1 38 661154665
7 71 23032432
4 68 160631095
31 19 870473195
68 2 560602306
38 31 993919834
59 2 285009785
4 6 953505969
73 37 242430571
85 78 475487428
14 87 1368796
70 85 43411577
49 47 689446977
18 51 228621547
58 15 737470860
32 82 758887053
47 82 853250045
4 46 741560769
11 11 727653952
87 38 768245644
50 78 71253116
16 58 435484022
53 59 238874904
75 14 584267384
42 87 68471217
72 74 79712538
46 31 39325763
12 58 506621941
29 53 100542030
14 35 776014153
79 28 601534486
67 32 492185933
36 23 319039896
43 20 451844273
48 79 762113291
2 46 286103656
31 28 231988436
66 78 709955045
65 47 224194380
18 82 455784778
41 65 543605803
41 23 601582430
2 75 258531223
78 12 96886173
70 52 699269681
34 5 846780074
39 80 310970258
35 57 597327914
87 62 966918200
18 17 154945728
1 72 358625949
46 87 158186475
33 29 989314310
27 22 680541775
54 21 22061010
19 82 387480754
30 64 303415769
81 71 445150386
3 57 809681600
79 52 961187563
57 55 28935848
72 84 16986984
45 74 520678300
10 39 268410142
41 87 921049819
55 55 698753337
71 8 932229744
26 79 922251092
18 68 329615867
60 69 89735451
46 55 913430005
17 64 516786801
9 49 253010861
29 60 81077291
47 18 959088466
48 52 634750668
81 18 496566207
37 28 366031790
16 85 798278194
16 68 845230816
50 18 985348016
80 71 387765295
48 39 867980532
62 48 420046964
80 47 556071906
58 16 364275526
60 5 573918260
70 80 353970275
76 86 434594258
78 24 905370024
77 15 776560780
81 25 972562474
55 29 962516189
36 84 146000611
72 40 771804461
9 9 826506837
23 78 716047504
13 18 818105223
39 61 834150529
63 30 911031704
33 13 578283089
54 85 568196445
36 74 629398147
82 77 960868671
57 47 671699689
77 30 472039051
46 16 277530306
4 76 277572116
62 58 432400084
29 51 204257084
9 21 652428851
51 75 490667928
58 66 137431840
31 62 774826486
13 50 517160134
42 9 372777329
63 60 423411715
65 24 974769983
2 37 611245149
33 85 940148761
25 85 445365316
26 52 831641287
78 75 863431138
38 40 563727188
64 66 94843482
55 77 15292096
87 14 230000503
44 72 867122514
67 30 15695763
74 0 178627658
87 43 947564061
59 50 474662827
71 30 918211266
3 78 912042475
22 26 356335874
56 22 817667140
81 29 743668294
68 31 156994410
62 46 317993599
9 34 751284745
42 75 993999029
54 36 107193697
76 1 218015577
60 73 868472658
69 56 70026109
49 65 18325143
2 30 530779350
12 0 505234741
10 8 227045267
56 67 747508377
7 41 786554783
3 70 864245711
18 18 463765364
54 53 184705873
49 83 64617353
60 26 495622140
70 47 50145941
34 62 449872063
18 54 154167931
16 51 445457797
65 25 300110686
71 47 110781152
82 28 6534677
32 32 397670229
9 67 215209975
66 65 915848750
28 68 969100051
21 9 918178922
30 24 418403404
48 48 714178486
26 85 692606287
78 78 589137514
22 3 178706658
76 38 676395376
12 86 439412072
78 11 683440643
18 81 668792713
62 24 97820301
69 77 138325658
60 66 162859525
54 19 848847993
62 77 658828013
0 17 937919689
78 63 330549663
33 23 272760604
81 9 375167799
21 6 648891309
33 76 800668117
4 87 668441547
30 51 521445797
36 49 574454728
56 74 121403776
74 38 916947656
18 52 815084139
25 62 653923338
32 28 100022542
7 30 655525428
67 58 118050176
85 11 686059575
19 15 675377351
9 24 767539180
1 55 789287250
85 49 553501155
81 12 404680086
40 67 274187740
47 22 595168736
19 46 298251667
20 39 479129368
29 63 579589643
13 36 815036061
72 45 638811132
57 72 923040679
27 50 728594050
69 59 147732041
42 50 952817236
37 15 700888887
13 67 208706005
61 24 63291752
71 22 429078502
6 2 821930920
63 62 388151771
86 79 929966908
74 50 449408191
38 17 244669049
0 48 943085604
57 3 613752611
37 86 528718875
34 56 663742097
74 60 245383709
80 41 390310879
8 35 396837294
1 1 367623162
62 78 969752363
72 48 681503085
30 67 391388949
64 12 853719642
83 85 323074615
73 38 132537479
34 77 765418094
65 31 511679830
63 10 201178735
52 86 436813434
20 34 29792547
60 2 715625123
78 26 928410520
13 6 266604148
47 21 207149331
59 51 703792778
76 18 267709197
14 48 844788524
16 36 423302739
53 16 571596056
6 70 3635667
35 78 932070950
24 26 71684982
16 16 827773252
2 21 965673504
79 39 848037453
62 21 638470277
86 75 647587433
35 81 352315345
45 4 336098545
28 60 746208506
42 24 736803006
54 73 13389686
54 25 302093400
19 19 631270845
27 80 259842169
79 78 467417694
19 47 799716649
76 16 70915475
36 48 997184955
12 39 205645451
7 21 891007503
71 28 554901441
53 69 735473716
54 49 26913613
3 82 221723631
76 9 857053788
29 86 200621330
24 54 79118712
37 78 890922217
53 45 331766719
55 39 590617416
62 49 323544347
42 18 679260153
75 31 611937970
73 17 659844058
36 57 740961991
47 72 425921848
87 79 654737007
46 9 963050859
15 75 935101652
63 17 384441909
17 56 224165022
56 18 791116028
58 20 266253599
13 3 63667937
56 31 84773997
83 50 258914762
69 82 531967904
42 43 182402951
48 34 898701993
16 10 92117050
15 27 231122315
5 3 123617960
63 9 567487938
20 12 20989073
43 86 14030356
56 71 486758497
87 20 320981015
55 28 794119210
53 85 305546167
35 5 104430119
7 2 77589991
4 41 358551045
22 50 622566996
62 26 948340151
81 21 127821184
42 41 47470186
23 12 228722126
26 53 277301182
35 76 763409563
7 34 361749887
13 21 522693096
61 15 100506498
60 0 728810763
22 72 487483448
18 65 741136639
6 72 246760334
22 25 586725843
58 80 810026337
4 31 37052881
47 67 959649436
16 45 189456565
82 65 538044097
71 33 461987777
35 85 548707219
33 50 742205467
0 24 741285266
57 9 342091713
78 7 400923602
78 66 753106590
16 84 449710000
56 24 868327891
8 56 231758410
31 17 468292049
7 38 9562785
33 79 108689919
86 4 937209598
59 23 652083674
12 32 24305913
51 82 881715568
56 62 883971846
73 84 579929506
78 59 475863235
41 75 327413381
40 41 861147157
40 81 568620054
30 16 421543608
73 71 885336736
62 68 350676619
1 66 975512036
60 24 84329613
54 26 277865340
87 33 345286894
76 33 900599198
31 7 917696186
62 5 175172391
0 47 691136492
79 12 231939984
79 11 907260813
35 71 821988350
57 77 693654754
33 78 472070435
31 9 41319369
80 50 292309141
87 83 913806107
51 25 285463789
31 2 764595803
61 59 443435966
87 35 471892397
39 87 479686138
69 23 714533513
71 66 186763485
54 68 52658601
68 44 31077278
38 30 229819475
60 49 250172173
66 45 190693379
65 61 35421142
68 45 30585337
67 33 290894513
81 28 265771335
47 11 939343286
80 61 651092572
57 60 98464562
56 39 343554780
28 48 717222377
47 27 366348344
45 58 538208920
48 77 567072585
76 60 507685807
4 47 840146355
59 10 271310989
3 77 584262898
29 66 487756241
51 46 192504228
53 76 117462733
26 1 348951762
8 14 561716584
9 19 667181395
27 62 343039510
6 5 429806530
67 48 914343913
24 35 178428314
49 31 361077680
27 18 253639147
2 82 442083777
75 49 516621273
12 62 129104149
34 67 554952433
35 55 462892294
79 37 690309831
68 82 731106557
2 12 186421918
54 59 39068775
71 24 175188208
68 28 633571129
64 32 242388711
59 72 299600293
45 46 694303318
27 28 816950951
8 29 648818112
3 35 855463129
74 20 248726737
68 64 767980
75 36 321673423
17 38 631320451
79 62 177233939
26 68 248485230
77 47 896961126
78 44 404693544
23 9 519665817
83 65 942318505
33 71 882131615
37 71 458413170
17 53 73651821
15 78 209972324
0 9 806205841
29 75 587760229
69 55 473381977
42 17 504425702
54 69 756533600
50 3 530195740
2 26 880351613
36 63 607164093
41 14 440210854
82 22 138876246
65 87 58976769
4 78 896415029
32 25 126247060
49 5 684860690
41 70 833022633
45 86 299193328
6 49 872571645
82 64 560878026
43 14 312724267
75 67 275412220
16 80 932384212
80 48 24492877
45 22 555757428
82 72 500667546
42 1 390699412
41 3 668138058
36 56 814787404
63 48 487696813
82 47 254201435
85 58 872286813
58 59 378996323
87 59 875060885
25 59 680168157
40 63 177858497
37 53 971478121
43 79 263301385
46 11 898818790
48 14 147701925
38 85 368008690
18 36 660963953
82 43 277384701
30 77 751783272
62 45 335723019
37 50 655846717
79 15 931823973
40 72 845891554
64 17 417162055
6 84 312118993
13 80 201283057
2 2 766661
59 43 285439251
83 57 420037551
70 30 379397874
22 81 696194896
86 61 225026468
10 21 664530102
69 47 769280743
2 24 828333215
23 43 282577730
48 43 715488164
67 49 843963329
17 83 866727926
31 79 950171855
41 62 32641487
58 1 225667470
59 30 660959071
25 39 59254760
29 30 735845222
24 39 48813947
81 60 160300759
73 60 787004631
34 14 811828054
26 37 579839492
26 77 612826746
80 87 114449367
60 27 850745993
41 52 638851038
24 10 86538457
5 81 331405545
32 47 96431986
30 42 397762893
57 17 430843440
12 51 853098548
