30877143090934
49852002059990
2312478430428
-9098502217721
-11455432287545
-11211727510708
-367040414926
-25371333439944
3835013410904
92031782327019
25108133030521
-10045015507197
-5966500643806
-8077792342098
-962566445376
-4244941108503
-405463350144
-36491701512960
-13067020152203
-40628788400917
-15407607305472
-41755980880021
-19210608081733
2663243850336
-19130479975506
2856812505011
-34184791823535
-9821227903578
-2037863466693
-3765123857098
-7215656404232
-29373207280309
-11705770884986
28695104029064
7729706344928
-5780931223536
3290888938446
-72965525577532
-22922433905051
-72104898651498
-96874911099548
-101926122125059
36043969489966
-2704331162199
-15530302322967
17660916847023
83785306841422
101377910925038
118606425688788
2317838794746
-291611832515
9818438834286
-1041649792285
10696769414417
-5063596665232
-55368640577999
11599039577468
-17284107981269
-44979131290893
26165224741544
3497451083580
40163888388627
5083432150922
16792975487840
47392901669524
26931777677922
55431860375807
20471737562339
1817587233506
1667855533576
-27932274773432
3015092308303
19896145338405
1089067636968
2563863256293
17621534754317
-23484480743266
-929197060055
-17979320971710
-8632392641926
-75432303493715
-87611837482793
-44230140921260
-62008095972752
-43192880321978
-2640437283339
-26939942451048
808861560068
26772153792858
30842069316605
13181384151401
-53592443924983
-57260610129601
-81641074912034
11876213392457
-41748266199520
38337274736368
37668311595979
-43058913006441
-4087162403641
-67793439420908
996600952659
81108191673590
55503041893372
91074201200180
68535666352874
11331828024918
-65814454607318
-34071267797766
-10974451387268
-69927145417273
16908297223933
13657575029607
13688664510771
-2326563590321
2444296248301
1657844708928
-17751373326
2204488361560
1552784726090
3243222568231
19515636752100
26249196316180
27574973959716
-2550904007649
-3480800369430
-1704667630326
-3971556587998
-16669025884276
-25873258267002
-21316457065229
-9380758452528
-4362106481480
-12341233001489
-18450498132560
-20906494220518
-23545719425497
-43973746822137
-37478862745086
-4921968611975
-34059136759718
-6020471285013
-19114327642922
-9661082498721
-2071740811055
-28965631562082
38632831418527
11650455975570
8347330336158
4620985412429
70229564413052
-1269781133923
20427448265389
194230383287
1942303832870
12546663426472
-10540342932458
11415192019086
60494050580306
-28220857828607
-28940608755628
-226844316054
10670486387740
202692012428
4075053257964
12493602382640
-39201344420582
-26815387875048
41274662362803
28475336028548
-21351757425234
-11344155182034
-9049636694448
-2536020043704
8899209747846
-8742213396960
-24323458506482
-39213071399252
-116307953359507
-22281477182504
1136178787275
5749448155650
798049330896
23798278898738
48097156480123
-19104590210170
-6751291751960
-13546876599937
-2471327879594
-23002352240496
-4049089192109
-16289247088304
-21011286864258
-26807440352378
-13324860093073
-26133982116628
-50429672576634
-13077099309459
-51926426705038
-58246176812327
-31256826411915
-25891605887222
-50137514279932
-40506843330642
-24015788477018
-23095649725486
-3102523788794
-24438272339641
-50060894322885
-56758873326174
-15403168812682
72087385438711
32740422005771
34421222948126
31850085537790
12554383722405
1360843115220
3628914973920
22192947721407
25601197764336
38560658903423
7407040304634
13683482574118
38560556012581
38190076322131
-7775338924296
-1708377932835
949663408358
4363465583269
7884738461526
-19623871111092
6271239247542
-12378406734493
-12133524181962
42798856108
-8977586285939
15806228653375
-3927151606732
-30917758449186
562552039422
-26489804153432
15787445336922
12866218211576
4955920006566
-55891100678727
-39054344155816
-31467879400567
-35180089075917
57834817692035
-7200239213639
14971786564150
8451847069134
-7666855162305
-20730419994766
554315131276
16448582882020
6897222714570
18512079869604
-8850470633955
-93342814721958
-14995866042375
3745660761546
-15675855840225
-87658884740066
26456092633949
17048270024900
3878716674030
26073594211381
9381126210225
2549892866532
18419564577475
17646793384265
11740691521871
685786206990
847493219752
16294603617224
-3449254790480
-24256176340498
-15882407674144
-53795251799520
-60238175610147
-48098397770106
-61444150790286
-57982175926124
7546749985348
-15714953716338
-21476494579336
-21045507517993
12867787274581
-33265321695848
-22094946841316
12995606390169
10266742458816
-41686209998917
-191962910175
-62674856816228
25247319887971
1563567303139
29187002014540
-4062586016349
53310343770218
43246296290335
49668954094854
-24853156112139
-15202957696512
-13752275369043
-28676396598369
-30242207865179
-7649780032780
-3589089941078
-1326324283895
117877209
-23136180168512
-19560033290821
-1437368735263
-7820692249073
-16572544142197
-5050358592512
43733042422530
-5948086702114
73745290049040
47601806926146
38399559406
-1125451201370
-27754686605205
26679750385703
10479738122519
19817808130234
-21483322169320
