-20714290062156
-20702187028488
-2734714230037
-16586529715169
-149370153336480
40358521453190
-84422598848420
19535477656421
210936098433580
-3320854008460
-118849602227965
15317566921707
158397929692069
21160598732131
-146011131795
-330189641708421
-68565442046175
-22450661582906
-86658691990066
-20045188337340
-47068952812442
-156858684300081
-50641356304336
-28856649037818
47176467427198
-83639854630540
19809951734361
17196498004148
171085247302886
121859423686501
111596814519203
143634129236629
138627635463
-64170691542715
-13836833527385
-45898875073393
9730222250557
23297240658480
58802876878803
106231137312534
82389277265223
58434746298002
423104883869363
103569102296441
-68338989617703
12534986062722
30895070658416
80798867674996
-25562973896766
238998292724032
352733410949562
224908603440002
241171787969343
20860244490297
95930399129158
5254219506853
-211478027992582
144463397284515
8617114925743
93168794479415
-165951379019136
1035107237384
-17302749775477
30077799475719
-14178644450988
-193634510505915
32726521236004
-36113519701969
-78410804392623
35808905753046
38284559401083
-6247227507034
-1868203616400
-52870522222570
-6342574088884
-96629502559087
-30894978245321
-103609580485205
-11097148990056
-91246547225739
-248723151023688
-58633537223278
-210442925225820
106435020281911
-262099552176043
92327068689545
-37232402751058
25649689000303
-33419250689994
-97779279392049
-105201468916858
-7457360111547
-53340051860064
93796840055300
7517791282345
-118444243474968
-9769972776366
-241803408794198
-188852872142404
-10808616956040
-292869005068670
-124142677739785
26814114781393
-27032449096653
-75119545323088
-229214400858651
-209053691564602
-317842936195211
-227525551989905
-161346699848457
-10222220461260
-186620156143433
4406911778575
131891923637763
38832315651394
48184298748088
-23257306123135
66124791913219
2948496783168
-7238451314172
-65206963852879
-92932502889872
-13353757387599
-66670928805328
34350594964495
-117731834608603
138259612350153
94070602576937
46483001265177
72032413925235
12706954948622
26383977552533
-61175692905055
-88376186914292
-61188774208029
-44640293176186
-406873155562419
12758977705680
14353849918890
109770509468261
25460438250560
-46726633915762
-59072493123702
-24459652142694
-136281277995909
17186072147475
548756399152
111328776718148
23260841454533
300909556500939
118523339174898
107663138150313
76144937186271
82809639601456
109518485535311
141961178073278
24620844198629
99792146366375
17592396494054
-9568280051306
-162767255515944
-335165934296201
-91051394119931
-27262401330503
-24959285361518
10337063378358
-101209767690570
36507079955432
-95125583042053
-240309603537287
-19533598145794
-183458359664288
15289909188385
-252814783359094
-36449723827792
-13301485682263
-120369730462077
124907497358501
125226747804495
353404586872475
-256456380097871
-205130843631984
-42121021233390
-112398692079495
-31815992052936
-108484390670266
-17192858175208
-11106843538599
-262552820405090
-43989311624150
-193535768875723
-45775786822182
-190626979486732
-11974767507705
-10233831866191
-332537764692
-959171571107
100212217442225
76514689482718
43094297177127
168635946315284
211158842926820
132409923303196
60889698090515
33949685378980
-2669737925154
-207088437306878
-135614408138893
-50138771473056
-83479720446101
-70912031895611
-21471082800880
2935215105212
46053296868313
109555787513374
143258327952090
13368483838430
116060841831996
357839312565
43004741032327
1175439412802
21984085954109
-50197016049050
146772810119
177439262218657
142508846631929
156932571434737
70405930059140
-45530364788184
65702452757210
4791197257717
-14413690027132
42189411097669
59252509562898
-4425660421548
-64447608852828
98115167521825
213812487696720
242436161173209
312377783093331
-395271495692760
-161547068982847
-173780820932441
-104313543526248
-67947348157351
-64233314232640
-65806102151573
-5580543858661
3073093340120
81207985212420
257646161738874
-185498393355851
646725496392
-139359245167217
17172298271040
-13929620580606
-24815519169
-10772548244282
-46731797246082
-115375749277727
20718743100985
-12989070712320
-10777843431252
67440885092023
-27724461050203
41847840037410
76783378823982
-39560744142537
154535660928218
48272661095997
130039653415305
105479206331928
51237529654306
-33372952814388
-106504194312047
-190188554887331
-126684185967177
-31035667163192
-22946215658466
-4923273078331
-8794802545975
229179062677416
175420779402434
-61574861768711
70886125826935
-23322416231520
-230978205157775
-362783785921893
-85139237529354
-9025718542760
6001606433494
225527137235356
83096323093648
92941546733465
-134196537653520
16173609627952
-136805581655369
88414999810380
26974067738760
195881139203463
307768063774239
-51447807725718
-6394222920177
72349339185724
62590332704434
-60139253825637
-53979412483046
61392119096174
-56413150852455
-127020554144836
-222811430753935
-115668157298850
107754493889844
-125662010387529
-272903184226331
5453101042912
-5397444538122
-25878521302692
2685661537314
-16790416563803
159213167369582
