198 1259
136987924 40280999 438515315 805152546 234164454 129099933 971852321 983937488 410134225 668461222 574343409 885417013 394300887 86086437 570981511 221329455 57893312 584381871 154204049 738660729 728257729 551666498 540440394 165573287 512342480 452470821 669622703 340240729 965382636 953292241 144902419 86035524 289571086 987645468 423893886 928104871 464748969 105872436 123582647 242780928 505538017 199537013 745991283 983136444 65304379 842202106 646596193 140145001 630412665 134706415 170189559 917006962 498351627 78228861 784928508 545206283 276287905 127534371 580361498 602636875 833497706 569752320 168745739 687931378 25556222 401296664 903079778 244718550 696658577 923575834 20801451 728508574 144327567 355924229 987918030 767675763 39770237 690017157 35094958 619519152 803294929 322191158 334280933 412368057 946079172 696252934 727024412 429649275 739609644 879769415 84017875 429336930 578822041 559811577 192014409 783587083 235524450 277645214 641105035 776026757 478219070 115129181 14794716 647713890 894892898 720571222 16609338 29190516 796633468 940732244 641040997 243193942 968755343 956678858 9273458 747543114 522400393 605708171 235611799 713122606 952769734 230441676 782661943 119932537 618863044 263420409 832590609 341598454 889752736 346283651 906815307 693782514 787563199 656787150 558988762 325699987 408388854 484659329 514686813 546683978 168335178 925036722 876453250 928472013 452720553 11844689 152089336 237462880 322160445 768682370 968998501 643437693 43682975 50514865 225072892 729100215 432384534 267319887 944916772 470850912 634063725 30265497 170224154 233237753 310521575 363661868 30383316 169764888 450267291 509435980 637917173 871736242 398793145 910647926 108164902 535373865 729080956 796833592 454223174 403988143 945062274 621479206 158107041 272551814 767759721 136585361 638455939 61417522 286340474 221735821 57584824 684185411 747165460 140519367 201499817 652532397 746971523 597836965
0 0 0 2 3 0 6 7 2 1 10 10 1 13 11 2 12 9 13 6 18 3 19 2 14 22 21 18 2 15 19 31 13 12 34 20 24 10 22 35 0 0 23 8 14 28 33 31 10 26 29 42 23 25 33 16 42 30 44 18 0 5 43 26 56 13 16 60 58 62 13 15 9 6 46 27 24 17 37 69 29 8 58 13 28 13 41 72 72 23 3 86 2 78 18 12 73 65 28 18 77 25 95 90 103 70 37 44 67 66 61 105 73 52 93 45 2 64 4 85 45 33 114 77 66 77 96 52 17 110 96 16 10 94 60 104 109 23 21 59 86 102 134 93 58 87 132 66 43 49 114 57 52 93 50 74 143 149 45 43 91 14 55 55 56 102 76 135 59 5 15 77 56 89 46 159 105 147 68 136 6 113 94 168 2 182 82 109 177 122 125 150 187 12 66 120 18
1 163
1 191
0 24 454860215
1 45
0 21 493511239
0 34 771394023
1 180
1 192
0 30 713096228
0 100 876305539
1 21
1 170
1 118
1 153
1 71
0 63 583694890
0 175 109265482
1 172
0 98 152428854
1 94
1 151
1 160
0 79 157747928
0 20 602205583
0 98 241156717
0 65 26330288
0 72 458859964
0 71 231860715
1 166
1 171
0 77 485500327
0 180 853582737
1 92
1 20
1 47
1 107
0 122 760752795
0 66 627815219
1 115
0 150 269382538
1 53
0 143 561995103
0 60 347367663
1 84
1 3
1 171
0 14 322395252
1 51
0 70 642875472
0 188 142912010
1 82
0 167 931522758
1 107
1 184
0 45 806399633
1 149
1 59
0 174 662394583
0 43 339381673
0 66 998671142
0 160 807361520
0 29 493349993
1 106
0 1 162436711
0 23 612937461
0 192 610994557
1 90
0 197 515133051
0 83 82935094
1 186
1 72
0 167 184035561
0 66 916469760
0 141 537000401
1 57
0 34 32679843
1 190
0 146 827369309
0 22 355398069
0 131 280944444
1 79
0 30 653873631
0 127 224523527
0 96 151351159
1 61
0 187 302378597
1 97
0 42 596451847
0 37 880745027
0 41 485274459
0 26 523871556
0 125 875650875
0 4 520949196
0 3 770641585
0 79 206506864
1 125
0 132 944915557
1 156
1 1
1 97
0 31 540428524
1 29
1 98
1 0
0 178 975930688
0 37 393297837
1 69
1 78
1 3
0 154 783841626
1 135
1 27
1 190
1 188
0 134 269207415
1 38
0 38 507281136
1 156
0 132 554242922
0 169 834765732
0 184 669525757
0 58 653214462
0 17 818417818
1 64
1 116
1 40
0 72 390541367
1 10
0 50 227166411
0 176 999845708
1 126
1 52
0 76 237031361
1 153
1 106
1 149
0 39 3288366
1 137
1 131
1 97
0 59 58201392
1 188
0 72 499736218
0 165 184461369
0 92 668869817
0 25 591152692
1 133
1 121
1 192
0 29 395323616
1 21
0 131 40899335
0 109 987025786
0 173 274079910
0 132 67448884
1 6
1 29
0 49 610436273
1 181
1 1
0 148 446644573
0 93 920499234
0 65 917033537
1 113
0 13 774188754
0 82 138116461
1 181
0 103 897541378
1 54
0 191 720142076
0 23 968134725
1 173
1 190
1 120
1 147
1 30
1 130
0 35 627867173
0 83 259886832
1 31
1 133
0 155 275267118
0 82 640263313
1 117
0 167 840592168
0 162 200095662
0 9 905424128
0 166 182317674
0 15 743402101
0 78 145210301
0 59 576740159
0 19 108782814
0 189 635280149
1 105
1 138
1 156
1 161
0 53 827868799
0 26 230111596
0 174 500859488
0 165 260278945
0 39 345594555
1 50
0 88 611534100
1 63
0 56 107309654
1 17
1 124
0 45 190420492
0 179 534264383
1 9
1 25
1 93
1 7
1 25
0 13 390697210
1 80
0 152 239181386
1 172
1 48
0 188 92560479
1 127
1 117
0 103 517189915
1 172
0 136 270053958
0 126 673632190
1 130
0 60 546861009
0 89 148983304
0 15 53355848
0 197 722415925
0 51 374955009
0 60 192234027
1 67
1 100
1 6
0 23 163104722
0 158 333718353
0 164 271233381
0 17 663010848
1 27
1 136
0 164 261409511
0 101 14172062
0 170 571827529
0 157 830257029
0 8 598197634
0 8 547964489
1 110
0 129 205615967
0 109 630241852
1 61
1 136
1 21
0 97 767271797
0 138 695763092
0 157 411412053
1 157
0 103 81649353
0 86 344347487
1 13
1 109
0 70 818598886
1 127
0 75 819855435
0 82 568219033
0 35 765660275
0 164 355126344
0 5 444955096
1 173
1 183
1 46
1 167
0 84 272345340
1 70
1 121
1 80
1 125
1 100
1 156
1 46
0 51 272423795
1 149
1 50
0 128 654588759
0 149 547297558
0 113 679223879
1 22
0 25 675678625
1 174
1 182
1 126
1 131
1 163
0 105 359835451
1 153
1 55
1 14
1 9
0 168 326844789
0 53 878580049
1 180
0 19 889386649
0 58 987828243
1 185
1 12
0 63 920571729
1 74
1 182
1 58
1 186
1 134
0 62 39546955
1 132
0 59 649107179
0 196 444543766
0 174 577182746
1 145
0 139 222133398
0 117 233905817
1 165
0 101 74151035
1 167
1 188
1 49
0 2 96318278
0 6 284610016
0 156 287270550
1 138
1 127
0 22 446724464
0 59 875774799
0 147 343186917
0 32 388173401
0 63 321567162
0 5 704612620
0 197 816650958
1 168
1 86
0 44 719226127
1 147
1 141
0 28 886580303
1 33
0 157 273032776
1 160
0 66 580958888
1 191
1 170
1 181
1 149
0 124 319555704
0 175 964729909
1 100
1 28
0 162 952040907
1 45
1 84
1 39
0 129 123236486
1 124
0 29 654556320
0 65 491086025
0 100 659078479
0 162 196853892
0 108 727595757
0 79 38453609
1 107
0 97 926756361
1 140
1 157
0 107 631001458
1 94
0 49 376861418
1 44
0 98 670096313
0 6 303845907
0 64 414153414
1 48
1 163
0 10 627825851
1 179
1 189
1 79
0 138 439545813
0 164 63499080
0 1 38090460
0 176 134235085
0 177 113289856
1 107
1 21
1 21
0 7 115758646
1 138
1 128
0 52 461909077
1 5
0 102 652668063
1 56
1 153
1 197
0 25 929363722
0 159 638043775
1 4
0 152 260099213
1 35
0 91 152629222
1 93
1 155
0 168 842459397
1 94
0 17 409301425
0 63 27643657
1 132
0 141 282874134
0 115 887401070
1 125
0 144 906940953
0 54 385229877
1 113
0 127 525802823
0 29 193108793
0 9 197479318
0 136 581667856
0 142 353283426
0 99 392235728
0 60 47319047
1 97
1 141
1 179
0 110 943252358
0 23 160532221
0 41 981118344
0 25 281536249
1 194
0 3 843556311
1 176
1 160
1 196
1 136
1 32
1 70
0 133 161806378
0 52 939517373
0 153 476865129
0 124 833033641
1 142
1 23
0 146 418090298
1 150
1 164
0 174 775549946
1 12
1 176
1 28
0 193 474815408
1 53
0 101 322360557
1 98
1 130
0 51 932131618
0 155 573890351
0 130 833399181
1 49
1 78
1 47
0 76 400083704
1 163
0 38 404379331
0 100 667553250
0 66 560416375
0 70 984149269
0 68 191999255
1 23
1 105
0 83 35748414
0 45 842461653
0 59 791397635
0 54 565680427
0 78 948502219
1 115
1 128
0 98 74669237
0 178 233291624
0 92 231390215
1 84
1 179
1 159
1 84
0 33 608877724
0 47 66919316
1 35
0 150 44487597
1 192
1 140
1 28
1 52
1 63
0 139 840362267
0 41 545919899
0 87 357488356
1 67
1 32
1 92
0 120 111677669
1 104
0 176 883192942
0 125 329992443
1 35
1 69
0 152 935363795
1 187
1 75
0 168 603726262
0 5 631638042
1 44
1 181
1 123
0 185 858278401
1 92
0 162 685265662
1 152
1 118
1 53
1 42
0 119 98497972
0 25 110070651
0 40 155963235
0 66 9611948
0 5 348063204
0 131 117960591
0 36 407813943
0 106 2611725
0 180 215097964
0 18 446529241
1 195
1 132
1 168
1 97
1 31
0 172 599784041
0 167 494890163
1 111
0 108 804624004
1 61
0 153 738136526
1 97
0 111 87047267
0 145 680724165
1 129
1 26
0 63 586946581
1 34
1 116
0 133 818448109
1 17
1 135
0 85 993482074
0 173 892977218
1 61
1 13
1 162
0 147 54471278
1 47
0 16 281864615
0 12 75603613
1 84
0 99 52635270
0 73 171697723
0 51 340925843
0 196 137898968
0 4 374006933
1 71
0 19 898980725
0 58 950601441
0 191 902914519
1 140
0 152 638234037
0 114 831483645
0 142 397093576
1 130
0 53 814226230
0 6 719633048
0 72 798907423
0 44 322533706
1 163
1 179
1 133
1 76
0 162 465868689
1 168
0 99 846586727
0 140 271494423
1 3
1 23
0 33 880803008
1 159
1 157
1 183
0 75 647197702
0 170 905668851
1 100
0 29 306989823
1 170
0 140 918220616
1 76
1 65
1 116
1 180
0 88 241952079
0 52 956088634
0 105 823455678
1 64
1 137
0 21 85830817
1 49
0 28 426109311
1 187
1 111
1 182
0 75 550244313
0 171 618689758
0 138 458125098
0 80 4778709
0 159 196630640
1 123
0 8 215635539
1 140
0 139 436285204
0 32 683058424
0 108 293734471
0 148 905731349
1 30
0 142 207099524
1 76
1 96
1 138
1 117
1 117
0 155 278384578
0 153 854760352
0 129 396902335
1 124
1 155
1 108
0 170 97932012
0 102 781562427
1 129
1 130
1 34
1 35
1 132
0 110 298388247
1 111
0 159 361128760
1 173
1 40
1 1
1 58
0 116 697296726
0 94 609989942
1 23
0 168 349106418
1 98
0 163 692653512
0 81 761739536
1 81
0 167 313760675
1 154
1 184
0 146 534361728
1 155
1 96
1 167
0 160 920825514
1 16
0 38 368573569
0 78 434115282
0 153 88943831
1 182
0 51 145938173
0 20 147049537
1 0
0 127 940493127
1 56
1 81
0 38 831535620
0 26 403705435
1 91
1 35
1 46
0 41 960177422
1 81
0 34 369723864
1 68
0 51 547686231
0 196 908286985
0 154 437107988
0 149 242805667
1 14
0 150 345610134
1 197
1 56
1 55
1 195
0 130 53289479
1 83
0 53 905221291
0 24 793757889
1 87
0 194 172060906
1 180
0 152 473286312
1 50
0 53 108251499
0 98 338872712
0 47 674718097
0 62 197106172
0 160 892240618
0 42 585454711
1 164
1 17
0 181 870700522
0 58 186670018
0 62 62787303
0 188 583710625
0 13 418317194
1 115
1 55
0 191 722463421
1 149
1 25
0 131 744341616
0 143 218807541
1 196
0 165 949090106
0 136 458742536
0 173 746508011
0 119 272973601
0 126 845086357
1 67
1 124
1 142
1 31
0 156 833313342
0 79 389176733
1 170
1 91
1 143
1 186
0 7 55637513
1 18
1 168
0 113 707901306
1 110
0 164 835381545
1 84
1 51
1 18
0 71 350181308
1 159
0 43 256215393
1 112
1 159
0 64 493090552
1 111
1 154
0 186 60448318
0 115 952370973
0 5 297785170
1 33
0 126 910465627
1 186
0 106 499455427
0 45 52134275
1 78
0 35 985605493
1 94
1 50
1 130
0 158 87093655
0 44 8261172
1 186
1 1
0 189 490024720
1 38
0 25 163427738
1 196
0 93 291346174
0 86 121369219
1 70
1 148
0 50 577735209
1 105
1 118
1 88
0 31 475152716
0 92 803867515
0 74 770892131
1 185
0 73 759384040
0 62 960322941
0 10 526560315
1 176
0 176 358426968
0 164 424950454
1 182
0 121 95935666
1 79
0 197 40640064
1 145
1 62
1 184
1 112
1 86
1 139
1 23
0 195 158545197
0 89 530475282
0 147 589054547
1 153
0 168 883293374
0 74 375683587
1 97
0 39 19474838
0 108 549992600
1 115
0 76 787522923
0 78 194830775
1 162
0 144 10101377
0 63 469321853
0 51 214232453
1 187
0 155 228977874
0 6 799204876
1 48
0 141 121013797
1 105
1 182
1 101
1 169
0 121 66533579
1 165
1 127
1 150
1 151
0 174 369946534
0 107 905159210
1 91
1 151
0 182 979436547
0 25 454624538
0 16 253701856
0 164 384467715
1 152
1 75
1 67
1 3
1 84
1 62
1 92
0 174 760805951
0 130 863842537
1 52
1 96
1 57
0 22 842155362
1 116
0 13 287992148
1 191
0 99 614791180
0 95 863703999
0 73 53965911
0 185 747249675
1 122
0 79 748744226
0 97 246080455
0 179 711689541
1 118
0 117 80470490
1 184
0 98 573032303
0 66 2893498
1 108
1 54
0 26 317389214
1 128
1 129
1 45
1 172
1 121
1 192
0 117 592533356
1 77
1 13
0 55 849677772
1 174
1 164
0 149 626893673
0 153 142908517
0 144 131253779
1 70
0 149 337905062
1 111
1 51
1 13
0 92 12606786
0 77 344960568
1 88
0 192 364680613
0 122 270621461
0 95 846378550
1 31
1 111
1 186
0 93 483376977
1 69
1 157
0 188 360038988
1 59
0 57 664471927
0 159 988108217
1 14
1 107
1 173
1 71
1 113
1 60
0 55 529048100
1 31
0 185 387247606
0 131 925320397
0 4 273695029
0 101 131902664
1 72
1 64
0 183 246734785
1 137
0 37 108091603
1 43
1 6
0 175 280915684
0 183 672559696
0 26 445667398
1 164
0 179 453090669
0 30 306757871
0 50 903816923
0 114 569942587
0 176 939595736
0 142 771345552
0 84 907012870
0 178 410042167
0 147 763684865
1 98
0 23 550367132
1 3
0 45 101924987
1 63
1 178
0 127 977290876
1 103
1 138
0 0 203084549
1 22
0 88 812826151
0 164 991641181
1 95
0 73 802344727
1 13
1 78
0 111 599640486
0 122 437437914
1 111
0 165 852167795
1 141
0 55 565797403
0 70 815299241
1 172
1 130
1 42
1 115
0 99 232631384
0 144 94573608
0 122 800261559
0 178 57021516
1 81
1 134
0 162 378145765
1 126
1 67
0 151 740433031
0 31 144606384
0 46 482823292
0 100 557021383
1 143
0 130 884765536
0 39 928583860
0 52 701475436
0 99 408403141
0 90 424910186
1 108
0 101 529048390
1 144
0 37 325945220
0 197 943939576
0 51 534915801
1 107
0 10 357526369
0 119 506556483
1 113
1 143
0 53 370326742
1 66
1 140
0 193 56816617
0 9 994661374
1 117
1 126
1 8
1 40
1 48
0 100 241456253
0 50 285870537
1 61
1 35
0 101 327991307
0 54 963315302
1 158
0 111 304076602
0 97 891756139
1 4
1 169
0 163 930326726
1 191
1 99
0 175 735563632
1 51
1 147
1 183
0 97 761255893
0 10 52573467
1 75
1 133
1 36
1 107
0 52 367910156
1 148
1 115
1 82
1 111
0 163 496059528
0 181 665254440
1 67
1 137
0 60 695200217
1 24
1 90
0 147 807055420
0 61 856527093
0 15 741671925
1 107
0 197 841683868
0 105 599792404
1 32
0 34 126666633
1 124
1 84
1 154
1 177
0 45 436495985
1 34
0 27 250616500
1 46
1 49
1 157
1 15
1 17
1 112
1 101
0 102 444326200
1 0
1 78
0 11 800066895
0 127 725506145
0 87 819933612
0 78 763646812
1 145
1 18
0 119 547880151
1 57
0 169 674704256
0 111 227586672
1 36
0 12 69483423
1 116
0 68 912615651
0 9 926652564
1 100
0 109 170161256
1 93
0 108 353089637
1 72
0 3 278905356
1 118
1 171
0 126 892245126
1 61
1 8
0 173 458591534
0 96 977073723
1 65
1 60
0 193 967317479
1 126
1 109
1 68
0 161 564526376
1 95
0 75 218031292
1 189
1 181
1 98
1 57
0 113 310901391
1 59
0 117 34645459
1 121
0 14 12040792
0 160 941115384
0 191 725085161
0 181 770913472
1 129
1 19
1 50
0 71 262343606
1 153
1 47
1 76
0 121 967331259
1 74
0 163 238688228
1 143
1 109
1 36
0 193 873001741
0 50 962438690
1 121
1 9
0 89 305163589
0 56 36999398
1 176
0 189 429622688
1 50
0 181 628571434
0 85 21669995
1 129
1 165
1 134
1 2
0 84 515851645
0 20 22055275
0 152 650190324
0 120 163458286
0 144 454461540
1 18
1 40
0 34 899179669
0 117 503426363
1 81
1 116
1 157
0 181 796066784
0 146 34078336
0 49 400671828
1 128
1 104
0 195 96738438
0 10 510329427
1 141
1 169
1 156
1 68
0 96 795350527
0 163 19113077
1 108
1 129
1 119
1 176
1 74
1 142
1 94
0 57 293825737
0 136 523845899
1 154
1 146
1 149
0 172 855983854
1 14
0 124 385437604
0 10 439226513
1 53
1 105
0 24 398895835
0 122 547433878
0 82 414712887
0 98 225698042
0 151 719261299
1 85
0 28 292278918
0 20 328695088
1 113
1 115
0 148 11788514
1 46
1 68
1 128
0 30 523020114
0 53 595879243
0 33 880027633
1 167
0 160 921633718
0 42 5093560
0 175 582257294
1 3
0 183 520066979
1 141
0 61 417667695
0 149 55487468
0 35 539217920
0 70 454221447
0 162 428952755
1 24
0 46 19227173
0 141 779596858
0 138 275362697
1 115
0 129 300982135
1 164
0 175 858850441
0 194 347939641
1 97
0 25 485716023
0 102 787282486
0 133 68860502
0 108 651549967
0 13 748356967
1 46
1 61
1 3
1 101
1 60
1 185
1 184
1 182
0 117 716329687
0 83 574355223
