88 1419
2028037 288974909 111681588 291303632 155763712 177741457 164199418 280452914 745629015 727272894 383855815 451963117 263419161 854025925 625817844 903511050 636159790 788165373 442332844 275132246 358996390 239303569 23523747 398318281 935986353 142493592 695297770 499848367 7061287 551242323 622426888 79384002 19141560 513456960 313082157 130997331 463541289 120030523 986922531 112618850 230228300 678849560 504459522 679335110 334404235 867470925 674397136 958197434 404243924 86377174 618061916 863589554 791513591 435167767 915162678 71459492 341562698 951473804 52898442 401242089 794478014 364178763 453002785 706324970 720922658 653545259 112784412 626625485 423006839 483894301 669309742 618420173 342823400 63159789 669473697 552010351 785773594 78145328 581004064 943346726 856912692 227723599 266280591 128456734 832249497 530649785 552244092 760049622
0 1 2 3 1 4 3 7 3 3 2 7 9 6 3 1 9 11 6 15 6 0 18 0 21 16 8 2 28 7 24 5 29 29 23 20 25 13 13 23 6 34 17 38 19 28 7 2 4 26 15 9 1 35 22 20 24 3 57 23 12 33 2 31 62 63 22 6 9 26 70 7 9 70 48 48 36 69 65 27 36 33 70 5 2 10 59
0 85 433177566
1 56
0 67 195162271
0 14 114548429
0 58 935590236
1 25
1 56
1 15
0 75 423647480
0 64 587481860
0 21 362895767
0 70 715453291
0 3 327962270
1 7
1 38
1 5
1 56
1 44
0 57 732123932
1 63
0 18 700743486
1 71
0 66 280134951
0 79 761089112
0 75 304003094
0 35 98992432
1 49
0 6 859516181
0 61 942428387
1 20
1 41
1 76
0 87 501862907
1 52
0 17 495045358
1 41
0 46 978633468
0 22 284212393
0 11 937789476
0 80 305802577
1 25
1 60
0 17 793108760
0 21 885567777
1 28
0 7 804486637
1 27
1 33
0 22 843037105
0 70 271708931
1 62
0 8 209724128
0 32 916270961
0 2 214684343
1 5
1 0
0 20 951947000
0 72 686130638
0 46 611174939
1 70
0 53 433820206
1 1
1 3
1 67
0 24 25446519
1 4
0 18 702028202
0 66 455987627
1 17
1 54
0 44 126489395
0 3 797463832
0 45 566463001
1 85
1 62
0 25 550253103
1 49
0 27 57760879
0 11 38786344
0 27 820683815
1 59
1 39
0 15 60772917
1 26
0 9 133150763
1 12
1 18
0 27 433606847
0 55 294506745
0 78 546614342
1 63
1 79
1 15
0 73 51268766
1 65
0 64 947432470
0 20 962033506
1 70
1 71
0 81 785060110
1 47
1 63
0 11 514430966
1 69
0 42 455824776
1 5
1 30
0 39 105985216
0 74 330235168
0 5 623894365
1 48
0 44 9246293
0 28 233187234
1 39
0 52 449516480
0 6 524334374
1 72
1 43
1 86
1 24
1 19
0 67 901499443
0 22 121220623
1 57
1 45
0 52 519427722
1 35
1 80
0 63 607373762
0 34 657279947
0 63 351748042
0 21 713580376
1 10
0 19 198825250
1 46
1 75
0 74 353591171
1 30
0 30 189381340
1 80
0 79 704698251
1 85
1 66
1 29
1 71
0 77 663391954
0 45 965389227
1 61
0 70 578716138
0 40 509062848
1 84
0 5 379599081
1 45
1 59
1 66
1 43
0 21 129251103
0 24 792637559
0 48 189059423
1 6
1 26
0 58 771252696
1 6
1 70
1 47
0 47 400684388
0 28 741521257
1 79
1 42
1 53
1 64
1 61
1 63
1 31
0 10 530860711
1 69
1 18
1 8
1 84
0 12 888091496
1 51
0 54 371400837
1 60
1 54
1 83
0 40 812328304
1 38
0 11 537456926
0 3 854254304
1 64
1 6
0 55 354972145
1 79
0 39 924228916
1 51
0 54 345279394
0 28 343978817
1 81
0 86 440470426
1 50
1 46
0 6 898986217
0 62 562769062
1 39
0 65 154476295
1 55
1 46
0 40 700259064
0 14 659149431
0 11 662641044
0 8 442747050
0 25 168156013
0 80 414690587
1 82
1 52
1 1
0 5 583134523
0 45 744261654
0 30 44708484
1 37
1 35
0 76 49543740
1 75
0 57 742844587
0 49 99930807
1 9
1 62
0 69 334568773
1 74
0 54 196282012
1 48
1 82
0 65 540554830
0 43 437613621
0 25 386484282
1 61
0 22 599323037
1 20
1 62
1 50
1 84
1 41
0 35 685457622
1 66
1 87
0 69 823009355
0 1 80948787
1 73
0 79 203145326
1 29
1 74
0 78 652046446
0 59 628698930
0 10 611435427
0 72 654534851
1 37
1 32
1 51
1 75
1 70
1 52
1 7
0 41 988165342
1 14
1 69
0 29 959633039
1 22
0 51 623847413
0 12 317023509
1 25
1 85
1 44
1 53
0 77 455932472
0 1 430054535
1 41
1 8
0 25 967237220
1 55
1 3
1 12
0 55 694457663
1 38
0 81 571774243
1 56
0 55 46380721
0 1 729409762
0 68 197695833
0 22 886509792
0 76 913796254
1 30
1 5
0 57 162813001
0 66 115540099
1 7
0 60 446450229
1 13
1 76
1 2
0 1 754696782
0 55 789617230
0 47 841214656
1 59
0 84 778277113
0 60 575194085
0 77 36273279
1 80
1 2
0 2 177443204
0 47 487923323
0 48 870264293
1 11
1 10
1 6
0 18 720965021
0 21 751243917
1 82
0 84 677493160
0 43 670112610
1 64
1 27
1 67
1 36
0 26 182954029
1 2
1 33
0 42 347086245
1 41
1 86
0 43 114267292
1 38
1 3
0 11 611380522
0 1 699166131
1 3
0 38 328353431
0 76 474737164
0 12 340924827
1 4
1 33
1 56
1 54
1 4
0 11 837007508
0 37 39086392
0 36 102616744
1 40
1 19
1 73
0 35 382097010
1 35
1 8
0 71 183419214
0 28 951676443
0 25 345295021
0 32 256522534
0 9 848393239
1 29
0 46 677508645
0 24 983801730
0 70 669323327
0 74 501288078
1 25
0 74 466917556
0 33 766651297
1 72
1 25
0 83 112203765
1 79
0 11 539615230
0 30 155391663
1 13
1 68
0 2 176289572
0 46 729335421
0 37 916947760
0 47 685824385
0 47 154367658
0 17 353635634
1 44
0 57 681474196
1 2
0 25 353460885
0 8 395618384
1 46
1 36
1 58
0 77 598153863
1 22
1 68
0 21 667626192
0 82 972537500
0 73 96762746
0 71 952161724
0 30 499692603
0 75 160659825
0 26 652880394
1 82
1 35
1 45
0 27 682475087
0 79 182493834
0 85 770796680
1 27
1 26
1 22
1 72
0 82 589742956
1 40
0 19 861979970
0 58 169266419
1 85
1 50
0 48 187904868
0 67 587954329
0 2 866559916
0 75 157691725
0 19 490705427
0 62 224087428
0 45 642502812
0 11 351315953
1 72
1 35
1 43
0 84 755674767
0 6 961073918
1 11
0 10 252567286
0 58 288494966
1 15
0 18 84374181
1 79
1 42
0 8 477365464
0 56 696565029
0 85 380306104
1 36
0 43 10920697
1 59
0 75 746647253
0 34 768917045
0 20 286333823
1 71
0 73 856009013
1 49
0 17 524122623
0 15 839928596
1 46
1 43
1 56
0 39 814320540
1 86
1 72
0 16 50108394
1 77
1 53
1 36
0 10 133737119
0 22 612159490
1 3
1 77
1 77
1 85
0 37 491816387
1 59
1 81
1 14
1 27
1 77
0 24 659003054
1 83
0 44 354690883
1 3
1 12
0 6 124096761
1 27
1 32
1 34
1 18
1 16
1 77
1 47
0 84 687075482
1 32
1 85
1 0
0 17 904353904
1 26
0 48 776138031
1 80
0 15 462022263
1 13
1 11
1 67
0 78 297680229
0 53 114921171
0 70 292716908
0 40 399434404
1 64
1 86
0 32 118854636
1 28
1 18
1 53
0 13 368390735
1 82
1 57
0 23 243042281
0 83 961125936
0 15 796460858
0 56 38990527
0 9 966762001
0 54 2639234
1 65
1 83
0 13 302521658
1 53
1 23
1 71
0 69 383101472
0 37 405084589
1 58
0 64 662105272
0 43 90729002
1 42
1 69
0 66 442223274
1 82
0 36 670408978
1 53
0 44 578543558
1 78
1 51
1 1
1 22
1 50
0 15 58250910
0 58 656416753
1 34
1 32
0 11 627109941
0 16 646545973
1 30
0 56 460712235
1 75
0 70 220713235
0 56 805211749
0 24 612416729
0 64 379076957
1 0
1 60
1 5
1 55
0 17 489130518
0 38 477092258
0 0 540161685
0 70 691874099
0 46 437162938
0 57 702135169
0 86 437455251
0 31 198997816
0 28 44016557
0 74 807406894
0 74 880535546
1 76
0 27 598754430
0 24 289282539
0 31 95526534
0 26 245802781
0 37 126401762
1 66
1 6
1 59
1 62
1 3
0 82 917832099
0 14 994403486
0 65 999095193
0 38 798338445
1 29
1 43
1 8
1 56
1 70
1 70
0 29 25720454
1 71
1 13
0 51 535372429
1 82
1 66
1 84
0 5 652732796
0 71 925308162
1 53
1 61
1 49
1 69
1 39
0 67 313784048
1 16
0 29 784806327
0 34 983683746
0 37 634750662
0 77 809714940
0 42 37551426
0 0 713335534
0 85 770447192
1 25
1 34
1 27
1 8
0 0 537585949
1 35
0 12 871413278
0 79 30675188
1 58
0 65 619028467
1 14
0 43 129640193
1 20
0 73 348438381
0 45 282268718
0 80 158223415
1 86
0 23 608294155
0 1 496064638
1 54
0 31 378511426
1 62
0 7 475115790
0 67 199175044
0 80 735324844
0 57 830680466
1 60
0 72 827442002
0 52 134512119
0 26 78499341
0 4 552063151
0 83 259092474
0 67 44417620
0 47 219242027
0 5 714716599
0 5 294520464
1 47
0 3 437826576
0 78 63393520
0 69 180902473
1 28
1 13
0 52 830685064
0 25 137102610
0 86 62002459
0 77 436093928
0 12 303916631
0 13 913227686
0 35 98663564
0 46 351094784
0 38 380905540
1 68
1 77
0 57 356173923
0 82 810658604
0 14 971527653
1 29
1 74
0 16 485136543
1 33
0 83 868027801
0 23 639027289
0 5 596755268
0 82 930501489
1 42
0 26 250566262
1 21
0 28 632653013
1 53
0 48 301246439
1 73
1 40
1 63
1 13
0 77 717140860
0 66 647220940
0 48 329143252
0 20 979392734
1 52
0 65 883687053
1 46
1 6
1 21
0 15 526277282
0 47 844259619
0 52 749766849
0 6 970433441
1 38
0 52 271850870
0 71 730785310
0 17 757346108
0 19 215325424
1 13
1 55
1 24
0 27 401265020
0 42 391785850
1 14
1 71
1 1
0 6 588089869
1 22
0 72 444232738
1 5
1 44
1 58
0 51 525195001
0 87 111325382
1 64
1 61
1 5
1 3
1 58
1 69
0 13 210200586
1 37
0 58 403144198
0 13 937181447
1 43
1 58
1 42
1 61
1 4
1 0
0 45 156251579
1 8
1 77
1 70
1 86
0 67 67611210
0 18 949031917
0 20 152183575
1 18
1 26
0 23 768743286
1 76
0 30 720491301
0 27 430301937
1 71
0 53 220238228
0 82 603006932
1 35
0 3 373412818
0 13 62496753
0 50 632082483
0 18 672946528
1 37
1 75
0 73 352838171
0 27 768355612
0 2 30066756
0 63 620380097
0 80 941322284
1 67
1 2
0 24 106286083
1 86
0 53 352577127
1 56
1 71
0 78 921186281
1 56
0 12 847123439
1 52
1 56
1 48
1 7
0 78 880952981
0 45 980611488
1 69
0 51 941433872
1 76
0 71 547710771
0 7 991939902
1 67
0 53 51653054
0 33 396998405
1 6
0 35 24647718
0 51 793193811
0 77 857300267
0 31 579747686
1 55
0 56 788211691
1 53
0 80 12549617
1 50
1 49
0 42 40562569
1 53
1 66
1 50
0 39 525432291
0 73 377504553
0 48 562740122
0 53 768432312
1 27
1 58
1 57
0 38 283690400
1 72
0 18 986058461
1 22
1 3
0 77 533429250
1 4
0 0 864603872
0 11 201741900
1 2
1 4
1 35
1 57
0 20 201529849
0 67 131069417
1 28
1 38
1 87
1 86
0 3 799435338
0 43 158646740
0 50 638324900
1 35
0 49 865973240
1 36
1 84
0 87 732629210
1 69
0 61 717472540
0 83 862296125
1 5
0 1 336000200
1 87
1 19
1 77
0 12 370886176
0 41 964903488
0 57 5044599
0 76 771983737
0 4 24220425
0 68 246027038
0 55 898810984
1 48
0 56 789765405
1 87
1 11
1 4
1 58
0 0 762000843
1 22
0 41 971573050
1 19
1 43
1 39
0 84 616932542
1 22
0 71 319245768
1 66
0 83 112491239
1 36
1 7
0 43 306514515
0 45 50851253
1 86
1 23
1 0
1 54
1 4
1 45
1 64
0 35 948643456
1 76
0 70 104667286
1 34
0 27 722857849
1 33
1 6
1 54
0 11 890961065
0 33 193314969
1 19
1 62
1 72
1 83
0 82 181357218
0 61 399014723
0 82 987558242
0 24 298146582
0 76 425316950
1 50
0 54 30157628
1 0
0 80 889032452
0 79 42280578
0 81 603353791
1 55
1 65
1 10
1 80
1 76
0 19 598762034
0 83 804260878
1 79
0 52 216456750
1 53
0 69 96114379
1 31
1 71
1 16
0 74 86317533
1 33
0 78 887087002
1 36
1 8
1 41
1 2
1 44
0 10 261647464
1 45
0 39 775640889
0 16 587604620
0 59 986101697
0 16 167941530
1 58
1 34
1 2
0 87 265444276
0 55 732945981
0 25 560636776
1 60
1 72
0 77 557142992
1 7
0 41 926888396
0 58 945383345
0 31 501896236
0 44 327015783
1 13
1 83
1 61
1 15
0 67 300883934
0 67 423740476
1 42
0 17 503392004
0 19 140195941
0 35 112433766
1 50
0 23 855336540
1 57
0 75 877468106
0 86 560324765
1 8
0 18 177055311
0 75 424786483
0 44 182589599
1 32
1 13
1 48
1 68
1 6
0 78 456669485
1 47
0 54 403177530
0 54 561138831
0 9 603667854
1 85
0 82 219007652
1 3
1 74
0 25 745709471
1 55
0 65 378257905
1 75
0 2 62835203
1 37
1 73
0 7 567102469
0 47 256049755
0 59 303457109
1 12
0 34 954612530
0 74 206434276
0 4 728806501
0 52 109556460
1 20
1 40
0 69 151663855
0 81 765394667
1 59
0 9 200154474
1 76
1 65
0 81 444197347
1 63
1 84
1 85
0 82 615359967
0 49 479634428
1 3
1 19
0 85 243425992
1 27
1 64
1 82
0 43 980848404
0 86 819772034
1 55
1 81
0 60 59919139
1 74
0 12 631078536
0 20 327833504
1 58
1 7
1 84
0 60 869163207
1 66
1 56
0 41 83259021
1 1
0 68 992813616
0 36 416839458
0 48 906877567
1 86
0 81 169948609
0 45 315018065
0 10 685496608
0 15 295989021
0 64 519964581
1 78
0 6 486945660
1 56
0 84 658143132
1 24
1 56
0 3 750897369
0 20 377603291
0 52 557804523
0 73 348114890
0 30 527465103
1 36
0 71 481573791
0 4 779221072
1 9
1 15
0 71 848243497
0 46 213051769
0 65 251199891
0 67 966727213
1 78
0 78 357077302
0 18 21782972
0 47 237558818
0 14 903109110
0 83 424269153
1 81
1 21
1 18
0 17 29695532
0 36 935113809
1 19
1 7
0 52 592678925
1 51
0 29 185054820
1 69
1 25
0 34 735114650
1 52
1 13
0 36 841943540
1 79
0 73 704638135
0 5 532713733
1 81
1 82
1 8
0 41 688642306
0 0 144611325
1 32
0 18 390598135
0 18 901586025
1 1
0 47 82387329
1 70
1 9
0 5 52885913
1 23
1 44
1 6
1 1
0 87 3510130
0 41 318574773
1 27
1 20
0 17 430951178
0 14 928602450
1 30
0 75 769907251
1 57
0 29 293613170
0 69 802002225
0 56 960026734
1 4
1 8
1 62
1 45
1 38
1 14
1 23
1 67
1 12
0 71 551065016
0 55 497140922
0 36 401336447
1 3
1 39
1 26
0 16 159025364
1 14
0 33 912512116
1 49
1 66
1 22
1 85
1 15
0 82 363705329
1 11
0 10 647272985
0 19 386902605
0 8 473595337
0 6 151673403
0 59 164698406
0 8 80138900
1 34
0 6 611721950
0 8 117544863
0 14 855887189
0 34 112353757
1 66
1 70
1 0
0 4 275417397
0 35 13556878
1 57
1 42
0 64 579304164
0 42 410554891
0 20 30518604
1 15
0 28 467258344
1 52
0 8 904356385
1 85
1 62
1 55
0 31 997928378
1 15
1 14
0 46 754075019
1 30
1 37
0 69 937990306
0 29 955882975
0 12 336914139
1 8
1 10
1 60
0 8 330881092
0 79 20974594
1 53
1 49
1 14
0 73 403698640
0 70 93781710
0 82 883637370
1 50
1 0
0 21 748104207
0 23 69992887
1 42
0 59 816401761
1 36
0 86 1736602
0 8 510137913
0 50 881120414
1 81
1 50
1 32
0 11 945306038
1 85
0 77 860286878
1 50
1 37
1 1
0 69 89542995
0 72 26016523
1 26
1 7
1 20
1 9
0 18 965706960
0 17 850888857
0 2 646214926
1 69
1 1
0 15 947517201
0 73 456327978
0 78 527326820
1 0
0 77 272850853
1 86
1 47
0 61 753760114
0 84 329576764
0 70 636714171
1 50
0 44 999786307
0 84 639901957
0 20 653471871
0 19 917782284
1 86
0 68 507093846
1 80
1 19
1 83
0 45 993837187
0 50 326568730
1 48
1 35
1 50
1 74
1 17
0 29 179827297
1 42
0 3 736761455
1 48
0 68 659995304
1 31
1 37
0 30 832026473
0 28 390515093
1 76
0 44 374680595
1 49
0 51 620999193
1 65
0 83 426341747
1 67
1 31
1 42
1 4
1 41
1 22
1 15
0 67 902349612
1 19
0 0 745902902
0 82 995707889
1 29
0 81 444115172
0 9 224100579
1 82
0 14 764354826
0 74 712974275
0 51 51741962
1 19
0 81 470282695
1 3
0 80 477788895
0 31 775568720
1 30
0 77 924168221
1 72
0 4 690580594
1 81
1 81
0 77 19614120
0 47 650471042
1 14
1 69
1 71
0 74 734533356
1 61
1 85
1 32
0 53 665536774
1 64
0 5 854114886
0 21 732436675
1 84
1 41
1 49
1 5
1 16
0 84 463411621
1 74
1 83
1 84
1 87
1 20
0 7 338525270
1 62
0 67 29654799
1 83
0 53 492830501
0 27 293658502
0 60 517812257
1 31
0 42 446599116
1 84
0 56 853713658
0 23 853262895
1 29
1 19
1 66
1 61
1 64
1 64
0 11 848480456
1 58
1 13
1 77
0 85 307029931
0 64 984909715
1 25
0 7 275918344
1 12
0 49 370530887
1 8
1 17
0 4 213575170
0 68 234309474
0 20 872854560
0 55 810440440
0 41 555718733
1 22
0 71 362042554
0 47 742987714
1 25
0 42 572111239
0 79 443284181
0 16 638947798
1 4
0 76 633318969
1 54
0 82 961375822
0 39 852959393
0 71 673517506
1 68
1 50
1 63
1 9
1 37
1 30
1 75
1 15
1 62
1 27
0 35 671510487
1 56
0 45 494066757
1 79
0 29 643694415
1 21
0 52 107764785
0 81 578885572
0 68 448029348
0 24 352154833
0 78 649507441
1 35
1 1
1 65
1 31
1 83
0 29 659933081
0 57 983797448
1 64
1 3
0 13 655159966
0 7 155018737
1 85
1 74
0 43 386189051
1 69
1 55
0 27 930740733
0 12 52513003
1 31
0 57 983827316
1 26
0 65 653243150
1 80
0 36 551279108
1 13
1 66
0 13 466692505
0 39 59459141
0 60 965051094
1 66
0 56 913152884
1 71
1 31
1 19
0 21 935563246
0 40 558475349
0 50 157111362
0 63 294833943
0 66 77789581
0 16 13706307
0 34 916698716
