197 234
136987924 40280999 438515315 805152546 234164454 129099933 971852321 983937488 410134225 668461222 574343409 885417013 394300887 86086437 570981511 221329455 57893312 584381871 154204049 738660729 728257729 551666498 540440394 165573287 512342480 452470821 669622703 340240729 965382636 953292241 144902419 86035524 289571086 987645468 423893886 928104871 464748969 105872436 123582647 242780928 505538017 199537013 745991283 983136444 65304379 842202106 646596193 140145001 630412665 134706415 170189559 917006962 498351627 78228861 784928508 545206283 276287905 127534371 580361498 602636875 833497706 569752320 168745739 687931378 25556222 401296664 903079778 244718550 696658577 923575834 20801451 728508574 144327567 355924229 987918030 767675763 39770237 690017157 35094958 619519152 803294929 322191158 334280933 412368057 946079172 696252934 727024412 429649275 739609644 879769415 84017875 429336930 578822041 559811577 192014409 783587083 235524450 277645214 641105035 776026757 478219070 115129181 14794716 647713890 894892898 720571222 16609338 29190516 796633468 940732244 641040997 243193942 968755343 956678858 9273458 747543114 522400393 605708171 235611799 713122606 952769734 230441676 782661943 119932537 618863044 263420409 832590609 341598454 889752736 346283651 906815307 693782514 787563199 656787150 558988762 325699987 408388854 484659329 514686813 546683978 168335178 925036722 876453250 928472013 452720553 11844689 152089336 237462880 322160445 768682370 968998501 643437693 43682975 50514865 225072892 729100215 432384534 267319887 944916772 470850912 634063725 30265497 170224154 233237753 310521575 363661868 30383316 169764888 450267291 509435980 637917173 871736242 398793145 910647926 108164902 535373865 729080956 796833592 454223174 403988143 945062274 621479206 158107041 272551814 767759721 136585361 638455939 61417522 286340474 221735821 57584824 684185411 747165460 140519367 201499817 652532397 746971523
169 135
135 37
37 89
89 131
131 107
89 4
169 185
185 57
4 11
37 100
135 7
100 114
100 29
135 92
29 83
7 174
37 116
114 78
11 155
29 188
4 118
78 163
89 138
155 84
37 32
92 192
192 73
163 6
118 132
78 170
37 31
83 43
29 25
114 158
158 23
188 44
84 186
100 130
163 105
23 2
169 189
169 184
138 126
57 65
92 177
6 122
25 71
31 54
100 40
192 121
132 94
184 137
138 82
32 191
25 93
174 113
184 156
170 95
65 196
78 166
169 178
107 128
126 149
192 164
113 141
29 151
174 187
166 193
95 1
128 106
29 69
83 150
11 17
4 14
122 108
73 157
84 33
116 22
186 168
1 97
132 41
57 102
95 146
29 87
6 19
29 36
189 124
150 143
150 63
138 142
89 190
36 9
37 161
22 88
78 20
114 175
17 182
141 183
6 101
78 194
33 180
32 3
20 136
142 123
136 133
106 134
186 111
65 13
187 117
151 112
178 109
133 77
17 34
137 8
161 51
177 68
37 61
164 26
131 176
19 110
177 38
25 52
8 144
33 153
151 195
33 90
175 172
137 55
116 75
112 62
175 181
174 18
100 66
88 104
166 53
123 179
117 103
138 42
118 39
196 91
36 167
3 64
104 76
161 96
95 47
124 160
18 45
151 0
126 24
40 27
8 129
156 98
137 46
161 28
121 81
14 12
76 125
24 171
177 50
126 48
190 119
92 145
93 79
93 60
113 35
3 99
157 154
53 30
196 152
107 49
83 159
33 72
113 59
63 15
122 162
50 148
133 115
45 139
193 67
179 85
4 165
34 86
88 58
30 21
37 173
86 16
102 10
117 70
115 127
52 5
195 147
27 56
10 74
114 80
151 140
110 120
0 110 120 135 120
1 31 540428524
1 117 766458105
2 107 0
0 135 120 20 120
2 134 119
2 2 38
0 20 120 7 120
1 64 318296181
0 7 120 33 120
1 97 517707400
0 33 120 27 120
1 23 373903993
0 27 120 163 120
1 181 973148751
1 148 446644573
2 93 34
2 65 65
1 113 376037334
1 134 883994450
1 69 881966517
2 103 2
2 112 191
0 163 120 44 120
2 70 35
1 174 218086483
0 44 120 138 120
1 161 751828618
1 156 296901157
1 53 827868799
2 26 193
0 138 120 3 120
0 3 120 23 120
0 23 120 29 120
1 117 554302058
1 172 117868168
2 66 126
2 9 130
0 29 120 170 120
2 138 158
1 172 599823310
0 170 120 105 120
1 44 647268509
1 82 169851886
1 8 598197634
2 8 73
1 110 513923574
1 95 943138496
1 60 437709671
1 63 345049736
1 34 924757857
1 10 208590218
0 105 120 195 120
1 196 113056838
1 125 403319679
2 75 75
2 82 153
2 35 115
2 164 72
2 5 75
1 27 65713591
1 46 322001531
0 195 120 4 120
1 22 365573722
1 155 675678625
1 174 694331547
0 4 120 53 120
0 53 120 161 120
2 58 79
2 27 134
2 62 75
1 132 407240324
2 196 22
0 161 120 95 120
2 70 172
2 14 156
2 75 138
1 127 202688136
2 112 0
2 147 32
1 86 697289446
2 144 5
0 95 120 127 120
0 127 120 55 120
1 20 842087012
0 55 120 196 120
1 6 303845907
2 64 48
2 10 187
1 179 582561767
1 79 918832442
2 168 164
0 196 120 152 120
2 177 128
1 31 167061525
2 7 54
2 193 128
2 52 85
1 5 890571488
1 102 652668063
1 56 646336495
1 25 504389061
0 152 120 163 120
1 155 654388006
0 163 120 133 120
1 144 312595583
2 29 57
2 9 150
0 133 120 29 120
0 29 120 6 120
0 6 120 139 120
2 23 164
2 174 131
0 139 120 131 120
2 94 155
2 130 141
1 49 137108021
2 5 47
2 76 99
0 131 120 61 120
1 23 969692567
1 98 123588691
2 72 45
1 144 188767486
2 54 43
2 78 167
1 128 593377270
2 113 181
0 61 120 178 120
0 178 120 138 120
0 138 120 89 120
1 104 901894367
0 89 120 151 120
1 75 64126458
0 151 120 126 120
2 27 152
2 63 53
1 42 184329926
0 126 120 89 120
1 92 974896259
0 89 120 129 120
1 111 229006058
0 129 120 94 120
0 94 120 135 120
2 8 147
2 47 48
0 135 120 186 120
0 186 120 27 120
0 27 120 118 120
1 168 525493018
0 118 120 187 120
0 187 120 149 120
0 149 120 192 120
1 182 416119716
1 88 666101675
2 168 138
2 42 80
2 162 159
0 192 120 6 120
2 148 21
1 30 548140130
0 6 120 85 120
0 85 120 166 120
2 195 34
2 35 121
0 166 120 18 120
2 168 165
0 18 120 118 120
2 33 16
0 118 120 133 120
1 0 608041664
1 56 975386875
1 38 831535620
2 26 91
1 91 355844485
2 41 14
1 192 721647053
2 127 68
2 51 87
2 196 9
0 133 120 17 120
0 17 120 63 120
2 174 160
2 42 119
1 164 351346635
1 181 870700522
0 63 120 95 120
0 95 120 93 120
0 93 120 83 120
0 83 120 93 120
1 18 640909434
0 93 120 8 120
2 38 106
2 45 131
1 78 89717772
1 189 961253982
2 189 130
2 158 151
0 8 120 7 120
2 46 86
1 70 744837167
0 7 120 170 120
1 122 632019017
0 170 120 6 120
2 79 64
1 163 520645438
1 184 253210865
0 6 120 195 120
1 114 90900202
0 195 120 43 120
1 162 287558458
0 43 120 37 120
1 101 787002983
1 12 259035124
1 133 477758117
1 127 679640379
2 151 46
2 166 128
2 91 45
0 37 120 122 120
1 3 918760119
0 122 120 184 120
0 184 120 72 120
0 72 120 65 120
1 3 199414797
0 65 120 78 120
1 13 545469906
1 92 12606786
2 77 56
1 88 390395368
0 78 120 29 120
2 2 93
1 69 914852129
1 188 360038988
