87 394
2028037 288974909 111681588 291303632 155763712 177741457 164199418 280452914 745629015 727272894 383855815 451963117 263419161 854025925 625817844 903511050 636159790 788165373 442332844 275132246 358996390 239303569 23523747 398318281 935986353 142493592 695297770 499848367 7061287 551242323 622426888 79384002 19141560 513456960 313082157 130997331 463541289 120030523 986922531 112618850 230228300 678849560 504459522 679335110 334404235 867470925 674397136 958197434 404243924 86377174 618061916 863589554 791513591 435167767 915162678 71459492 341562698 951473804 52898442 401242089 794478014 364178763 453002785 706324970 720922658 653545259 112784412 626625485 423006839 483894301 669309742 618420173 342823400 63159789 669473697 552010351 785773594 78145328 581004064 943346726 856912692 227723599 266280591 128456734 832249497 530649785 552244092
21 5
21 65
5 31
65 22
31 35
5 63
22 46
31 76
46 12
31 14
31 80
65 1
46 8
12 30
63 60
31 18
5 73
12 45
80 41
63 67
60 74
63 78
21 86
45 52
21 85
74 26
18 20
76 40
65 36
40 32
46 44
52 10
36 6
36 39
86 58
67 81
85 23
8 19
8 49
86 9
63 79
39 7
73 37
19 50
41 3
40 77
46 27
65 59
22 61
26 57
60 16
12 71
5 42
58 29
78 33
67 82
52 13
31 2
13 25
86 51
1 66
6 38
65 28
44 34
38 70
28 43
78 4
63 24
12 11
26 72
72 53
46 48
12 0
72 64
59 69
59 15
81 55
11 56
70 75
20 83
81 84
6 47
72 54
35 62
65 17
14 68
2 60 56
1 24 281288305
1 33 339577893
2 28 42
2 7 35
1 33 726140430
2 49 70
2 4 8
0 14 68 83 68
1 72 686130638
0 83 68 17 68
2 75 1
1 67 229586856
0 17 68 46 68
0 46 68 33 68
2 12 9
0 33 68 63 68
1 65 87091168
0 63 68 46 68
2 11 45
1 50 551526698
0 46 68 1 68
0 1 68 76 68
2 67 51
2 22 15
1 81 240553645
0 76 68 5 68
0 5 68 46 68
2 39 46
1 75 935108008
2 74 3
2 30 26
2 80 38
1 85 763158411
2 55 29
2 77 19
2 45 43
1 70 578716138
0 46 68 9 68
0 9 68 80 68
2 77 53
1 64 236639111
0 80 68 12 68
0 12 68 63 68
2 44 55
1 79 597143956
0 63 68 85 68
1 86 440470426
1 50 742222123
2 28 6
1 18 491907006
2 39 65
1 55 71542195
2 48 40
0 85 68 40 68
0 40 68 52 68
2 49 55
1 9 379364414
2 69 69
2 72 54
0 52 68 33 68
0 33 68 31 68
2 79 29
2 78 14
2 68 10
0 31 68 5 68
2 35 52
1 7 769612201
2 14 25
1 4 959633039
1 22 828874928
0 5 68 47 68
2 53 52
1 77 455932472
0 47 68 31 68
0 31 68 78 68
0 78 68 39 68
0 39 68 53 68
0 53 68 59 68
0 59 68 69 68
2 54 18
0 69 68 5 68
0 5 68 31 68
2 32 43
0 31 68 16 68
0 16 68 33 68
1 11 837007508
2 37 56
2 36 40
0 33 68 36 68
2 25 45
2 32 38
2 9 23
1 16 643658286
1 48 933952024
2 70 85
0 36 68 31 68
0 31 68 69 68
2 8 37
0 69 68 76 68
0 76 68 21 68
0 21 68 80 68
1 86 509840875
0 80 68 17 68
2 10 31
2 71 35
1 45 94821154
0 17 68 6 68
0 6 68 67 68
0 67 68 56 68
2 10 60
2 65 15
2 18 37
1 42 254405848
0 56 68 63 68
1 77 209047857
2 17 22
0 63 68 10 68
0 10 68 38 68
1 77 184371911
1 82 53258533
1 59 137710787
0 38 68 41 68
1 32 831348881
2 9 18
1 16 583455315
1 59 777709999
2 84 26
0 41 68 22 68
0 22 68 8 68
1 83 618079688
2 85 2
0 8 68 46 68
0 46 68 12 68
1 24 79115219
0 12 68 17 68
2 54 2
1 35 423874899
2 13 58
1 71 554630039
1 71 796874202
1 32 537796772
1 32 405084589
2 58 64
0 17 68 70 68
2 46 36
0 70 68 76 68
0 76 68 63 68
1 44 957322865
0 63 68 82 68
2 38 34
0 82 68 86 68
2 46 74
2 63 76
2 27 24
2 31 6
2 26 29
0 86 68 6 68
2 30 65
1 60 661902701
1 38 798338445
1 29 986698041
0 6 68 62 68
1 74 255793095
2 1 53
1 61 561223183
1 25 600197100
1 39 951542626
0 62 68 18 68
2 68 0
2 24 85
0 18 68 5 68
2 12 30
2 79 53
2 62 65
1 14 376997052
1 41 610756116
2 73 45
2 56 80
1 86 910268942
0 5 68 19 68
0 19 68 21 68
0 21 68 22 68
2 84 0
0 22 68 72 68
1 66 448968716
0 72 68 37 68
1 68 998172642
0 37 68 59 68
1 80 788420221
1 83 868027801
2 23 5
0 59 68 84 68
2 76 48
0 84 68 44 68
0 44 68 63 68
2 19 79
2 13 41
2 55 35
0 63 68 12 68
0 12 68 63 68
1 3 639795695
2 49 69
0 63 68 26 68
1 45 913180420
1 0 463761750
0 26 68 35 68
0 35 68 63 68
2 53 20
2 82 84
2 3 82
2 13 18
2 51 0
2 18 75
1 3 945021003
2 73 27
2 27 7
0 63 68 51 68
2 86 68
1 11 997734655
0 51 68 78 68
0 78 68 45 68
1 62 268981164
1 5 283627265
2 16 35
2 82 51
2 77 43
0 45 68 75 68
1 76 781165866
1 53 220144981
2 31 50
2 39 56
1 41 482990690
0 75 68 0 68
0 0 68 78 68
2 47 4
1 35 786402617
0 78 68 31 68
1 11 546095012
2 84 12
2 13 69
0 31 68 65 68
1 19 655864983
1 48 60659852
0 65 68 63 68
1 48 930165392
0 63 68 12 68
2 86 41
2 5 19
1 39 102949688
0 12 68 18 68
2 45 53
1 86 47042995
0 18 68 0 68
2 70 22
1 34 555584528
1 27 722857849
1 33 605077766
1 54 743749482
1 11 890961065
0 0 68 70 68
1 67 327069918
2 24 22
0 70 68 46 68
0 46 68 12 68
0 12 68 76 68
1 26 928646734
2 36 8
1 1 860535810
1 44 120960918
2 3 45
0 76 68 37 68
1 34 370516907
2 50 52
2 55 61
0 37 68 56 68
0 56 68 36 68
2 36 67
0 36 68 35 68
2 29 77
1 8 684904400
2 79 75
0 35 68 18 68
2 45 53
2 54 58
0 18 68 55 68
1 75 62062820
2 3 19
1 73 563503802
1 30 330051119
2 59 85
1 12 573212012
2 50 54
2 26 4
1 52 109556460
0 55 68 11 68
1 63 502808151
0 11 68 8 68
0 8 68 75 68
0 75 68 22 68
2 61 56
0 22 68 22 68
0 22 68 73 68
1 10 685496608
2 15 29
0 73 68 69 68
1 24 471392399
0 69 68 61 68
2 15 59
0 61 68 72 68
2 58 78
2 36 18
0 72 68 5 68
1 31 408637586
2 17 44
2 36 81
1 19 90981573
0 5 68 16 68
2 52 13
0 16 68 70 68
2 0 49
2 32 42
2 30 18
1 75 408234753
0 70 68 35 68
1 53 175465651
0 35 68 81 68
0 81 68 13 68
2 33 51
1 69 692988654
2 85 22
1 85 399097813
0 13 68 30 68
1 59 164698406
0 30 68 46 68
2 0 80
1 4 275417397
0 46 68 19 68
2 20 76
2 28 5
0 19 68 63 68
2 69 34
0 63 68 35 68
2 79 2
2 53 49
1 49 109277307
2 14 40
1 80 74144164
2 78 36
2 57 50
0 35 68 67 68
0 67 68 31 68
0 31 68 11 68
1 20 851155109
1 16 437897106
0 11 68 25 68
0 25 68 53 68
0 53 68 85 68
0 85 68 78 68
0 78 68 72 68
1 76 965182842
0 72 68 31 68
1 4 137900687
1 22 608797487
1 15 582232224
1 44 743320303
2 0 54
2 82 29
2 81 84
1 82 842060746
2 10 80
0 31 68 1 68
0 1 68 31 68
2 81 84
1 22 19614120
0 31 68 77 68
1 13 562120803
1 32 438805116
1 6 316210021
0 77 68 63 68
1 74 882042749
1 84 648793427
0 63 68 18 68
0 18 68 5 68
2 21 61
1 64 547355033
0 5 68 80 68
2 64 19
1 25 816460474
1 7 275918344
0 80 68 70 68
0 70 68 8 68
2 61 4
0 8 68 26 68
