4374888223
3653676386
6104680654
4121960247
7412728786
6722391330
3738959516
3047445191
3220339433
2644833265
956480037
3907463280
5066364862
863866277
6108329209
6615249952
3774125042
5845342853
7847454974
4511593316
4518133275
4148412815
6836973133
5904946942
5922417402
3060192035
2297044946
2670547719
4258137355
4551374298
4526683980
5854491050
3446733449
4864567201
4357951691
4774012952
7593455548
5486183816
5777645506
4251287996
5470251014
3389029587
5111884127
5832168840
5892637824
4783866264
6085868353
7125891704
5193705200
6419692500
7952833039
4731246663
6148602629
6300696435
5436364631
7821415932
2765420775
8463264333
3464492238
6763826341
263861544
8702055842
10092827888
5127408241
6758040418
8780097489
4275071854
6784961549
5333673877
6481715399
5159088408
7131238366
3023050490
9298385282
10354448590
10848976470
2716459501
7692225015
4950246073
5700246419
6379962999
6997718146
8904566741
4753958183
8431460069
9441637090
4949062542
4581474689
9203436749
4602741967
5439515787
1764457335
4810428790
9900817267
8454519734
6331536588
6544750636
3237740303
2758543963
5944481204
3192496205
4564579737
6154692727
1813430461
10517358061
3593703883
2136695300
3523213354
