3721260609
3922117900
5680353783
4847919342
6522543279
4655132746
3230487660
5356593072
3453232371
3650823036
2351061785
5731682943
4736140673
2548568287
3553595922
4849962649
1166816411
3452010986
5850658917
2057793090
2983861746
5150949225
4276334675
1023253860
4975752406
4823000073
3459589534
4174447449
4118023370
3642506969
1566698345
2141525196
7503075974
3124132733
9356502142
3490308207
1475242332
2816722665
3923442116
3814523330
6063873373
3394673573
2671565689
5526654760
3168457220
887281467
8023986181
4238333026
3336144348
4286096002
4103393972
8629679986
11064690116
6941202814
8701306926
3505871228
244718550
9056933266
4953529217
1756007018
6469377047
1350810946
4844360977
9460442269
6932119502
2629094086
8429429615
8883463914
4356479604
1939646785
1641801063
3347817674
5415261457
11214563121
8341492945
7875476834
9290135018
8440998817
5367885714
9973048378
362538996
3764730240
4407810883
7830598455
8614564947
6046777206
2625177298
1409255005
9410583541
8330890634
10430678893
7257539930
9839714918
9693315575
7226864204
7655963811
5810977816
10034085873
7634645089
4784191791
3243427575
10927578418
7873267367
11169724825
6737700118
8324590341
8390469731
8288184138
8706037685
10125302295
10137695955
7933329279
11102289630
5046041606
6421796558
