5074701926
3761711378
3968083807
4762069825
8346958569
6158610446
7860708294
5605926144
781912266
4575090305
4615055392
2748444808
2925360456
4045805224
4770933201
5709205869
4740305707
6269960061
8722958723
4958520804
6398143166
4811292706
5816218959
7822300541
6991334384
4478833594
7422790997
8227126875
4168970768
11172244379
5513117740
7974509203
4419761594
6558167886
5154442356
5452102497
6245939310
7327419251
4515796304
9194313176
2517801282
5815289704
3735347686
6908278927
5938607283
9090203890
7760383013
5953859299
4564064667
2175680784
8028044539
4688487111
4427160867
4191190325
10093077027
7480796470
5384111993
5516178462
6612959708
1808444646
5264601818
3079093629
6485879420
6197209960
6067169128
5245751437
5360234815
6113173100
4701090308
5405690591
6811472483
4043936593
8056189927
2150660330
4653306547
5342098724
4869411222
4145277147
10339465941
9541194976
2248027364
5062569451
11349903025
7108354356
3711502538
5728128285
8147383587
8110353439
5014002559
5709230632
8752223289
3705348772
6204542943
8871100244
4295637178
6396487716
5064882643
5113104786
5905474317
5457937410
6073773525
3704341895
5698842958
5404224702
1303581214
6541647590
6564671944
7317019523
6813667783
3363027383
4031586356
3816913876
5788834178
5982053772
6726348072
6134572765
7278427898
4972877094
5896326252
6722621879
6116939121
7761284184
3776941801
7675018107
4459074225
6902097907
6313232622
2181063891
5888158662
8674571026
10580463220
8671967015
4981433106
6464465076
10205388955
5979204353
10575956817
5140594810
5802523439
8720791566
5141969789
3901464943
5339760232
4619055919
5670749954
2785177971
4625459351
6085273007
6252842022
5251756891
7801775938
6742525830
4224545068
4615692528
4036571207
7071106795
5271842382
9374354402
5470939255
11276106201
3452598235
5973140529
5386434556
11823439456
8481480617
4275220399
3440216536
4456873179
1709179353
7788318922
5122231991
8478173022
6791736302
7155200246
7368214548
7278502240
6811221205
5818518842
6732030448
4590764701
6119558818
5548911570
8222081259
4163254213
6831984024
6441796087
4588227222
8483523370
7961197852
7745845702
4921537666
6856561432
5897643308
11113905795
4136389573
7221302486
10667482438
5457024698
6182112681
8151795376
7302520759
7366593753
2388133099
6873997154
5067856725
12748769400
8713123917
4079748884
4592042927
9608634586
5009600520
8376682484
7006331676
4825183294
7823036854
11135408064
4467194459
13712100981
7213157567
10322843183
10566274739
10401778333
5925118748
11052234974
10744724412
6328221590
4939434626
5240084374
6672175753
4710184781
7965666978
9038224670
7592133303
9708515883
9866687297
5783944394
7733272599
7392394838
7792553611
4549429463
6305070511
10698160611
8536006273
4104198942
3239314352
6599492406
6916076256
5752606911
12155606928
9319881900
6383430386
8747131142
7588790643
12342521012
6325724191
7085946619
6524569329
10604005515
12387929122
7224469027
6013127075
11249953360
8691142213
8388351715
4825371282
3373628089
12223559837
9639687851
10777866265
2927233767
8793461103
7267393934
8737981041
8173434489
7643308438
4148595849
6167867080
5490744623
10335642703
9289799143
5230307664
11210402984
3439118900
10883383974
7422309307
5398125841
8474074638
9347610671
1907846139
5139575585
9721619196
11635623102
8812902306
9633976419
7206828446
5635967129
9210995096
797507623
3909993019
9788428375
8547588558
5195463732
8116137890
3872194659
1865373809
7199923078
11045081825
5139727710
7243648263
8838933080
9831273441
11379701818
14160177432
9017218183
6850551215
3843356502
5479676713
5258467958
10635160208
5920946031
10614446336
11622091602
2706800070
7090965764
12933836209
8886672059
7258705576
6651541805
11008362236
7656184165
11032977426
9209763823
12894265074
6481567908
8463209530
3972201744
11391478740
11637870989
8859812505
5607611588
11589078238
3436095181
6229858361
4819771071
7633075452
8706896583
9497632019
12160990698
5638405524
4936265080
6906646696
9045279699
8805979076
7130031715
7291336795
4802750831
12103068770
5407337766
7689129787
6558839031
9851126730
8869181356
7477097125
11509107714
7569903165
9300826535
8403550736
7096926436
11648829438
7628541252
8511676380
5909680940
8209523966
7891823345
1080454200
11744473275
7070516468
8519180716
11823453505
9416722997
6099755043
4242308454
3614730001
1850151553
9355597801
8931223208
8356271000
8536949806
6876396269
11496672645
5188956269
7646756112
6908229606
6208017045
7212035385
2749102688
12118177416
5898439715
10110848834
9036521638
8616376928
8187039745
6390661275
10123036329
4834248279
6394190062
8925245291
