4706142932
2478340368
4320828908
4069305715
4473592157
4909778169
3363660756
4247744772
5181994394
5734672448
3434218128
6636122439
1890922909
5247378841
5716708173
4625033316
3491099331
4446438600
4800850394
5756588462
3356654098
3315903099
4694679885
2821547334
2602608025
1429897954
4459089514
6972459540
1488230445
5227241367
3994402288
4526676944
658988061
4680159423
5133736918
4762063286
6051346434
7046755702
7247540226
8559210459
4944777752
4467659608
401242089
5069777172
3400211188
6486489289
7572332147
4851054268
4097657106
4143910164
926227145
6908250724
7651941550
6532617684
7323874682
3579912078
4851054268
9536951870
10677463962
6420810545
4901438905
1379229930
4329931828
9304525832
1507310662
7636548676
7189738639
6494152247
8220755668
5354869484
8178904456
6171341762
7520437373
8449649379
4042012563
5425138214
10486281426
8255326491
4730458699
6784961092
8808447355
5685825281
11932651804
9219790662
8953338293
12157066116
6848393507
5823857994
5060544174
7350206065
7657267678
8074987349
7357265068
10152772637
10477290423
5130193197
6190847955
10587557742
9797496724
5888599109
6683386147
9282307382
9117918827
6651473147
6660057489
7515855132
4886565018
6894412452
6092648031
6444041527
9632468443
14148188009
6972979423
10671643259
11267654930
7502829809
3566104089
12743932142
10531522101
8332756759
7273011516
9047564524
10574228200
9331101556
6416842354
8220146134
12569176641
8703581499
7884395962
8847430017
5344631877
12088603314
9222098787
5190321736
8506936977
11607661329
7592192893
9487271838
9691466577
12046740009
7281249071
12096043207
9355127738
7549780374
8277838242
7800733537
12345759110
12467867309
11967981010
10753272410
15672777090
12772641077
4538457061
8583014107
9979963950
9362757035
13520707456
9441873482
9636445880
11534324439
16455995316
9796191962
2900811398
5829068424
8856501244
6515993775
14515933917
14560440174
12107618189
11864263607
4368409815
3916639811
12603978550
7721635150
8307900411
14892227499
1427154109
5443293796
6303580058
17498389381
9258162225
8631677430
11399272980
10666854757
10930958004
11391631812
11430813089
14724677694
17701341365
8761801864
