6 1000
173330281 220603612 817609646 512965573 521724489 141011335
1 0 1
0 0 6 360653728 748506032
1 0 4
1 5 6
1 1 3
0 0 6 191410739 586478692
1 1 2
0 2 5 946286904 163251768
1 1 4
0 3 6 922170124 115023517
0 3 6 308675602 450038795
1 2 4
0 3 5 427770886 314440170
1 0 5
1 1 3
0 2 6 187684690 364503783
0 0 4 637112573 318839621
1 0 4
0 4 5 393621157 661758033
1 2 3
1 1 5
0 2 3 62988324 675305242
0 5 6 347634825 298455660
0 3 5 718004494 30902712
0 1 5 42565392 991016446
1 2 5
1 3 6
1 0 6
0 0 2 517371248 571840693
0 2 4 157127000 408507688
1 3 5
0 1 3 822624215 770329480
0 3 4 763391716 689192670
0 0 5 969730432 980761638
1 4 5
1 1 2
1 0 6
0 1 6 370372204 615481325
1 2 6
1 0 4
1 1 6
0 1 4 517633852 442292553
0 2 5 756300972 641981739
1 1 6
0 0 6 821810795 722683123
0 2 4 255049946 663746022
1 2 5
1 3 4
1 2 6
1 4 5
1 1 2
0 3 4 484560288 710647774
1 2 3
1 4 6
0 0 5 436777940 505011453
1 1 5
0 0 5 461273878 806395125
0 3 6 143842340 987342252
1 1 5
0 0 6 345320565 445164197
0 2 3 757317186 817295609
1 5 6
1 2 5
0 4 5 511792557 544915189
0 5 6 88706426 690764387
1 4 6
1 1 2
1 3 5
0 2 3 102354411 441625059
0 2 6 963655925 129852325
1 3 4
0 0 5 144254657 753892560
1 2 4
1 4 6
0 0 6 906377663 822614477
0 0 3 338046047 275094088
1 1 2
0 1 5 506814035 869645833
1 2 5
0 3 5 103940530 702911564
1 0 1
1 3 4
0 1 2 129131506 227884248
0 3 4 581292864 303933302
1 1 4
0 2 6 770571924 68311003
0 1 4 97935334 832642903
0 0 1 353600166 117595624
0 1 4 147303623 872246863
1 1 2
0 5 6 324964693 628102194
1 0 1
0 4 6 533925904 725798620
0 3 4 909992055 685597484
0 0 5 466669095 786010315
0 2 3 448246749 158248589
0 0 3 205133750 792303052
0 0 3 692623324 909358827
1 2 4
0 1 5 167755495 539291338
1 4 5
0 1 5 859618984 129158155
0 2 6 992973848 349782007
0 2 4 412002125 44608082
0 3 6 637407828 504711256
1 1 2
1 0 1
0 1 4 891770901 599861754
0 3 6 115619361 958019295
1 3 5
1 0 1
0 0 1 850501732 660595349
1 0 6
1 1 3
1 2 4
0 0 2 501474636 377445212
0 2 3 512043516 951542124
0 0 3 555479905 179507592
0 4 6 707155354 15896286
1 4 6
0 0 1 838562229 124554853
1 1 3
0 0 3 860719585 20166411
0 1 4 866568880 73069676
1 1 3
1 0 4
0 2 5 720433130 587212648
1 0 6
1 3 6
1 0 3
0 3 4 822396347 381850576
1 0 6
1 2 4
0 4 5 85476399 304606405
1 1 4
1 4 5
1 2 5
0 1 2 766676372 335586536
1 0 1
0 1 5 626644872 476677182
0 3 6 311018448 845698302
0 3 5 186619458 509463975
0 2 3 835396866 491138985
0 0 6 13544907 545967806
1 1 6
0 1 6 816310718 735450808
1 5 6
0 2 4 515160221 617720355
0 0 3 661464244 952337002
0 1 5 326873405 37642223
1 2 4
0 2 5 193757153 386938501
0 1 5 880450759 988057286
1 1 2
0 0 5 502612284 525813429
0 4 6 802031948 500987098
0 1 5 883523313 685529206
0 1 5 850437653 654931384
1 2 3
1 4 5
0 2 3 980564790 900323017
1 5 6
0 2 5 771366163 289214576
0 3 5 721516870 774131725
0 0 4 863260227 379762297
0 2 3 535099667 537816997
0 3 4 133652434 707128542
0 3 4 685092616 95657453
1 3 4
0 1 6 189758208 813310988
1 1 6
0 1 6 912120106 879117858
1 3 4
0 1 4 556447350 599806046
0 0 5 867128140 614224333
1 2 3
0 0 6 376505657 486967278
1 1 3
0 1 4 316766359 650748171
1 5 6
0 1 4 377442420 453715833
0 2 6 445879056 976181951
1 0 1
1 1 3
0 0 6 107817901 106914097
1 0 6
0 5 6 117510062 811460679
1 1 4
1 2 5
0 0 5 280846233 908110202
1 2 5
0 0 5 577832688 616146465
0 0 5 159154510 960854408
1 0 4
1 3 4
0 2 5 891941617 901190975
1 0 2
0 0 5 471932422 989173535
1 1 6
0 0 3 790505393 679746930
1 1 4
1 0 1
0 5 6 267760022 652409211
0 0 2 70644615 220156945
1 0 2
0 3 6 220601632 109700373
0 3 6 503653461 917794367
0 0 3 195310713 462699227
1 0 5
1 2 3
0 2 4 129965167 163398563
0 2 4 219772046 14706894
0 5 6 834485987 894302822
0 5 6 864470536 497100538
1 0 5
1 3 5
0 0 4 27958076 88639777
1 2 5
1 3 4
0 3 4 255158802 485140494
1 0 6
1 0 2
0 3 4 354684690 762912867
0 0 1 480418221 314414975
1 4 5
1 2 6
1 0 4
1 5 6
1 1 6
1 0 4
1 2 3
1 5 6
1 0 4
0 1 5 688007774 701324596
0 1 3 757669692 340388908
0 0 6 233053757 841816074
1 2 3
0 1 4 284967944 505726717
0 2 5 195375042 594508175
0 4 6 788248961 632885887
0 1 4 660579768 728380075
1 4 5
0 3 6 265803501 886805343
1 0 1
0 2 4 260956297 508523970
0 4 6 133887564 523996235
0 2 5 669691139 581691247
1 0 4
0 3 6 935847252 178176887
0 1 6 517083412 914390052
0 3 5 330596393 532760786
1 0 5
1 3 4
0 0 5 479543631 292765504
0 0 3 849225141 725377509
0 0 4 911762504 17412721
0 3 6 645245575 53066515
1 3 6
1 0 6
0 0 2 408153739 882969811
0 5 6 887296079 388896151
0 0 3 518272214 544418174
0 2 6 784751297 280296213
0 3 5 933272743 231010908
1 0 3
0 0 1 732719416 411257795
0 0 6 848633067 463094503
0 1 6 775486146 521579078
0 5 6 358951629 9919313
0 3 4 583715648 215383833
0 4 6 178845458 97241435
0 1 3 462363905 219318936
0 1 2 374914461 352898998
1 3 4
0 1 5 43412655 682882528
1 4 6
1 3 5
0 2 6 747158218 260345361
1 1 2
1 5 6
0 3 6 523578552 816761252
1 2 4
1 5 6
1 2 5
1 0 3
0 3 6 485440323 448673413
1 2 4
0 0 2 18563724 650006304
0 1 2 699704353 166836030
1 1 3
0 1 5 94390659 693874838
1 3 5
1 2 3
0 4 5 625506991 20022916
0 0 3 508617910 96040250
1 1 3
1 3 6
1 2 3
0 0 6 687022562 556879557
0 0 6 966261907 681396035
0 3 4 899380053 592040817
0 2 6 91079265 544653013
0 0 6 812919436 12984212
1 4 5
1 4 5
1 1 2
0 2 5 563102798 245410354
0 2 5 81460873 154493843
1 4 5
1 2 4
0 0 1 723188739 278154972
0 3 4 385436749 719480661
0 1 4 425901934 826184025
0 1 6 531644683 511625785
1 0 4
0 2 6 954547739 101414125
0 3 6 858680163 466616583
0 1 3 330285831 912415530
1 0 1
0 0 2 802265209 202022920
0 3 6 906310440 275002146
0 2 4 955300174 155317793
1 2 3
0 2 6 372179781 963686239
1 4 6
0 1 2 635855796 462413428
1 0 5
0 4 6 767034959 123041772
0 0 1 552538894 944310947
0 0 3 218812791 381575504
0 0 3 331331960 975457651
0 1 6 729059243 684105437
0 0 2 566084461 667014024
0 0 6 245717947 933244344
1 0 3
1 3 5
1 2 6
1 1 5
1 1 6
0 1 2 101714784 576823457
1 0 2
0 1 4 544355134 491864399
0 0 1 394551500 126518743
0 0 3 623543862 233191248
0 1 3 373733560 543653064
0 1 2 844940071 227182498
1 4 6
1 0 5
0 2 3 847807006 66925384
0 1 3 271321085 851806647
1 2 3
0 2 4 725574600 235152093
1 1 5
0 1 3 46475132 160471638
1 1 4
1 1 4
0 1 6 626329758 387550129
0 1 5 92603122 213628033
1 0 2
0 3 4 216463450 34752241
0 3 5 948526713 29675836
1 2 3
1 3 4
0 3 6 754504996 235216009
0 2 5 471313837 979664965
0 0 4 235433675 405217199
0 0 5 328242273 40080810
1 1 6
0 3 4 706537631 860710789
0 1 2 755177000 697814902
0 5 6 192052592 49236822
1 0 4
1 0 5
0 4 6 660691069 758041884
0 3 5 400358068 343636077
1 2 4
1 1 3
1 5 6
1 0 6
1 1 3
1 0 5
0 2 6 732523088 360621884
1 2 5
1 2 5
1 5 6
0 2 4 786056326 194546894
0 2 6 64025087 757746282
0 1 3 264409041 426718263
1 5 6
1 1 5
1 0 5
0 2 5 317860395 102407109
0 2 6 848689657 693136048
1 1 3
0 1 4 657165614 783748709
1 3 5
0 0 2 240841580 182174336
0 2 6 549387432 505454951
0 0 1 354409443 958646013
1 4 5
0 0 3 432047712 374187549
1 3 4
1 0 1
0 3 6 864418184 454326530
0 1 5 449010971 17612506
1 1 2
1 2 6
1 0 1
1 1 4
0 1 4 16482429 673642120
0 1 5 408534883 50357019
0 2 5 984759215 914264263
1 3 4
1 0 6
0 1 2 8410838 715251083
0 2 4 874409296 281216961
0 1 5 666065917 644800294
1 4 6
0 3 5 631593828 878370547
0 0 5 591897604 7238587
1 0 2
1 2 3
0 0 3 447529279 589670978
1 0 5
1 1 2
1 0 2
1 4 5
0 0 2 452719467 276399710
1 2 6
0 1 2 594957281 752810135
0 5 6 447567848 805192773
0 0 5 612196111 927225738
0 3 5 549823207 161606409
0 5 6 122131177 574393189
0 1 4 477649836 739557330
0 5 6 894579478 380638644
1 0 4
0 0 2 586709120 872672428
0 0 4 959773021 8449816
1 2 4
0 1 3 688225509 566106211
1 0 1
1 0 6
1 2 5
1 0 4
0 2 4 234827525 68293891
1 1 4
0 3 5 929707308 796367320
0 0 3 504546209 931245791
1 1 5
1 4 6
0 0 1 800713534 588647615
0 0 5 261654680 138655776
0 1 2 770528659 640259574
1 1 6
0 0 3 289464062 348644326
0 2 5 286532319 165095407
1 3 4
1 3 5
1 2 4
0 0 2 230852390 383271680
0 2 6 624662368 648670041
0 4 6 149955832 681738226
0 0 5 753421597 177051979
0 0 4 792305433 250377553
1 0 5
1 3 4
0 0 1 951352199 781509688
1 3 5
0 0 2 792868582 96476961
0 4 6 535352470 567019273
1 0 4
0 4 6 876572828 33185785
1 0 3
0 0 2 518962060 988497034
1 2 3
1 0 4
0 3 5 159107065 914375565
0 1 5 619011663 419566733
1 5 6
1 0 1
1 3 4
0 0 3 396304483 403528277
0 2 6 582585738 970481956
0 3 5 896410140 346068030
0 4 5 915335645 332276306
1 0 5
0 1 6 749260579 304541788
0 2 5 420053958 354582209
0 5 6 176400411 730036724
1 2 6
0 1 3 894946076 597449534
1 2 3
0 0 2 551278609 737185654
1 4 5
0 4 6 287132083 166728416
1 1 6
0 1 3 827333837 944220647
0 2 6 912936266 462647222
0 1 3 129817343 962604329
0 0 4 441917885 210707393
0 1 3 896222031 753631891
0 2 6 330725 790365878
1 0 4
1 5 6
0 0 3 691370218 183254204
1 0 4
0 1 4 824438905 681875285
0 0 2 279039877 913621976
1 2 5
1 0 1
0 0 4 465784384 271389686
0 2 3 387381172 326755034
1 0 2
0 1 3 150063160 267262274
0 1 5 877358299 197013067
1 0 1
1 3 4
0 1 5 282454908 250899599
1 4 5
0 2 3 129015373 960348207
0 2 6 120391330 909677404
0 1 4 510119699 815926844
1 3 5
1 2 6
1 3 5
1 2 6
0 2 6 975691514 327977036
1 0 2
0 5 6 897133832 804689122
1 3 6
0 3 4 874588576 944155879
1 1 6
0 0 5 133046277 91838371
0 0 6 535871275 447918720
0 1 5 722305356 330202783
0 5 6 828853827 338106606
0 0 4 43537118 116987227
1 2 4
1 0 5
1 2 3
0 3 4 784826470 257091167
1 2 6
0 4 6 596204991 847207216
1 0 2
0 0 2 880544208 548354811
1 1 4
1 1 4
0 1 6 307614057 211677118
1 0 2
1 2 4
1 3 5
1 3 6
1 2 5
1 0 1
1 1 2
0 0 1 739172453 122512634
1 1 3
0 3 4 912389 642210485
1 4 6
1 0 2
0 1 5 218004058 316576413
1 3 5
0 0 1 190749625 165990318
1 4 6
1 3 4
0 1 6 814572418 285976541
1 1 4
1 1 3
1 2 6
1 1 4
0 4 5 204930477 442969935
0 3 5 835953580 578180190
1 2 3
1 0 2
1 4 5
0 2 3 716778853 715521723
1 3 4
0 0 3 492169630 921918263
1 1 6
0 2 4 737666780 787127008
1 0 1
0 4 5 325637820 187936364
0 1 4 821231038 890365937
1 0 1
0 0 2 920170842 599012664
0 1 6 734450606 195176522
0 1 4 803798321 671752711
0 0 2 20425363 841840621
0 1 6 900628977 161601245
0 0 1 772855363 244847519
1 4 6
0 0 6 593219818 219126518
1 4 6
0 1 2 508405274 362111420
0 4 6 343473972 855299012
1 0 1
0 3 6 192705491 662561500
1 1 5
1 0 2
0 3 5 703152528 519927112
1 0 1
0 0 2 261238839 729448105
1 1 3
1 1 2
0 0 3 230654535 616820854
1 3 5
0 1 4 274036345 845628901
0 0 5 267119688 732441635
1 1 4
1 5 6
1 0 3
1 0 1
0 3 6 76811986 304777992
0 4 5 647065133 558414954
1 1 5
1 1 2
0 2 6 844484896 567870465
1 1 6
1 1 5
0 0 1 626391870 131768670
0 1 4 256094133 412789474
1 3 6
0 0 6 741564877 871188585
1 2 5
1 2 4
0 0 5 114016031 434150687
1 1 6
0 2 3 622553336 311911436
0 0 2 993489142 264425417
0 3 6 478269637 458465624
1 1 5
1 1 5
0 2 3 346870584 773934902
1 0 5
0 3 5 7216993 60301809
0 0 6 993477413 77930066
0 3 5 229289604 11454631
0 0 6 5137863 847101276
0 2 5 824918866 889970340
0 0 3 914154946 748762596
1 1 3
0 0 2 615376370 997338645
0 1 4 47182536 589490394
0 3 6 609714714 593752236
0 0 1 798860294 386810995
0 1 5 593006081 139655916
1 1 6
0 2 5 252769603 328012548
1 0 6
1 5 6
0 0 5 443099454 350409865
0 0 5 529368072 376595266
0 0 5 799012131 345436773
0 4 5 34698593 546596882
1 0 2
0 2 6 741315635 104267183
1 1 2
1 4 6
1 0 4
1 0 2
0 0 1 546379222 792350821
1 3 6
1 2 5
0 0 5 932944052 749727624
1 3 6
0 1 4 887394617 771770128
1 2 5
0 2 6 131073553 126759604
1 5 6
0 0 3 806670936 266898354
1 4 5
0 3 6 939285442 21547366
1 3 5
1 0 6
0 0 3 378712124 398658819
1 2 4
0 0 1 349025664 904176636
0 1 3 321811619 127537511
1 1 2
1 3 5
0 0 6 630009805 100613166
0 2 3 525082595 204763554
1 4 5
1 4 6
1 1 2
0 4 6 666459076 980258384
1 5 6
0 2 3 403408710 65427668
1 2 5
0 3 5 352820764 631102916
0 1 3 507454946 923802217
0 1 6 150348759 635072069
0 1 6 451689593 157077156
0 2 3 783566438 633690458
1 3 5
0 1 6 720088900 589324305
0 4 5 776401204 73022400
1 0 1
1 0 2
0 3 4 424982200 497516693
0 1 3 839950864 808614524
0 2 4 175630267 747831805
1 4 5
0 0 5 369027423 888749950
0 2 3 591126936 838829666
1 3 6
1 0 6
1 2 3
1 5 6
1 3 4
1 4 5
0 4 5 283751098 234203831
1 1 4
0 0 2 738407505 549968874
1 1 3
0 0 1 192421337 239072199
0 2 3 540734925 145779465
0 1 3 231142989 674493866
0 4 5 227811707 477742095
0 4 6 981697208 656035224
0 2 3 322579110 547982373
0 2 4 482850372 319790621
1 0 4
1 2 5
1 4 6
1 3 5
0 0 2 132033773 603135365
1 1 4
1 0 3
1 4 6
0 3 4 821677723 575333371
0 2 4 199115476 201296508
1 1 2
1 5 6
1 2 6
0 0 5 256944200 265367994
0 1 6 888181205 905095785
1 1 5
0 4 5 723750544 602446060
0 3 6 62103365 690966779
1 2 5
1 2 3
1 0 2
0 4 6 898964331 592921632
0 4 6 848125048 377078174
0 2 4 994662098 3583204
1 0 3
0 4 6 966592200 257980634
1 1 6
1 0 5
0 2 3 840588001 243778972
0 2 5 964887068 272870534
0 1 4 881983544 146247045
1 0 1
0 3 6 841196934 451096167
0 1 5 89952081 829380446
0 5 6 812894300 966093318
1 3 6
1 5 6
1 2 4
1 1 3
0 3 6 487057198 913779660
0 0 6 623901537 371518788
1 2 4
0 1 3 967346141 668740537
1 1 4
1 0 4
0 0 5 64480936 399917713
0 1 4 907831 495284054
1 5 6
0 2 6 613489126 101649905
1 5 6
1 4 6
0 2 5 72321091 319802209
0 3 6 779349886 974471274
0 1 6 492321540 778995772
1 2 5
1 0 4
0 1 4 99819814 807183005
1 2 3
1 1 5
1 3 6
1 0 5
1 0 6
1 1 5
1 2 4
1 0 6
0 3 6 106456531 80240544
1 0 6
0 0 3 778715528 77081510
0 4 5 616501271 996628916
1 4 5
0 0 4 524684262 779826356
1 0 3
0 1 4 839467302 183347806
1 4 6
1 0 1
0 0 2 696645332 621365522
1 4 6
1 0 4
1 4 5
1 1 6
0 2 6 869478291 597611046
0 0 3 909968049 491532152
1 0 5
1 2 5
0 0 6 992728038 411905561
1 2 3
0 0 4 855059342 322420425
0 2 4 934258916 259628047
0 2 6 496297862 111238841
1 0 6
1 1 2
0 5 6 336406538 606554574
0 0 1 574307604 409577284
0 0 4 792746684 332766387
1 3 5
1 2 6
1 0 5
0 0 3 441899279 759268037
1 5 6
0 3 4 468212034 957706942
0 0 2 484984937 4844320
1 1 5
1 2 3
0 0 4 723418505 470097896
0 0 2 265520193 462005564
1 2 5
1 5 6
0 1 3 757018676 511975969
0 1 5 55987065 681607217
1 1 2
1 1 2
1 0 6
1 1 3
1 1 2
0 0 3 445902522 996532898
0 5 6 14982353 598039289
1 2 3
0 5 6 13988192 928904261
1 2 5
0 0 6 705492881 792564324
1 1 3
0 0 1 193094467 801984551
0 0 3 572005664 391707366
1 0 1
1 3 6
1 2 5
1 2 4
0 0 2 921388852 136396903
1 1 6
0 4 6 92165999 906185182
0 3 4 197703229 196212150
1 0 6
1 1 3
0 1 3 362780388 197511716
0 0 4 75234424 757930221
1 1 2
1 3 6
0 1 5 902079092 44111889
1 4 5
1 0 6
1 4 6
0 2 5 716580267 616973255
0 0 6 626326375 46153930
0 3 4 255691308 947812992
1 0 5
0 0 1 660051900 652925873
1 0 6
1 1 4
1 0 4
1 0 5
1 1 6
1 1 6
1 0 6
1 1 4
0 0 4 439542602 955595973
1 2 5
1 1 2
1 0 5
1 2 3
1 0 2
1 2 3
1 1 3
1 1 4
0 1 2 613563507 250781133
0 1 6 664116486 721839804
0 0 6 986181507 161610586
1 4 5
0 1 6 87373607 549898524
0 0 3 666710879 362172431
1 3 4
1 4 6
0 1 5 940959922 224364984
1 2 6
0 2 5 424041403 420732392
1 2 4
0 3 4 596942973 230068561
1 3 5
1 1 6
1 3 6
0 2 6 496443760 687350110
0 3 4 448800690 716247260
1 2 6
1 1 4
1 2 6
0 0 3 567896832 619404674
1 4 6
1 4 5
0 2 3 527447397 326429709
1 0 1
1 2 6
0 2 4 287950740 824809306
1 3 5
1 1 4
1 4 5
1 4 6
1 1 4
0 4 6 697072364 320259788
1 0 6
1 3 6
0 1 6 836614455 231748767
1 0 2
1 4 6
0 4 5 90502907 173361098
0 2 4 478282111 189780127
0 3 4 768679064 870708046
0 3 4 446907167 789375355
0 1 5 972945735 431678505
1 1 4
1 2 5
1 1 6
1 2 5
1 1 5
1 3 4
0 1 5 311249323 232399846
1 0 5
0 2 5 612320794 424444184
0 2 3 384910731 997457024
0 1 2 166876237 719550205
1 5 6
0 2 6 72995636 74538146
0 1 4 655219655 969542725
1 1 5
0 1 4 602257660 558676368
0 0 4 323505000 350915442
0 3 6 699791413 886699625
1 2 3
0 3 4 331592600 396190975
0 3 5 290680613 659595974
1 3 5
0 0 3 414976989 409537150
1 3 4
1 1 4
1 3 4
0 1 3 773562996 175157142
1 1 3
1 2 5
0 0 3 607424089 420404843
1 3 5
1 2 4
0 2 5 473741860 355921539
1 4 6
0 3 6 688751337 19751077
1 2 3
0 0 5 92494991 502670636
0 2 5 784944732 892905405
1 5 6
1 4 5
1 0 3
1 2 3
0 1 5 140344343 483390883
0 4 5 979350840 918186148
1 1 3
0 3 6 15337549 549974553
1 3 6
0 1 5 198633262 737723063
1 1 2
0 4 5 775604394 845549098
0 1 6 949382270 982975980
0 5 6 691919877 319906701
1 2 6
0 4 5 97949609 893984619
0 4 6 732167037 300220802
1 0 1
0 3 4 818662849 871060864
1 4 6
1 2 5
1 2 3
1 0 4
1 1 2
1 0 5
0 1 4 645723977 346537232
1 3 6
1 5 6
0 2 5 420057938 57890357
1 0 6
0 2 5 246118812 816199107
1 3 6
