193 239
841612625 594492394 841259018 581533827 570061398 728741094 498398681 984147412 115961324 995955785 96920367 943961736 864913388 601212881 773189830 352297773 303107436 986036707 547042133 275735038 251015391 616994042 498027183 5049993 35681904 440260100 11762354 376808026 289984422 13742633 885986765 358959447 601270138 589731394 846270167 211417053 147219566 584973237 71313959 395660575 233349021 620097780 610288649 132075402 216792161 144745659 602050330 862525129 811559594 955360221 694960024 201890519 263861544 838396732 147247907 216665692 906220187 411547781 984483539 428806304 249323241 871351947 462579333 586874682 401255040 14225073 640276171 910457950 624195280 295330117 460163414 459665198 138123496 639511923 787554165 572510503 681764830 449233214 620783239 589337736 288861445 423685358 192148944 409705114 452011284 238981689 616997100 814650001 277086552 40568464 598214080 813008469 724918828 606815504 759934455 30152845 133992640 572770052 912051853 583745788 978850302 424178379 125625456 709957311 104925523 756025231 359062322 177195346 553943860 471771665 295297661 53727889 314999408 779618518 348965735 623596181 781194598 64685694 780355372 893572259 914181599 84795053 684154210 677324081 532024707 608321563 749230362 897143677 299279165 226975385 982057303 267856919 11249320 590085445 857084341 886567373 33366654 594965556 806475629 455748159 463949180 232431249 114627488 656538921 671453681 14706148 390279725 958100392 713848110 23113979 945585030 243993012 385167900 870446834 729738808 557521155 894267876 964370630 169713505 417044881 355086069 444043429 755338399 140859065 228948941 293664033 863866277 626212347 293247546 456428454 132366897 330726041 889244175 825405380 667185225 718555318 594528171 80609925 447727450 998777653 857136760 937458457 744787823 486460474 232179238 941650379 763546152 423747216 756701047 326988974 283048052 199350706 6044793
58 114
114 100
100 89
58 13
13 136
114 92
58 47
89 64
58 36
92 20
100 187
100 99
64 157
89 78
13 154
157 83
157 145
13 85
89 70
85 54
13 27
114 186
83 182
83 113
36 45
92 12
70 190
70 53
89 87
83 90
145 189
114 56
113 49
114 86
186 155
58 84
155 163
45 170
78 116
187 57
182 15
56 67
47 150
113 151
45 178
57 102
70 6
70 119
116 65
102 129
89 139
157 106
64 26
85 144
57 98
102 138
6 173
20 160
45 175
154 149
149 80
6 164
15 82
57 76
86 88
67 165
129 111
92 148
26 120
163 63
47 41
173 59
88 3
84 74
80 174
67 62
63 147
174 183
178 117
120 181
189 39
6 159
76 40
87 142
70 81
87 31
170 118
173 9
53 69
47 61
47 4
49 7
89 55
40 16
83 171
190 132
26 192
106 166
138 162
132 184
160 48
41 17
90 71
119 146
98 112
47 188
86 176
70 158
100 35
39 22
158 21
49 14
53 23
3 143
116 127
7 75
160 137
41 91
39 30
143 32
67 73
82 77
186 185
148 109
157 180
114 125
89 66
71 167
109 121
74 156
149 108
32 51
12 135
176 33
70 50
54 72
13 52
150 5
61 168
148 101
74 128
190 60
86 24
24 131
71 115
75 191
20 93
6 172
74 161
82 179
78 79
72 43
143 10
174 37
81 134
179 96
165 42
56 103
98 123
161 44
183 153
35 8
9 38
171 122
72 133
33 28
24 94
174 95
42 25
122 2
158 104
55 140
48 46
115 0
180 124
13 105
8 126
103 68
32 177
5 169
118 110
95 18
189 29
15 107
76 1
60 34
54 141
123 19
16 97
76 130
151 11
91 152
1 94 69
0 0 144750800
1 81 40
0 37 350084812
0 41 404734364
0 94 672653833
1 106 168
1 47 137
0 46 510842543
1 47 96
1 41 162
0 175 585579806
0 10 837040836
1 88 76
0 54 236049177
0 82 883353741
0 59 500589087
0 138 660485018
1 55 122
0 123 480742577
0 146 975183141
1 157 57
0 111 569201645
1 45 89
0 141 213013537
1 139 70
1 138 70
1 163 46
0 131 686721171
0 31 873172501
0 93 602245683
0 32 839520188
0 88 579325001
0 85 46820500
1 166 166
1 113 93
0 103 845070425
0 116 386053808
0 39 859516204
0 56 681009296
0 164 457264505
1 98 30
1 141 92
0 192 459643674
0 17 678993499
0 54 935451290
0 13 907412500
1 164 19
1 96 98
1 110 168
0 65 913863297
0 56 98484819
1 134 170
1 158 130
0 131 2582397
1 67 15
1 10 109
0 16 224378278
1 53 46
1 53 29
1 142 120
0 101 42761105
1 36 128
0 62 858862393
0 0 542393159
1 93 178
1 29 163
0 155 170501987
1 190 11
1 84 107
0 118 31337791
0 35 606742920
1 16 138
0 74 422763144
1 189 117
0 115 900558596
1 99 124
0 51 407219371
0 68 806087948
1 2 14
1 177 168
1 2 57
0 3 880142557
0 142 286780950
0 167 715025164
0 65 71415272
0 98 660134373
0 14 835344868
0 60 897298865
0 153 470786908
1 160 54
1 92 147
0 146 277316959
0 116 113756072
0 54 139938035
0 58 462898912
0 70 699433095
0 96 538251859
0 28 719021321
1 48 110
1 36 85
0 17 125562032
0 124 672479898
1 129 67
0 100 491189059
0 154 676151844
0 183 309056783
1 104 115
0 185 250444409
1 35 46
0 87 99972326
0 187 521048321
1 142 124
1 44 139
0 42 818565787
1 114 191
1 175 33
0 188 750077004
1 56 149
1 96 69
0 168 896708910
1 92 31
1 28 136
0 129 493578067
0 32 969951339
0 69 182190956
1 154 12
0 59 13491379
0 0 379528448
1 78 13
1 78 174
1 156 44
1 59 147
1 29 49
1 44 169
1 52 52
0 90 162330127
1 82 112
1 32 40
0 112 732259949
1 131 6
0 77 792180576
1 29 147
1 75 129
0 20 114031360
1 21 35
1 169 121
0 144 723330540
0 67 201226608
0 131 802351158
1 121 136
0 3 919593778
1 145 85
0 0 452606758
1 22 6
1 74 129
0 89 128651672
0 142 896063289
1 109 186
0 68 287347207
0 69 52340630
0 59 612963915
0 24 36181420
0 50 998155937
1 151 143
0 144 11042815
0 175 552836903
0 129 928452744
0 184 331705607
1 124 108
1 85 96
0 169 159667823
0 9 991690892
0 7 980118604
1 89 172
0 108 46194347
0 45 458258945
0 150 971602175
1 8 14
1 74 155
1 87 67
0 70 129818377
1 98 163
0 141 337769827
0 54 376029137
0 105 311419733
0 180 601655233
0 158 495315995
0 153 880247014
1 142 67
0 96 404689292
0 5 197038290
1 98 167
0 72 458667329
0 157 173875862
0 12 888815879
1 176 145
0 191 484901842
0 110 636677100
0 168 849932042
0 133 609353778
1 103 97
0 112 942205188
0 96 806395008
0 6 42283826
1 28 9
1 94 12
1 184 181
0 149 901802434
1 14 40
1 72 27
0 61 992493057
0 37 818661711
0 96 394087263
1 166 24
1 140 87
1 113 30
1 57 191
0 27 791203848
0 188 100648964
1 167 185
1 131 29
1 2 134
0 156 609848517
1 26 173
0 118 410207030
1 33 125
1 190 124
1 148 12
1 101 47
1 58 60
0 160 478199344
1 102 1
0 45 352759254
1 175 82
0 171 67493870
1 100 158
1 66 120
1 50 6
