198 235
136987924 40280999 438515315 805152546 234164454 129099933 971852321 983937488 410134225 668461222 574343409 885417013 394300887 86086437 570981511 221329455 57893312 584381871 154204049 738660729 728257729 551666498 540440394 165573287 512342480 452470821 669622703 340240729 965382636 953292241 144902419 86035524 289571086 987645468 423893886 928104871 464748969 105872436 123582647 242780928 505538017 199537013 745991283 983136444 65304379 842202106 646596193 140145001 630412665 134706415 170189559 917006962 498351627 78228861 784928508 545206283 276287905 127534371 580361498 602636875 833497706 569752320 168745739 687931378 25556222 401296664 903079778 244718550 696658577 923575834 20801451 728508574 144327567 355924229 987918030 767675763 39770237 690017157 35094958 619519152 803294929 322191158 334280933 412368057 946079172 696252934 727024412 429649275 739609644 879769415 84017875 429336930 578822041 559811577 192014409 783587083 235524450 277645214 641105035 776026757 478219070 115129181 14794716 647713890 894892898 720571222 16609338 29190516 796633468 940732244 641040997 243193942 968755343 956678858 9273458 747543114 522400393 605708171 235611799 713122606 952769734 230441676 782661943 119932537 618863044 263420409 832590609 341598454 889752736 346283651 906815307 693782514 787563199 656787150 558988762 325699987 408388854 484659329 514686813 546683978 168335178 925036722 876453250 928472013 452720553 11844689 152089336 237462880 322160445 768682370 968998501 643437693 43682975 50514865 225072892 729100215 432384534 267319887 944916772 470850912 634063725 30265497 170224154 233237753 310521575 363661868 30383316 169764888 450267291 509435980 637917173 871736242 398793145 910647926 108164902 535373865 729080956 796833592 454223174 403988143 945062274 621479206 158107041 272551814 767759721 136585361 638455939 61417522 286340474 221735821 57584824 684185411 747165460 140519367 201499817 652532397 746971523 597836965
166 133
166 35
166 87
35 195
87 105
166 0
0 182
182 55
35 9
133 98
98 2
98 112
133 27
27 90
2 81
35 171
112 114
9 76
27 153
0 194
76 116
87 160
153 136
35 82
90 29
160 189
116 71
76 8
35 130
81 167
153 23
23 41
27 21
112 156
156 14
194 42
82 183
98 128
160 103
14 17
166 186
166 181
136 124
55 63
90 174
8 120
21 69
23 52
98 6
189 119
130 92
181 135
136 80
29 188
21 91
171 111
181 154
167 93
63 193
76 163
166 175
105 126
124 147
189 161
111 139
27 149
171 184
163 190
93 67
126 104
27 16
81 148
9 15
0 1
120 106
71 155
82 28
114 34
183 165
67 95
130 46
55 100
93 144
27 85
8 12
27 74
186 122
148 141
148 20
136 140
87 187
74 86
35 158
34 4
76 84
112 172
15 179
139 180
8 99
76 191
28 177
29 94
84 134
140 121
134 131
104 132
183 109
63 75
184 115
149 110
175 18
131 7
15 49
135 66
158 107
174 24
35 30
161 108
195 173
12 50
174 102
21 61
66 142
28 151
149 192
28 58
172 169
135 60
114 33
110 3
172 178
171 37
98 51
4 64
163 101
121 176
115 22
136 70
116 36
193 13
74 164
94 89
64 56
158 53
93 32
122 157
37 19
149 45
124 127
6 96
66 88
154 62
135 79
158 31
119 123
1 48
56 43
127 168
174 143
124 77
187 25
90 59
91 97
91 152
111 196
94 150
155 47
101 117
193 73
105 197
81 5
28 159
111 146
20 113
120 137
143 40
131 65
19 162
190 83
176 78
0 26
49 170
4 11
117 38
35 68
170 125
100 10
115 145
65 54
61 72
192 44
96 138
10 118
112 185
149 129
50 39
76 57
1 177 68
1 112 147
1 132 101
1 156 123
1 65 97
0 31 540428524
1 29 117
1 98 107
0 0 830082524
0 64 151352644
0 37 393297837
1 69 125
0 3 163052826
0 53 783841626
1 135 109
1 85 190
1 188 166
0 119 693423687
0 2 54478886
0 171 734642588
0 132 554242922
0 169 834765732
0 184 669525757
0 58 653214462
0 17 818417818
1 64 117
0 40 18516670
0 72 390541367
1 10 126
0 50 227166411
0 176 999845708
1 126 175
0 76 237031361
1 153 109
1 106 79
1 149 16
1 46 165
1 197 131
1 97 136
1 48 161
0 148 767597128
0 146 627063788
1 57 178
0 185 577081132
1 52 171
1 23 121
1 192 178
0 29 395323616
1 21 20
1 7 76
1 122 10
0 173 274079910
0 132 67448884
1 6 15
1 29 168
0 49 610436273
1 181 79
1 148 93
0 93 920499234
0 65 917033537
1 113 13
0 134 883994450
1 69 181
0 103 897541378
1 54 112
1 4 23
1 69 21
1 195 190
1 120 133
0 147 451778839
0 83 371155842
0 35 627867173
0 83 259886832
1 31 133
0 155 275267118
0 82 640263313
1 117 44
1 40 110
0 33 200095662
0 9 905424128
0 166 182317674
0 15 743402101
0 78 145210301
0 59 576740159
0 19 108782814
0 189 635280149
1 105 161
0 45 307252380
1 161 53
1 26 193
0 52 825033134
0 28 361262826
1 189 161
0 39 345594555
1 50 148
0 20 579438333
1 186 56
0 115 198663185
1 124 45
0 179 534264383
1 9 25
1 93 27
1 7 25
0 13 390697210
1 80 54
0 74 296809897
0 172 41286107
1 48 58
0 95 952676999
1 141 117
0 103 517189915
1 172 136
0 66 376709502
0 9 881704834
0 60 546861009
0 89 148983304
0 15 53355848
0 197 722415925
0 51 374955009
0 60 192234027
1 67 67
0 6 285003714
1 71 138
0 81 896048300
0 164 271233381
0 17 663010848
1 27 109
0 164 261409511
0 101 14172062
0 170 571827529
0 157 830257029
0 8 598197634
0 8 547964489
1 110 129
1 192 109
0 103 18347837
1 136 21
0 97 767271797
0 138 695763092
0 157 411412053
1 157 24
1 12 86
1 13 109
0 70 818598886
1 127 166
1 75 58
0 153 784120490
1 115 164
0 166 495447045
0 75 489464749
1 183 46
1 167 32
0 189 87352390
1 121 153
0 179 275664509
1 100 187
1 156 189
0 46 192996196
1 115 39
1 27 50
0 128 654588759
0 149 547297558
0 113 679223879
1 22 90
1 155 161
1 174 155
1 182 123
1 126 137
1 101 163
0 105 359835451
1 153 51
1 87 14
1 9 64
0 117 483541822
1 81 180
0 19 889386649
0 58 987828243
1 185 63
0 138 225712447
1 74 23
0 58 221325391
0 27 805231750
0 62 39546955
1 132 132
1 106 196
0 68 648574126
0 99 842501265
0 139 222133398
0 117 233905817
1 165 168
0 101 74151035
1 167 155
0 93 951623217
0 2 96318278
0 6 284610016
0 156 287270550
1 138 161
1 136 22
0 0 346389051
1 147 32
1 86 63
0 144 739604997
1 12 170
1 168 86
0 44 719226127
1 147 191
1 10 28
1 167 33
0 157 273032776
1 160 182
0 168 774143041
1 29 170
1 181 155
1 124 120
0 175 964729909
1 100 123
1 28 110
0 157 952040907
1 45 119
0 39 822016968
1 134 165
0 168 578290717
0 138 305417025
1 20 100
1 80 162
0 108 727595757
0 79 38453609
1 107 144
1 9 140
1 157 12
1 114 94
0 49 376861418
1 44 160
0 185 921140174
0 19 363435738
