532 813
437019262 878914770 692819383 929176066 657049555 799637676 179913266 266003265 731227835 705323037 201246867 183631677 270611175 680342740 326297106 21564799 746492922 599870983 729200873 612278331 480645345 574356910 493730340 591363277 253325503 325980362 738703013 254741788 329123773 683907575 669740493 450885554 614018844 374077434 163113062 320936537 601029514 951620049 216328970 770681525 378142883 85032251 155899669 629223524 235246972 542322453 338915460 75174853 573887052 64213608 920497409 576086096 749498946 767197067 363475924 818309531 279080911 339033753 321770125 765774517 173557204 514849000 829916620 850709523 182362381 782663364 842602014 214140041 530278300 240708812 653573066 302927689 252074632 223654983 610761831 555859320 355822327 958417890 199402856 867137962 905986212 91242177 347675278 449364585 416436444 86842727 943981064 858527700 176373492 209770066 315153329 597307279 925549009 888137901 434772005 971860728 540722011 508879689 276569269 899815865 644228756 492316089 766480007 143772726 74583140 402265862 924734031 510463898 737656734 199740970 876483237 302775122 746517968 79257081 851523674 952372240 774957950 645014315 395646527 838098132 694970240 882381640 299219187 194059538 143048311 519832444 189284340 227491612 971522619 536705246 518293388 781912266 451008092 916363327 379872962 510606382 698548075 589361599 278705257 383112952 984382801 323952534 905975648 438699941 277623576 149001525 413099362 252031418 988861638 756861154 821558232 43108663 478472091 897190804 142238842 310887685 622789930 884147582 11776394 72340310 302339054 829404650 648598586 715960580 608591101 184389331 822129349 88501953 212306188 738892229 457529955 190845897 656970683 477965779 831791147 901802628 849278450 763726707 722255436 212762190 134484678 185931654 503003818 336406888 506820842 843374043 242719767 829345542 399710249 18316929 132876288 652680078 991071283 934062668 716379281 334307859 894537255 650497421 261521120 629193703 164897301 607106868 785569377 515946533 90993685 291104268 318102593 811382590 568786887 107419341 135908712 755143582 712306072 754250122 489546191 640259471 655918460 265991488 357878405 681113213 669444191 432251035 106885967 629061588 409573091 50381254 687024843 895022388 960006315 560844439 41515461 167917029 499799439 510643462 305623388 949635560 562391304 791047020 722231667 430725102 667434084 168118771 13656249 934765012 70893525 60874933 104607756 650374714 687045886 94740582 533755059 465656151 684313042 341719520 412508310 35661521 887144755 982432390 395259787 250662130 208013947 957758072 445716160 32461513 203198044 4302363 38081289 193842662 911976105 48613043 104781220 374172687 649171810 636639089 396975967 841242960 8038300 150970981 954687411 51928121 782406210 92903798 373657405 680528957 568719382 320203437 78837072 229695924 481447422 12201658 17676805 915536143 322135324 435510950 74130087 798551126 962918956 689824454 203165636 916771872 700254844 942481030 482471172 489133235 543164321 517388868 979063267 859572347 106389501 639821517 472061737 347078209 900869054 781417246 151820261 356281937 373794558 909579610 629587423 982727395 313206140 535886485 820756391 692459745 339603666 666027806 751752110 994842530 129469518 434280803 271407910 315702122 499590296 545523930 18756261 756328808 20371051 851127068 321514369 973051161 982917395 39683407 452956276 764563646 723103047 694848782 135161508 42071653 18148359 436410473 743399096 895533552 938443544 946304800 941441746 575543705 234905292 892343995 749361956 768438624 539411684 828972664 381905753 157033244 920769087 979829351 698939285 7228517 605599204 970270151 937356578 672701876 198121864 109941193 179382555 249165508 946994168 950798829 368329526 257594009 924941461 745458324 522256226 353094399 853263495 252021045 56399896 969199413 12045898 881004743 979708071 899815845 88049733 710121001 333221776 488618492 282050007 923359932 278215622 278855153 279637283 937620612 617917595 368903611 439923416 366110025 624381625 257628615 101291959 613556902 115034954 28272186 772531428 74344912 133999519 706478882 167851788 269073721 190483917 954826344 454052331 577064819 57365298 548893067 229504971 278079836 902016901 714422979 731069349 296275648 654906625 25705677 138454364 452571541 983045190 977656697 64471270 668958455 398735123 934602118 928137550 125879437 88392576 854344501 177614693 716533186 653296783 101831302 387243285 766529944 412466445 495194631 531329903 498334352 603142599 882787706 613823467 708490116 658038825 704943949 871681372 257744016 243499717 685843446 281478001 272853996 250401958 572621924 870477098 156038486 476805780 925779284 791476485 965279677 577657678 913962488 874643231 870125515 894680343 927394356 178706911 451172830 369735939 863494753 42195160 18976771 359055554 315303146 322118336 772379669 848728985 593518111 294397480 187677119 572326381 214489956 265652279 992226270 437447047 910245469 857443549 264109589 705470700 672455377 279928487 786525798 485213494 183796397 232342367 491391122 898608146 287994458 97430663 522269154 181476319 922360569 128495016 430061088 900598537 975324493 523511380 507790239 598948964 976119700 24116891 466581456 923204982 360632607 384218618 553397219 758743009 698094764
94 480
94 273
94 300
300 493
300 398
493 281
94 139
273 107
139 506
273 32
493 207
207 444
493 213
213 507
300 115
273 192
32 352
273 351
139 424
94 526
94 169
207 220
220 132
507 136
94 134
351 326
506 133
94 472
169 329
107 494
281 347
526 116
326 140
107 402
398 209
506 149
207 52
132 266
140 292
52 461
526 365
136 44
480 11
192 465
107 127
352 473
44 419
213 10
107 14
526 187
347 410
365 204
107 224
127 79
273 349
44 54
329 383
507 509
281 147
494 179
266 442
54 162
204 317
94 359
220 186
465 246
94 193
134 109
162 290
11 315
209 460
273 304
300 76
359 20
359 185
162 180
79 391
147 66
526 447
506 9
509 366
193 457
66 184
115 120
317 307
132 308
444 70
506 47
391 528
52 397
366 252
213 489
315 288
10 363
76 467
134 416
32 260
180 498
11 371
359 56
352 370
136 137
366 449
109 242
260 191
139 330
140 445
127 433
94 274
107 234
330 218
317 174
134 384
185 35
449 190
136 390
473 521
506 276
308 270
56 158
445 163
315 483
139 182
366 293
526 250
281 168
116 374
209 463
330 51
162 176
252 278
266 152
94 331
242 401
329 189
163 211
383 421
120 65
70 155
260 73
290 312
528 96
56 102
137 299
168 360
299 258
176 5
184 471
461 15
11 379
204 78
447 87
187 395
330 226
70 368
76 118
218 130
11 86
224 482
250 336
290 353
457 259
308 487
368 135
70 302
135 345
11 375
509 289
120 382
35 60
163 516
307 156
445 484
506 403
410 517
73 61
463 511
35 420
186 343
139 346
419 362
140 114
220 27
186 112
401 202
202 77
242 284
276 275
15 282
220 106
401 21
359 452
397 195
27 502
102 19
61 301
204 113
120 268
156 470
209 399
135 320
445 376
78 188
47 45
290 413
424 314
402 36
56 67
94 154
180 43
289 514
376 4
260 381
502 229
185 453
467 458
401 194
120 239
391 356
10 208
514 341
260 17
282 95
460 97
176 150
416 90
502 255
461 172
76 103
449 153
329 160
211 80
482 267
308 75
95 464
467 166
56 512
9 221
147 8
17 406
330 148
302 129
36 523
403 319
79 178
467 99
103 197
498 434
399 285
512 151
346 37
463 167
273 412
308 104
452 181
77 13
523 58
302 448
130 92
460 466
480 411
399 41
51 355
368 119
363 414
252 404
14 389
362 333
209 518
389 143
317 53
521 173
289 456
8 98
353 125
106 342
341 367
353 513
87 500
314 171
502 272
382 124
136 455
360 291
32 108
312 338
258 159
124 232
67 235
192 145
124 74
374 427
218 243
243 527
19 306
94 325
258 0
108 128
292 348
5 446
195 49
220 216
326 164
158 261
106 24
320 219
329 344
507 28
353 264
457 477
135 441
209 508
185 93
382 279
74 2
518 71
17 440
506 199
258 437
401 144
326 469
461 18
511 69
440 262
182 318
134 283
224 1
283 138
229 123
90 316
158 393
125 165
160 55
336 327
187 33
211 303
211 141
74 157
73 396
155 450
437 85
512 244
226 286
333 269
179 110
133 81
93 430
420 332
477 378
98 212
419 249
467 12
70 22
465 340
188 485
414 210
292 295
284 394
213 46
342 265
452 254
250 38
239 439
284 522
2 418
498 311
267 205
19 476
19 88
370 408
243 236
448 519
265 198
158 337
406 3
236 29
115 64
35 89
195 490
461 122
29 503
471 415
112 497
54 215
172 324
24 48
270 468
38 280
268 504
519 227
254 334
138 432
232 491
379 529
448 388
449 422
403 42
345 454
264 499
94 322
487 257
349 117
18 34
19 530
269 474
236 196
390 214
134 298
125 40
454 369
22 131
197 175
448 245
356 25
437 436
299 309
331 201
224 438
393 6
93 405
467 531
306 84
395 496
381 240
474 385
266 475
300 228
432 495
311 372
127 417
87 328
0 296
432 287
40 121
45 492
401 305
403 525
207 91
332 481
490 297
306 31
243 100
11 392
22 59
35 505
137 251
464 225
37 271
281 429
69 400
185 111
397 248
302 451
67 253
122 520
34 7
111 126
129 72
138 431
340 486
135 310
84 223
73 263
89 233
103 170
58 247
492 387
526 23
33 361
116 256
493 462
437 200
523 407
278 425
526 101
383 241
103 524
214 142
124 230
489 203
512 177
282 501
319 82
125 26
500 57
44 183
289 30
130 321
38 423
6 373
261 294
389 68
383 217
369 364
24 354
452 428
77 443
468 222
446 377
21 510
224 409
417 335
172 39
169 350
486 386
496 478
441 435
480 459
328 358
410 515
311 488
84 339
68 146
394 237
495 277
327 161
402 479
317 16
518 323
485 206
12 231
78 313
290 63
236 238
80 357
200 50
224 105
169 380
517 426
188 62
219 83
1 352 166
1 19 126
0 313 888598162
1 170 81
1 196 526
1 92 211
1 391 184
0 359 446489587
0 223 523491839
0 442 788824992
0 288 203736967
1 5 246
1 344 77
1 131 131
1 489 269
1 393 396
0 122 903454635
1 260 482
1 192 90
0 191 505746355
0 361 179662653
0 383 575653360
0 218 378930332
1 21 158
1 393 267
0 404 390624345
0 425 355961325
1 3 244
0 435 852072832
1 226 178
0 526 622549826
1 197 445
1 26 55
1 99 65
1 395 233
0 145 307914714
1 293 511
1 512 59
0 291 315064552
1 163 527
0 45 152067599
1 185 159
1 441 106
0 520 772426126
1 369 349
1 481 222
1 224 334
0 122 13248607
0 86 664581564
0 220 655074982
1 519 80
0 91 269025505
1 500 263
0 113 651475687
0 454 262755449
0 443 804473983
1 484 232
1 20 71
0 57 767447428
1 238 477
0 303 302705369
1 255 64
1 375 265
0 50 962145094
0 307 752272535
1 231 257
0 255 968111483
0 112 282200918
1 513 151
0 476 694560434
1 379 245
0 383 106852216
0 217 183194349
0 478 791609480
0 401 571884589
0 400 182693753
0 470 129522119
1 50 175
0 410 618811514
1 136 498
0 206 701412026
1 167 278
0 281 265560471
0 461 579417995
0 156 366365794
1 349 386
0 65 907396096
0 314 237899948
0 231 625164704
1 402 141
1 323 320
0 145 358639982
1 485 5
0 460 308902830
0 48 662563185
1 248 425
1 87 302
1 129 109
1 171 416
1 269 65
1 12 389
0 461 347815834
1 518 221
0 232 436169021
0 421 384777536
0 103 422317223
0 92 801425210
1 459 19
0 95 280721988
1 58 26
0 103 912841652
1 177 311
0 344 271557183
0 39 11420238
1 293 199
1 330 475
1 67 57
1 402 433
1 209 257
1 289 41
1 149 258
1 310 417
0 168 383225588
1 327 294
0 411 39161105
1 140 429
1 519 285
0 467 993381826
0 75 1670706
1 409 451
0 372 833630666
0 377 982168574
0 465 259348023
0 310 236249415
0 441 808141320
0 320 463279798
0 357 48857235
0 331 481059778
1 472 132
0 447 891400370
1 320 416
0 164 528905695
0 226 219028028
1 430 97
0 443 895267100
0 167 656702769
1 507 131
1 493 470
1 154 9
1 523 276
1 219 507
0 0 282820244
1 266 515
0 324 415470648
1 344 429
0 319 629551747
1 222 339
0 415 871558588
1 478 172
0 189 854482708
1 151 480
0 494 821325317
1 42 485
0 309 855147104
1 303 198
1 450 150
1 213 151
1 183 61
1 197 13
1 455 84
0 469 436148550
0 397 241821457
0 223 734294888
0 385 16311420
0 352 337868543
0 495 531408747
1 381 187
0 186 762049206
0 44 15744776
1 523 492
1 383 296
1 424 217
1 8 464
1 227 505
1 170 506
1 193 338
0 39 658708414
1 368 56
0 208 407751291
1 69 266
1 270 133
0 1 407245806
1 397 412
1 508 165
0 79 153787917
1 322 52
0 260 43700903
0 125 756535519
0 389 135406678
0 327 372002765
1 319 489
1 174 375
0 329 651895184
1 74 2
0 302 672564242
0 201 882171588
0 24 856141929
1 212 202
0 234 848225569
1 96 130
0 91 257158413
0 268 5379946
1 217 29
0 469 638025129
0 76 527471145
1 384 0
0 463 866446286
1 259 371
1 385 215
0 1 377998953
1 181 233
1 451 529
0 12 968124954
0 508 484455194
0 46 806239821
0 196 440412320
1 69 144
1 235 461
1 29 160
1 310 74
1 362 52
1 155 305
0 281 476403594
0 101 48000918
1 238 21
0 218 946046025
0 98 233985719
0 463 601281075
0 371 772016380
0 475 205971432
0 167 835456432
1 60 496
0 459 851135021
1 161 440
1 523 94
0 143 631040329
1 17 307
0 439 40063667
1 0 10
1 269 522
0 259 593589966
1 78 103
1 243 29
1 361 20
0 154 130309769
1 396 357
1 520 521
0 158 114107697
1 357 193
1 88 199
1 440 30
0 241 195047484
1 386 165
1 23 455
0 512 509207794
1 80 215
1 349 527
0 305 822559636
0 231 123984544
0 231 97238724
1 58 525
1 225 458
1 38 205
0 451 727539212
1 272 152
1 107 516
1 448 414
0 294 760211643
0 289 44685342
1 116 240
0 282 894576864
0 299 499257961
0 240 705444783
1 147 515
1 45 60
1 190 459
1 30 490
0 482 289755804
1 460 302
0 236 637035585
0 382 978058974
0 116 453860032
1 313 378
1 293 124
0 26 662695785
0 285 966804369
1 453 384
1 149 514
0 138 795286852
0 258 562548983
1 463 11
0 331 74800757
0 257 931138196
0 434 106237401
0 458 157625830
1 458 131
0 111 920815184
1 337 36
0 107 957704977
1 80 261
1 450 290
1 294 26
1 384 133
1 68 226
1 41 486
1 443 255
0 428 574004567
0 4 213007272
1 146 104
0 36 893448283
0 254 510193983
0 126 716830914
1 250 522
1 23 506
0 116 543580921
1 433 403
1 128 108
0 361 883559428
0 145 733695945
1 141 9
1 169 106
0 444 725708934
1 457 443
0 342 323825644
1 247 267
0 276 882150804
1 156 242
0 201 699323461
0 398 184558697
0 421 423614307
0 1 351230669
0 440 451960690
1 510 335
1 57 350
0 313 638890473
1 495 335
0 412 994691478
0 64 622892485
0 244 735200493
0 128 452311020
0 85 602151154
1 241 465
1 30 12
0 96 377600261
0 44 964223401
1 507 393
1 230 46
1 224 275
1 395 282
0 422 336458216
0 520 985563387
1 411 440
0 458 374337688
0 6 615650795
1 308 78
0 443 998995265
1 280 517
1 331 111
1 114 212
1 173 114
0 291 985847134
1 35 376
1 438 9
0 124 38308361
1 193 258
0 270 659875826
0 254 813372817
1 104 371
0 291 402942280
0 273 935113865
1 236 0
0 304 829740240
1 506 420
0 37 684934804
0 300 297353011
0 382 111148965
0 204 26060903
1 17 293
1 396 125
1 82 329
1 217 260
0 293 276315189
1 370 295
0 81 282563886
1 232 56
0 88 551112290
1 239 198
1 467 166
1 496 217
1 506 92
1 179 40
1 14 175
0 180 869456046
0 411 597976612
0 92 502199826
1 204 314
0 171 804489150
1 23 281
0 31 164794374
0 234 486302178
0 329 720638202
1 495 223
0 85 209613564
1 181 204
1 243 135
1 432 16
0 67 301863168
1 67 144
0 74 801162156
1 232 467
0 396 605015240
0 170 873175630
0 107 540147238
0 171 250813582
0 406 213668535
0 266 947275440
0 212 994984911
0 322 740764950
1 172 528
0 163 79060549
0 261 726088240
0 216 71274419
1 331 323
0 71 81375272
1 443 475
0 27 573792953
1 387 251
1 498 87
1 267 198
0 504 775194105
1 311 496
1 344 115
0 216 713978835
1 291 267
0 488 621624577
0 241 204308663
1 324 421
1 56 370
1 480 186
1 236 355
1 468 30
0 396 453466756
0 195 276410525
1 193 30
1 490 431
0 258 199723502
1 268 95
0 223 799971168
1 119 431
1 142 417
1 439 385
0 248 960279446
0 187 356697934
0 267 929615043
0 59 852441206
0 398 327973063
1 444 290
1 107 515
0 50 621372205
1 252 235
1 144 153
1 151 86
0 513 291392354
0 498 293930752
0 88 931960017
1 453 366
1 491 161
1 124 448
0 420 662218001
1 326 392
1 284 457
1 409 322
1 367 383
1 481 331
1 58 4
0 41 751142596
1 276 499
1 24 242
0 398 203204972
1 487 301
0 268 130184722
0 119 938918412
1 375 2
1 223 278
0 282 623883643
0 27 776150021
1 51 18
0 194 119701421
1 450 419
0 37 244123955
0 258 924742174
0 529 603710400
1 188 160
0 155 986478125
1 72 125
1 223 361
0 255 525919747
0 393 401573212
1 454 398
1 104 149
0 419 376642003
1 468 157
0 141 488630635
1 245 233
1 496 31
1 298 127
0 414 985939484
0 130 292769789
1 94 194
0 218 929523751
0 511 766438743
1 114 157
0 5 268162568
0 57 551466682
0 18 210918617
0 103 135344878
0 414 662062495
0 380 354324116
1 61 39
1 386 74
1 455 456
0 364 288530086
0 306 252381055
0 455 85933196
1 415 155
0 364 630950462
0 411 817525320
0 105 962750398
1 501 30
0 418 345529440
0 518 756921648
0 517 989168117
0 422 136367178
0 57 30990318
0 319 550758547
1 526 503
0 144 257222375
0 342 23628314
1 100 341
0 487 43374830
0 226 880186912
1 512 388
0 321 244226387
1 525 67
1 395 477
0 373 323726572
0 417 988090785
0 513 201799867
0 161 171484679
0 86 905883525
1 220 459
0 271 771871879
0 60 463309509
1 335 414
1 157 70
0 310 823042956
1 138 73
1 321 63
0 298 101342297
0 355 552058661
1 154 187
1 159 327
1 259 408
0 485 551039628
0 267 257942584
0 508 419056763
1 209 177
0 77 86455216
1 468 365
0 152 45304548
0 397 443896243
1 530 152
0 445 206930152
1 140 445
1 292 32
0 58 453250165
0 483 670339077
1 80 525
1 446 383
0 88 465927816
1 59 531
1 458 527
0 25 391632413
1 81 13
1 207 458
1 329 454
1 379 315
1 274 280
0 487 75808603
1 114 16
0 335 709063983
0 221 758217872
1 222 501
0 350 53938942
0 462 137644797
1 467 52
0 269 830545631
0 376 285138243
1 106 180
1 360 444
1 424 171
1 12 250
0 373 654336556
0 150 163677651
1 449 335
0 322 729656671
0 102 425818273
1 276 93
0 224 94704793
1 328 111
1 455 13
1 224 198
0 183 955818888
0 338 267971379
0 355 19098133
0 106 374020128
1 358 523
0 292 596095082
1 470 48
0 407 516778122
0 478 713276088
1 437 184
1 491 76
1 329 90
0 46 96546286
0 65 636037353
1 485 384
1 496 116
1 491 59
1 455 20
1 427 312
0 168 232078572
1 515 303
1 251 341
1 147 174
0 236 879031214
0 209 17744115
0 335 663060108
1 303 49
0 103 801143623
1 360 417
1 403 425
1 325 178
0 151 765107002
0 189 160786276
1 356 422
0 225 872285962
1 237 521
0 420 554533290
0 413 174864220
0 58 80310070
1 427 123
0 324 833043138
0 45 353513878
1 163 514
0 43 794390057
1 231 470
1 329 334
1 307 177
1 514 209
1 206 415
1 53 150
0 146 873949770
0 167 477928979
0 150 925370172
1 332 406
1 432 444
1 39 479
0 272 431282390
0 421 789323601
1 23 423
0 46 483098990
1 202 244
0 475 102480967
1 299 208
1 445 340
0 329 574059512
1 53 15
1 356 233
1 211 162
0 327 139978083
1 47 433
1 452 64
0 469 283525974
0 403 811449531
0 300 486231181
1 506 426
1 362 97
0 322 953888082
0 22 225508890
1 442 285
1 411 471
0 146 394596612
1 108 467
0 110 915629231
1 404 44
1 372 495
1 237 102
1 395 466
1 522 251
1 131 406
0 379 442598118
0 223 105458211
1 519 475
0 17 364810174
0 268 849181726
1 22 123
1 125 19
1 359 295
1 219 483
1 92 411
0 413 415546257
1 444 464
0 96 387984572
0 255 49511375
0 236 771763412
0 37 721200851
1 201 40
1 456 160
0 294 30829577
1 409 341
1 235 525
1 97 254
0 256 268489987
0 490 461407268
0 238 849276299
1 380 278
0 22 280422408
1 272 272
1 238 102
1 450 182
1 0 278
0 161 283024829
1 206 519
1 221 413
0 426 157372547
1 70 149
1 410 228
0 374 100647284
0 8 690392826
1 107 179
0 88 486178846
0 185 578015143
0 251 479196346
1 316 480
1 490 81
0 176 151281920
1 172 160
1 108 361
0 403 254591927
0 344 995534665
1 521 89
0 221 108283588
0 398 270765151
0 146 271126018
0 27 6531763
1 383 237
0 12 341499223
0 210 649806285
0 176 459479469
0 482 118293884
0 54 421776378
0 74 912689591
1 125 177
1 118 45
1 168 159
0 401 693716780
0 49 734582471
1 261 277
0 79 375762482
1 316 439
0 306 349770450
1 278 309
0 341 737729005
1 424 286
1 55 407
0 489 284100530
1 166 10
1 207 335
1 97 162
1 511 336
0 280 301824632
0 237 108651761
0 327 277338578
1 271 496
0 394 135166017
0 292 936130006
0 79 188211673
0 383 527689463
1 154 142
0 107 119782853
0 239 109951377
1 426 127
1 181 351
1 270 398
0 97 465840410
0 516 554717676
0 189 938788325
1 220 383
0 192 748762481
0 167 279457857
0 231 934562015
0 484 457052312
