168 119581888
0 1
2 4
3 6
5 11
7 15
8 16
9 19
10 20
12 24
13 26
14 29
17 35
18 36
22 45
23 46
25 50
27 54
28 56
31 63
32 64
33 67
34 69
37 74
38 77
39 79
40 81
41 82
42 84
43 86
44 88
47 95
48 97
49 99
51 102
52 104
53 107
55 111
57 115
58 117
59 118
60 120
61 123
62 124
66 132
71 143
72 145
73 146
75 150
76 153
78 156
80 160
83 167
87 174
90 181
91 182
92 184
93 187
96 193
98 196
101 203
103 207
110 221
112 225
114 229
116 233
119 239
121 243
122 244
125 251
126 253
127 254
128 256
129 258
130 261
131 262
133 267
134 268
135 270
136 273
137 275
138 276
139 279
140 281
141 282
142 284
144 289
147 294
148 297
149 299
151 302
152 305
154 309
155 310
157 315
158 316
159 318
161 322
162 325
163 326
164 328
165 330
166 332
168 337
169 338
170 341
171 342
172 345
173 347
175 350
176 352
177 355
178 357
179 358
180 360
183 366
185 371
186 372
188 376
189 379
190 381
191 383
192 385
194 389
195 391
197 395
198 396
199 398
200 401
201 403
202 404
204 409
205 410
206 413
208 417
209 419
210 420
211 423
212 425
213 426
214 429
215 430
216 433
217 434
218 437
219 439
220 441
222 444
223 447
224 449
226 453
227 455
228 456
230 461
231 462
232 464
234 469
235 470
236 473
237 475
238 476
240 480
241 482
242 484
245 490
246 493
247 494
248 496
249 498
