250 126736851
0 303
1 5
2 454
3 329
4 31
6 280
7 112
8 247
9 315
10 204
11 474
12 215
13 274
14 444
15 269
16 406
17 377
18 175
19 181
20 287
21 362
22 452
23 299
24 355
25 323
26 305
27 343
28 401
29 392
30 60
32 389
33 233
34 165
35 455
36 330
37 218
38 67
39 225
40 158
41 123
42 53
43 304
44 407
45 250
46 394
47 248
48 240
49 256
50 332
51 445
52 358
54 136
55 235
56 369
57 424
58 313
59 155
61 301
62 426
63 337
64 249
65 435
66 326
68 361
69 496
70 382
71 411
72 244
73 219
74 404
75 98
76 311
77 265
78 139
79 239
80 487
81 285
82 344
83 201
84 320
85 177
86 456
87 349
88 206
89 197
90 448
91 221
92 153
93 289
94 469
95 324
96 143
97 317
99 192
100 101
102 246
103 441
104 117
105 275
106 421
107 449
108 397
109 180
110 371
111 309
113 384
114 365
115 176
116 471
118 359
119 130
120 141
121 400
122 279
124 366
125 272
126 364
127 234
128 485
129 354
131 446
132 166
133 462
134 298
135 379
137 432
138 152
140 306
142 415
144 442
145 226
146 281
147 198
148 217
149 480
150 492
151 162
154 422
156 457
157 273
159 254
160 478
161 189
163 242
164 420
167 194
168 212
169 459
170 409
171 475
172 433
173 290
174 266
178 216
179 399
182 183
184 295
185 373
186 297
187 477
188 193
190 302
191 476
195 374
196 245
199 207
200 288
202 252
203 434
205 284
208 403
209 494
210 316
211 263
213 258
214 232
220 367
222 350
223 470
224 486
227 430
228 482
229 467
230 352
231 495
236 378
237 314
238 393
241 345
243 276
251 428
253 484
255 283
257 271
259 402
260 376
261 264
262 460
267 387
268 418
270 412
277 308
278 473
282 416
286 300
291 341
292 463
293 461
294 319
296 465
307 331
310 312
318 499
321 488
322 356
325 395
327 438
328 375
333 385
334 453
335 464
336 451
338 479
339 413
340 458
342 360
346 443
347 410
348 427
351 417
353 414
357 423
363 372
368 481
370 497
380 466
381 405
383 419
386 390
388 396
391 439
398 431
408 429
425 472
436 490
437 447
440 489
450 468
483 493
491 498
