250 249209796
0 266
1 178
2 123
3 267
4 251
5 377
6 179
7 93
8 474
9 393
10 312
11 151
12 464
13 323
14 174
15 322
16 356
17 148
18 282
19 232
20 181
21 259
22 27
23 366
24 227
25 476
26 261
28 29
30 191
31 419
32 44
33 112
34 497
35 370
36 371
37 491
38 276
39 472
40 110
41 182
42 165
43 415
45 59
46 486
47 168
48 140
49 120
50 414
51 62
52 473
53 257
54 202
55 100
56 275
57 114
58 426
60 87
61 122
63 327
64 164
65 235
66 293
67 89
68 374
69 401
70 160
71 413
72 288
73 206
74 480
75 157
76 117
77 444
78 499
79 354
80 184
81 329
82 350
83 94
84 145
85 111
86 461
88 121
90 490
91 238
92 429
95 447
96 468
97 171
98 481
99 360
101 340
102 144
103 330
104 335
105 127
106 285
107 216
108 394
109 437
113 433
115 407
116 268
118 188
119 399
124 190
125 326
126 324
128 289
129 200
130 391
131 403
132 215
133 344
134 438
135 494
136 210
137 387
138 467
139 186
141 279
142 462
143 452
146 342
147 380
149 234
150 274
152 453
153 404
154 284
155 334
156 392
158 218
159 196
161 254
162 208
163 290
166 231
167 352
169 482
170 294
172 315
173 435
175 498
176 384
177 418
180 248
183 314
185 338
187 336
189 204
192 283
193 487
194 313
195 226
197 217
198 390
199 339
201 347
203 398
205 388
207 396
209 460
211 319
212 346
213 241
214 369
219 349
220 224
221 307
222 477
223 247
225 383
228 368
229 495
230 348
233 245
236 484
237 410
239 492
240 432
242 496
243 478
244 341
246 483
249 431
250 269
252 309
253 434
255 456
256 475
258 359
260 318
262 449
263 278
264 421
265 270
271 428
272 485
273 385
277 471
280 303
281 361
286 302
287 488
291 382
292 332
295 358
296 376
297 442
298 441
299 379
300 325
301 345
304 372
305 375
306 363
308 454
310 317
311 321
316 364
320 353
328 351
331 443
333 420
337 450
343 440
355 373
357 408
362 489
365 400
367 381
378 409
386 423
389 457
395 458
397 470
402 493
405 412
406 465
411 422
416 445
417 479
424 439
425 436
427 448
430 463
446 455
451 469
459 466
