250 135131415
0 329
1 416
2 499
3 188
4 105
5 487
6 228
7 473
8 321
9 417
10 465
11 54
12 235
13 84
14 449
15 152
16 175
17 132
18 481
19 123
20 386
21 442
22 430
23 209
24 112
25 490
26 394
27 95
28 323
29 164
30 387
31 339
32 457
33 326
34 68
35 286
36 144
37 43
38 420
39 309
40 268
41 45
42 354
44 150
46 94
47 227
48 176
49 450
50 53
51 249
52 238
55 230
56 427
57 210
58 371
59 168
60 440
61 233
62 460
63 216
64 114
65 367
66 96
67 146
69 451
70 111
71 75
72 195
73 125
74 422
76 88
77 281
78 240
79 118
80 433
81 303
82 170
83 348
85 172
86 87
89 184
90 197
91 110
92 258
93 231
97 411
98 432
99 368
100 302
101 495
102 293
103 369
104 324
106 180
107 408
108 373
109 248
113 136
115 492
116 158
117 130
119 300
120 313
121 485
122 379
124 148
126 454
127 498
128 253
129 467
131 361
133 269
134 295
135 193
137 296
138 471
139 363
140 142
141 206
143 360
145 196
147 283
149 401
151 414
153 409
154 404
155 320
156 284
157 381
159 318
160 396
161 445
162 497
163 260
165 341
166 439
167 486
169 279
171 388
173 280
174 337
177 298
178 459
179 266
181 212
182 317
183 239
185 262
186 311
187 355
189 272
190 482
191 277
192 435
194 304
198 358
199 267
200 219
201 236
202 289
203 400
204 218
205 213
207 306
208 469
211 217
214 316
215 349
220 453
221 244
222 223
224 372
225 297
226 265
229 479
232 370
234 452
237 437
241 347
242 255
243 375
245 263
246 330
247 357
250 382
251 252
254 444
256 425
257 474
259 443
261 346
264 336
270 282
271 322
273 378
274 466
275 315
276 356
278 350
285 365
287 393
288 412
290 429
291 332
292 377
294 328
299 327
301 423
305 384
307 458
308 415
310 446
312 447
314 343
319 413
325 438
331 491
333 359
334 461
335 470
338 448
340 431
342 456
344 494
345 418
351 436
352 419
353 385
362 398
364 476
366 489
374 405
376 441
380 434
383 428
389 478
390 462
391 403
392 468
395 483
397 493
399 410
402 472
406 475
407 484
421 464
424 488
426 480
455 496
463 477
