250 249190247
0 473
1 184
2 257
3 432
4 127
5 424
6 244
7 321
8 412
9 272
10 56
11 237
12 208
13 41
14 330
15 240
16 488
17 141
18 111
19 170
20 490
21 157
22 395
23 143
24 270
25 357
26 224
27 436
28 89
29 216
30 265
31 280
32 443
33 334
34 387
35 112
36 316
37 77
38 239
39 471
40 367
42 465
43 360
44 183
45 261
46 241
47 329
48 485
49 231
50 290
51 59
52 347
53 454
54 311
55 348
57 250
58 73
60 61
62 166
63 417
64 132
65 83
66 279
67 82
68 196
69 268
70 396
71 305
72 186
74 248
75 338
76 178
78 159
79 105
80 223
81 207
84 414
85 199
86 232
87 494
88 142
90 213
91 339
92 351
93 355
94 481
95 446
96 230
97 407
98 370
99 145
100 448
101 300
102 125
103 195
104 180
106 438
107 378
108 176
109 371
110 136
113 238
114 400
115 134
116 282
117 293
118 227
119 253
120 492
121 342
122 154
123 228
124 335
126 354
128 144
129 149
130 235
131 345
133 220
135 458
137 323
138 460
139 317
140 496
146 477
147 200
148 482
150 246
151 165
152 264
153 366
155 499
156 314
158 480
160 289
161 468
162 296
163 167
164 298
168 410
169 249
171 344
172 243
173 498
174 434
175 384
177 382
179 285
181 442
182 212
185 408
187 346
188 365
189 427
190 258
191 429
192 467
193 340
194 252
197 217
198 455
201 415
202 403
203 206
204 274
205 297
209 440
210 259
211 421
214 226
215 451
218 222
219 472
221 260
225 423
229 462
233 495
234 389
236 336
242 310
245 459
247 343
251 388
254 444
255 331
256 320
262 470
263 337
266 497
267 299
269 394
271 341
273 301
275 319
276 325
277 361
278 478
281 364
283 303
284 368
286 308
287 419
288 381
291 439
292 411
294 433
295 398
302 332
304 413
306 453
307 418
309 431
312 450
313 441
315 383
318 420
322 456
324 359
326 479
327 437
328 404
333 425
349 487
350 375
352 483
353 491
356 426
358 489
362 409
363 447
369 385
372 469
373 393
374 391
376 401
377 379
380 405
386 397
390 476
392 463
399 474
402 416
406 422
428 452
430 449
435 484
445 486
457 464
461 475
466 493
