250 244194530
0 283
1 92
2 375
3 306
4 176
5 315
6 349
7 236
8 311
9 143
10 354
11 372
12 312
13 327
14 65
15 496
16 355
17 18
19 393
20 206
21 486
22 114
23 330
24 377
25 370
26 235
27 460
28 449
29 142
30 232
31 252
32 416
33 151
34 191
35 118
36 57
37 251
38 275
39 471
40 145
41 396
42 257
43 414
44 91
45 94
46 426
47 172
48 184
49 288
50 450
51 182
52 202
53 256
54 109
55 419
56 286
58 74
59 217
60 279
61 457
62 153
63 476
64 173
66 230
67 147
68 469
69 498
70 150
71 186
72 322
73 344
75 189
76 417
77 452
78 243
79 341
80 265
81 187
82 86
83 455
84 432
85 316
87 281
88 111
89 99
90 224
93 362
95 345
96 291
97 227
98 480
100 127
101 339
102 318
103 435
104 369
105 444
106 420
107 433
108 325
110 437
112 446
113 268
115 363
116 499
117 218
119 270
120 434
121 129
122 162
123 294
124 397
125 167
126 468
128 439
130 183
131 272
132 293
133 413
134 405
135 497
136 148
137 421
138 386
139 443
140 211
141 387
144 171
146 168
149 159
152 247
154 361
155 391
156 216
157 348
158 448
160 267
161 467
163 329
164 253
165 493
166 472
169 481
170 199
174 353
175 484
177 378
178 479
179 373
180 380
181 456
185 491
188 297
190 381
192 271
193 308
194 221
195 487
196 277
197 490
198 495
200 290
201 388
203 228
204 225
205 352
207 259
208 445
209 470
210 280
212 478
213 411
214 427
215 266
219 464
220 233
222 320
223 412
226 489
229 332
231 458
234 415
237 475
238 296
239 333
240 310
241 376
242 389
244 340
245 368
246 273
248 466
249 284
250 371
254 351
255 328
258 401
260 317
261 298
262 326
263 398
264 404
269 359
274 336
276 453
278 382
282 356
285 335
287 402
289 485
292 331
295 357
299 321
300 408
301 447
302 324
303 430
304 379
305 374
307 366
309 314
313 364
319 492
323 334
337 428
338 407
342 403
343 483
346 395
347 422
350 394
358 423
360 442
365 399
367 436
383 400
384 410
385 418
390 474
392 477
406 482
409 494
424 438
425 431
429 451
440 462
441 473
454 488
459 465
461 463
