250 248580250
0 473
1 432
2 23
3 257
4 127
5 424
6 213
7 321
8 412
9 272
10 56
11 237
12 208
13 430
14 381
15 240
16 207
17 36
18 220
19 170
20 490
21 157
22 168
24 143
25 224
26 161
27 418
28 271
29 374
30 100
31 280
32 443
33 368
34 478
35 174
37 184
38 239
39 471
40 367
41 92
42 465
43 66
44 206
45 235
46 241
47 308
48 379
49 256
50 290
51 498
52 355
53 332
54 76
55 348
57 250
58 73
59 431
60 61
62 227
63 417
64 132
65 449
67 384
68 196
69 268
70 383
71 305
72 469
74 216
75 283
77 307
78 159
79 450
80 347
81 339
82 138
83 98
84 188
85 345
86 470
87 494
88 142
89 343
90 458
91 409
93 209
94 481
95 446
96 270
97 344
99 316
101 300
102 133
103 195
104 180
105 246
106 438
107 378
108 176
109 371
110 247
111 451
112 336
113 361
114 400
115 117
116 282
118 215
119 253
120 492
121 301
122 154
123 228
124 320
125 242
126 354
128 232
129 149
130 440
131 296
134 314
135 434
136 404
137 323
139 192
140 496
141 166
144 199
145 278
146 477
147 200
148 382
150 254
151 165
152 264
153 454
155 499
156 263
158 489
160 289
162 309
163 474
164 218
167 373
169 249
171 485
172 243
173 452
175 497
177 238
178 217
179 285
181 442
182 212
183 304
185 408
186 284
187 346
189 466
190 258
191 265
193 340
194 252
197 437
198 455
201 415
202 403
203 342
204 274
205 297
210 259
211 421
214 362
219 262
221 260
222 422
223 337
225 423
226 327
229 462
230 436
231 413
233 493
234 292
236 310
244 312
245 459
248 269
251 388
255 331
261 460
266 372
267 299
273 279
275 319
276 395
277 486
281 364
286 427
287 433
288 406
291 358
293 360
294 335
295 398
298 410
302 468
303 411
306 453
311 380
313 441
315 351
317 439
318 464
322 456
324 359
325 445
326 479
328 414
329 349
330 487
333 429
334 428
338 457
341 488
350 375
352 370
353 491
356 401
357 387
363 447
365 366
369 385
376 426
377 392
386 482
389 419
390 483
391 394
393 472
396 420
397 444
399 467
402 416
405 480
407 425
435 484
448 463
461 475
476 495
