192 125667090
0 187
3 61
4 366
5 327
7 391
8 207
9 364
10 421
11 304
12 396
13 197
14 340
15 356
17 169
18 446
20 221
21 325
23 213
24 490
25 422
26 294
27 306
28 441
29 202
30 479
31 134
32 352
33 418
34 45
37 222
38 85
39 380
40 137
41 116
42 392
46 284
47 165
48 93
49 374
50 246
51 322
52 438
53 191
54 73
55 247
59 236
62 487
63 145
65 192
66 107
67 80
68 239
69 386
71 90
72 77
74 401
75 311
76 121
78 168
86 464
87 178
89 315
91 114
94 414
95 105
96 125
97 100
99 420
101 415
103 154
104 148
106 179
108 252
111 323
112 348
113 233
115 426
117 208
118 186
122 175
123 367
124 305
126 376
127 211
128 431
129 218
131 320
133 298
135 413
138 243
140 450
142 363
143 196
144 307
146 172
147 286
149 381
151 454
152 308
153 442
156 394
157 365
158 349
160 399
161 329
162 176
163 262
166 439
171 489
173 448
174 276
180 331
181 324
183 198
184 427
185 255
188 428
189 269
190 203
193 390
195 424
200 346
201 368
204 214
205 314
210 383
216 318
217 282
220 270
223 265
224 292
227 387
228 309
229 456
231 468
232 412
234 345
235 343
240 457
241 250
242 416
248 453
249 459
253 328
254 452
256 462
257 362
258 432
259 437
261 469
268 419
271 384
272 397
273 423
274 480
275 293
278 350
279 471
281 451
285 361
287 478
289 405
290 481
291 477
296 494
297 342
301 359
303 455
312 436
316 430
319 445
321 373
332 398
334 493
335 347
337 402
338 447
339 460
354 476
355 372
357 433
360 473
370 429
371 403
375 408
388 498
389 465
393 467
407 492
409 485
411 440
449 458
