208 140607212
0 30
2 213
3 362
4 330
5 315
6 214
7 401
8 72
9 452
13 406
14 380
15 156
16 136
18 53
19 274
20 265
22 397
25 164
26 237
27 279
29 257
31 85
32 497
33 478
34 461
35 392
36 386
37 150
38 188
39 104
40 446
42 91
44 414
45 465
46 147
47 348
48 210
49 409
50 354
51 432
54 223
55 119
56 473
57 129
58 447
60 464
61 393
62 385
63 211
64 476
65 252
66 230
67 153
68 353
69 283
70 96
75 167
76 379
77 377
78 264
79 429
81 370
82 89
83 390
84 93
86 208
87 372
88 267
90 334
92 100
94 378
97 308
99 404
106 437
108 111
109 291
110 410
115 240
118 492
120 256
121 262
123 427
124 407
125 241
127 317
128 411
130 157
131 496
132 438
133 134
135 324
138 203
139 482
140 448
142 388
143 175
144 312
145 282
148 337
149 488
151 433
152 356
159 403
160 451
161 254
162 281
163 169
165 174
166 300
170 468
172 195
173 360
176 331
177 484
179 199
180 381
181 416
183 320
185 454
186 276
187 228
189 286
191 232
192 298
193 216
194 364
197 288
198 399
200 332
201 365
202 248
205 277
207 374
209 499
212 327
215 346
217 345
219 284
220 442
221 455
222 336
224 355
226 389
227 290
229 383
231 326
233 483
235 359
238 494
243 445
245 341
247 463
249 462
250 329
251 289
253 358
255 366
258 280
259 313
260 302
261 268
263 398
269 487
270 430
272 343
273 480
275 402
285 493
287 293
292 396
294 387
295 421
296 419
297 420
299 394
303 486
304 338
305 469
306 435
307 479
311 474
314 413
316 439
319 457
321 444
322 367
323 426
328 434
333 440
335 417
339 412
342 400
344 495
349 489
350 441
351 371
352 449
357 363
368 459
373 456
376 391
384 481
395 415
422 477
423 453
431 485
466 471
490 498
