236 176065026
0 359
1 91
2 351
3 56
4 74
5 496
6 391
7 392
8 53
9 316
10 271
11 88
12 142
13 456
14 390
15 439
16 267
17 20
18 373
19 105
21 450
23 406
24 421
25 70
26 375
27 479
28 335
29 199
30 312
31 126
32 46
33 254
34 251
35 107
36 469
37 96
38 216
39 367
40 274
41 449
42 278
44 464
45 279
47 282
48 161
49 380
50 190
51 121
52 379
54 120
55 309
57 305
58 472
60 331
62 184
64 281
65 68
66 494
67 294
69 297
71 150
72 170
73 246
75 111
76 189
77 138
78 213
79 136
80 398
81 244
83 172
84 453
85 455
86 481
87 224
89 433
90 240
92 133
93 182
94 348
95 128
97 467
98 442
100 292
101 237
102 125
103 360
104 495
106 158
108 300
109 215
110 485
112 205
113 186
114 212
115 318
116 476
117 148
119 291
122 370
123 386
127 262
129 196
131 459
132 268
134 446
137 151
139 252
140 381
141 365
143 403
144 431
145 270
146 261
147 195
149 462
152 286
153 308
154 227
156 290
157 167
159 302
160 475
162 371
163 488
165 466
166 484
168 306
169 208
171 175
173 413
174 303
176 218
177 293
178 329
179 368
180 388
183 418
185 407
187 489
188 283
191 355
192 345
193 210
194 445
197 264
198 478
201 276
202 402
203 440
204 361
206 358
207 320
209 325
211 280
214 447
217 395
219 338
220 235
221 424
222 333
223 321
225 332
226 389
228 409
229 337
230 299
231 384
232 376
233 408
234 313
236 356
238 263
239 483
242 451
243 432
245 461
247 304
248 311
249 498
253 377
255 265
256 374
257 436
258 310
260 353
266 275
269 317
272 399
273 307
277 415
284 354
285 428
287 347
288 363
289 298
295 397
296 416
301 420
314 385
315 499
319 474
322 490
323 425
326 468
327 422
328 387
330 404
334 434
336 441
340 419
341 401
342 352
343 473
344 396
346 430
349 362
350 482
357 458
364 438
366 382
372 426
383 452
393 437
394 448
400 444
405 443
410 493
411 463
412 480
417 427
423 470
454 465
457 492
460 497
486 487
