100 4782
1 0 836156
0 2 650307
3 0 919221
4 0 949862
5 0 698275
0 6 852060
7 0 969823
0 8 976873
9 0 920939
0 10 961872
11 0 792805
12 0 783792
13 0 847080
14 0 966134
0 15 620555
16 0 660641
0 17 698789
0 18 839783
19 0 840533
20 0 803432
21 0 936205
0 22 597688
0 23 790583
24 0 807247
25 0 768673
0 26 691811
27 0 936271
0 28 687920
29 0 978655
30 0 679227
31 0 686980
0 32 971225
0 33 796887
34 0 909269
0 35 737393
0 36 854720
37 0 827707
38 0 617809
0 39 950845
0 40 974208
41 0 931247
42 0 727416
0 43 751096
0 44 945503
45 0 721000
0 46 610394
47 0 571122
0 48 738605
0 49 742574
0 50 897026
0 51 826764
0 52 778325
53 0 680599
0 54 684017
55 0 886021
0 56 621924
57 0 568111
0 58 659244
0 59 782349
60 0 842105
0 61 653419
62 0 724346
63 0 563118
0 64 837544
0 65 673902
66 0 646983
0 67 706427
0 68 784486
0 69 861164
70 0 929018
0 71 594939
0 72 958987
0 73 802637
0 74 958911
75 0 888043
76 0 932492
77 0 812179
0 78 895276
79 0 944318
0 80 632459
0 81 805286
82 0 800880
83 0 796820
0 84 957129
0 85 887181
0 86 651213
87 0 746589
0 88 926924
89 0 863545
90 0 940045
0 91 883795
0 92 648453
93 0 934987
0 94 737715
95 0 880481
0 96 798290
0 97 658023
98 0 875635
99 0 805372
1 2 422524
3 1 906040
4 1 796260
5 1 482386
6 1 675559
7 1 821229
8 1 829844
9 1 760138
1 10 859505
11 1 601593
1 12 589187
13 1 668125
14 1 817803
1 15 796692
16 1 830516
17 1 864898
18 1 659890
19 1 661215
1 20 613522
1 21 888517
22 1 776425
23 1 598213
24 1 618508
1 25 571514
1 26 858840
27 1 779226
28 1 470593
1 29 832252
1 30 458643
31 1 854653
32 1 822944
1 33 605412
34 1 745651
35 1 896964
36 1 964947
1 37 645259
1 38 794222
39 1 872251
1 40 826553
41 1 892246
42 1 518726
1 43 548353
1 44 792164
1 45 511431
1 46 787727
1 47 753147
48 1 533628
1 49 901635
1 50 927791
51 1 644003
1 52 932008
53 1 848078
54 1 465887
55 1 717971
1 56 387255
1 57 750504
1 58 433880
1 59 588633
1 60 976322
61 1 824306
1 62 516232
1 63 744953
64 1 656443
65 1 452066
66 1 419776
67 1 493931
68 1 938359
69 1 686840
1 70 771610
1 71 774074
72 1 807576
1 73 953750
74 1 863513
1 75 934857
76 1 891587
77 1 624460
1 78 729417
1 79 790666
1 80 400962
81 1 616002
82 1 951067
83 1 948853
1 84 805405
85 1 719444
1 86 822376
87 1 542594
88 1 767688
89 1 956853
1 90 883820
91 1 715119
1 92 819892
1 93 777629
1 94 531675
95 1 709664
96 1 607128
97 1 432258
1 98 946730
1 99 955525
2 3 548295
2 4 702023
5 2 962679
6 2 834014
7 2 668949
8 2 658721
2 9 746027
2 10 617276
11 2 895327
12 2 903418
13 2 840186
2 14 675118
15 2 120463
16 2 175351
2 17 227255
2 18 848667
19 2 846664
20 2 886767
21 2 575235
2 22 89736
23 2 897930
24 2 882917
2 25 915761
26 2 217657
27 2 723541
28 2 966924
29 2 654301
30 2 971339
2 31 210992
32 2 667089
33 2 892569
2 34 762015
2 35 281447
36 2 450388
37 2 860162
38 2 116931
2 39 599175
2 40 663152
41 2 567787
2 42 946375
2 43 929842
44 2 706947
45 2 949754
46 2 106896
2 47 54262
48 2 938449
49 2 288070
50 2 513786
2 51 861898
52 2 339147
2 53 201991
54 2 968514
55 2 791830
2 56 973152
57 2 50203
2 58 978837
59 2 904003
2 60 431485
61 2 165247
62 2 947020
63 2 43768
2 64 851614
65 2 973152
2 66 979999
67 2 957021
68 2 347798
2 69 823829
2 70 731841
2 71 85939
2 72 688137
2 73 373809
2 74 612089
75 2 500741
76 2 569688
77 2 878205
78 2 780504
79 2 708896
80 2 976167
2 81 883778
82 2 371658
83 2 365372
84 2 689517
2 85 789963
2 86 162255
87 2 933683
2 88 736454
89 2 463667
90 2 581695
91 2 795449
92 2 158709
93 2 725603
94 2 939643
2 95 801151
96 2 891587
2 97 979297
98 2 481653
99 2 377592
3 4 883400
3 5 601963
3 6 774952
7 3 905761
3 8 913561
3 9 851027
10 3 940125
11 3 708647
3 12 697680
13 3 768468
14 3 902526
15 3 704959
16 3 741721
17 3 778397
3 18 761175
3 19 762075
3 20 719570
21 3 966203
3 22 683412
23 3 705891
24 3 724067
25 3 681665
26 3 771859
27 3 868159
28 3 591312
29 3 915643
30 3 580665
31 3 767336
32 3 907313
3 33 712275
34 3 838007
35 3 813545
36 3 922204
37 3 747749
38 3 702345
3 39 951567
3 40 910596
41 3 969443
3 42 634554
3 43 661084
3 44 879495
45 3 628074
46 3 695370
3 47 658342
3 48 647989
3 49 818552
3 50 961124
3 51 746656
3 52 851661
53 3 760579
54 3 586959
3 55 812963
3 56 516612
57 3 655507
58 3 558510
59 3 696991
60 3 910645
3 61 734983
3 62 632088
63 3 649918
3 64 758090
65 3 574740
3 66 545575
3 67 612069
3 68 858242
69 3 785106
70 3 861060
71 3 680839
72 3 893575
73 3 875073
74 3 943649
3 75 952667
76 3 968649
3 77 729367
3 78 823268
3 79 878160
80 3 529015
3 81 721724
3 82 872544
83 3 869696
84 3 891567
85 3 814273
86 3 732909
3 87 655977
88 3 857762
89 3 930281
90 3 961697
91 3 810437
3 92 730281
93 3 866725
3 94 646199
3 95 805769
96 3 713828
97 3 557051
98 3 942219
99 3 877338
5 4 746965
6 4 889784
4 7 961894
4 8 955195
9 4 954621
10 4 929168
11 4 834524
12 4 826998
13 4 886036
14 4 964956
15 4 572409
16 4 614762
17 4 653368
18 4 878357
19 4 879022
20 4 844743
21 4 901334
22 4 548792
4 23 832472
24 4 848031
4 25 812007
4 26 646140
27 4 968629
28 4 736694
29 4 952697
4 30 729338
4 31 641134
32 4 960745
33 4 839063
4 34 944060
4 35 694314
36 4 816566
37 4 867046
38 4 569588
39 4 917222
40 4 957967
4 41 896993
4 42 774059
4 43 796512
44 4 976937
4 45 767564
46 4 561923
4 47 521376
4 48 783979
4 49 698778
4 50 860030
4 51 866188
4 52 736846
4 53 634503
54 4 733046
55 4 921450
56 4 676010
4 57 518265
58 4 709973
59 4 824748
4 60 803011
61 4 607265
62 4 770655
63 4 513901
64 4 876288
4 65 724503
66 4 698477
67 4 753926
4 68 742390
4 69 898293
4 70 961557
4 71 545943
4 72 973235
73 4 761291
4 74 925390
4 75 851514
4 76 897446
77 4 853111
78 4 930110
79 4 975837
4 80 684973
4 81 847047
4 82 760351
4 83 755224
84 4 974404
85 4 922525
4 86 604614
87 4 791561
88 4 960525
89 4 825816
90 4 905424
91 4 919394
92 4 602149
93 4 967468
4 94 783174
95 4 916839
96 4 840105
4 97 708837
98 4 837614
4 99 764126
6 5 868796
5 7 715981
8 5 706195
9 5 787957
10 5 667386
5 11 924067
5 12 931450
5 13 874678
5 14 721528
15 5 192865
16 5 245867
5 17 295515
5 18 882157
5 19 880306
5 20 916533
5 21 627459
5 22 163278
5 23 926404
24 5 913063
5 25 942031
5 26 286297
5 27 766873
5 28 977070
29 5 702207
30 5 974300
5 31 279898
5 32 714235
33 5 921893
34 5 802815
35 5 347707
36 5 509162
37 5 892512
38 5 189447
5 39 650113
5 40 710360
41 5 620633
42 5 968501
5 43 954492
5 44 751305
5 45 971122
46 5 179792
47 5 129096
5 48 961603
49 5 353860
50 5 569240
51 5 894096
5 52 402975
5 53 271277
5 54 975450
55 5 830108
5 56 951242
57 5 125189
58 5 965897
59 5 931679
5 60 491127
61 5 236181
62 5 968768
63 5 119224
64 5 884876
65 5 972019
5 66 960485
67 5 976945
5 68 411004
69 5 859523
70 5 774527
71 5 159633
72 5 733787
5 73 435875
74 5 662261
75 5 557045
76 5 622178
5 77 908979
78 5 819694
79 5 753140
80 5 955093
5 81 914014
5 82 434042
5 83 427818
5 84 735257
5 85 828393
86 5 233229
5 87 957635
5 88 779078
89 5 521795
5 90 633539
5 91 833461
92 5 229871
5 93 768783
95 5 838895
96 5 920865
5 97 965437
5 98 538665
99 5 439506
7 6 865510
6 8 858394
6 9 921308
10 6 826797
6 11 938587
6 12 930717
6 13 976655
6 14 871549
6 15 426628
16 6 470792
6 17 515850
6 18 972380
6 19 973529
6 20 945152
21 6 795482
22 6 400211
6 23 936443
6 24 948158
25 6 921242
6 26 507814
6 27 905530
28 6 862283
29 6 854542
30 6 854953
6 31 502427
32 6 864130
33 6 940342
6 34 932336
35 6 558968
6 36 696389
37 6 964173
38 6 423730
39 6 813016
6 40 861435
6 41 788828
6 42 889956
43 6 907043
6 44 895186
45 6 885961
6 46 415181
6 47 370405
48 6 898918
6 49 564997
6 50 747281
51 6 963569
52 6 606428
53 6 493592
54 6 859637
6 55 954469
56 6 813265
57 6 367392
58 6 840750
59 6 931307
6 60 681326
6 61 462448
62 6 889164
63 6 360009
6 64 970253
6 65 851016
6 66 833070
67 6 876205
6 68 615397
6 69 975090
70 6 913040
71 6 397084
72 6 879778
73 6 636608
6 74 824184
75 6 736342
76 6 792167
6 77 951470
78 6 946571
79 6 896655
6 80 821692
6 81 946312
82 6 632859
6 83 629607
84 6 880638
85 6 953242
86 6 459936
87 6 903924
6 88 914455
89 6 706948
90 6 801454
91 6 956748
92 6 456870
6 93 906914
94 6 897625
95 6 958992
96 6 941398
6 97 839788
6 98 723172
6 99 638675
7 8 974948
7 9 933317
10 7 949945
7 11 807665
12 7 800312
13 7 862100
7 14 976884
15 7 602658
7 16 644685
7 17 681873
7 18 853533
7 19 854253
7 20 818324
21 7 923087
7 22 579521
7 23 805503
7 24 821777
7 25 784103
26 7 674805
27 7 947985
7 28 705270
7 29 973104
30 7 697529
7 31 669911
32 7 980558
7 33 812369
34 7 922487
35 7 722449
7 36 841309
37 7 841727
38 7 599885
39 7 938431
7 40 977608
7 41 919466
42 7 744340
7 43 768160
7 44 956733
45 7 737570
46 7 592380
47 7 552649
7 48 754755
7 49 726243
50 7 883143
7 51 840814
7 52 763889
7 53 663440
54 7 701457
7 55 898661
56 7 642284
57 7 549602
58 7 677284
59 7 797449
60 7 827820
7 61 636818
62 7 740826
7 63 545350
7 64 851354
65 7 692854
7 66 665293
7 67 723327
68 7 768767
7 69 874404
7 70 940638
7 71 576736
7 72 970269
7 73 787188
74 7 946279
7 75 875433
7 76 919311
77 7 827077
7 78 907706
7 79 955578
7 80 651129
81 7 821296
7 82 786854
83 7 781281
7 84 969539
85 7 899791
86 7 634207
7 87 762667
7 88 939832
89 7 850527
7 90 927017
7 91 896495
92 7 632138
93 7 946769
7 94 753895
95 7 893775
96 7 813466
97 7 676093
98 7 861383
99 7 789959
8 9 926571
8 10 956608
8 11 799750
12 8 790828
13 8 853466
8 14 971298
15 8 612923
8 16 653229
17 8 691593
8 18 846247
8 19 846984
8 20 810273
8 21 930697
8 22 589936
23 8 797554
24 8 814049
8 25 775865
8 26 684575
8 27 941747
28 8 695944
29 8 978669
8 30 687342
8 31 679716
8 32 976337
33 8 803793
8 34 915018
35 8 730429
36 8 848544
37 8 834288
8 38 610165
8 39 945473
8 40 979294
41 8 925695
42 8 735037
8 43 758470
44 8 950875
8 45 728686
8 46 602710
8 47 563234
8 48 746109
8 49 735638
50 8 891178
51 8 833358
8 52 771617
53 8 673295
54 8 692080
55 8 892004
8 56 630624
8 57 560207
58 8 667567
59 8 789398
60 8 835833
8 61 645963
8 62 731993
8 63 555186
8 64 844034
65 8 682069
8 66 655423
8 67 714256
68 8 777822
8 69 867407
70 8 934559
71 8 587171
8 72 964229
73 8 796093
74 8 953619
75 8 882127
8 76 926956
77 8 818929
8 78 901168
79 8 949703
8 80 641055
8 81 812101
82 8 794324
8 83 790236
84 8 962384
85 8 893151
86 8 643745
87 8 754015
8 88 932491
89 8 857437
8 90 934577
91 8 889804
8 92 640973
93 8 940476
94 8 745232
95 8 886529
8 96 805183
97 8 666359
8 98 869623
99 8 798844
9 10 898978
9 11 869714
9 12 862390
13 9 917528
9 14 936976
15 9 528697
16 9 571971
9 17 612163
9 18 910661
9 19 911248
9 20 879309
9 21 869835
9 22 504390
23 9 867818
9 24 882363
9 25 848679
26 9 604705
27 9 968065
9 28 778358
29 9 923591
9 30 771354
31 9 599538
32 9 932099
33 9 873855
9 34 971730
9 35 654099
9 36 780882
9 37 900052
9 38 525807
9 39 886505
40 9 929504
9 41 864897
9 42 813305
9 43 833932
44 9 957249
9 45 807200
46 9 517912
47 9 476192
9 48 822523
49 9 659068
9 50 826576
9 51 899272
52 9 698103
53 9 592677
54 9 774944
9 55 950868
56 9 721386
9 57 472989
58 9 753431
59 9 860562
9 60 767115
9 61 564221
62 9 810057
9 63 468208
9 64 908748
65 9 766681
66 9 742637
67 9 794420
9 68 704244
9 69 929271
70 9 972727
71 9 501449
72 9 945715
73 9 723835
74 9 895133
9 75 817325
76 9 865786
9 77 887131
78 9 958982
79 9 958556
80 9 730069
81 9 881113
9 82 722482
83 9 717538
84 9 946609
9 85 951865
86 9 561845
9 87 829637
88 9 975998
9 89 790523
90 9 874155
91 9 948968
92 9 558967
93 9 969271
94 9 821796
9 95 946647
9 96 874983
97 9 752373
9 98 803217
9 99 726762
10 11 765145
10 12 756417
10 13 822255
14 10 945461
15 10 648854
10 16 688757
17 10 725453
10 18 814010
19 10 814811
10 21 956539
10 22 626437
23 10 762821
10 25 740044
27 10 914618
28 10 656027
10 29 959134
10 32 951398
10 34 886943
10 35 763829
36 10 878201
39 10 971067
40 10 954111
10 41 952388
10 42 697608
43 10 722395
44 10 924014
10 45 690433
46 10 638888
10 47 600381
10 48 708752
10 49 768263
10 50 918635
10 51 800481
10 53 707668
54 10 651971
10 55 862135
10 57 597430
58 10 626178
59 10 754281
60 10 865856
10 63 593184
10 65 642090
10 66 613458
10 67 675299
68 10 809155
69 10 836258
70 10 906866
10 71 623748
10 72 938360
73 10 826856
10 74 978435
10 75 910549
10 76 952931
10 77 785772
10 78 871747
10 80 598322
10 81 778778
10 82 825786
10 83 821189
10 84 936741
85 10 863346
10 86 679419
87 10 717150
10 88 905312
10 89 886771
10 90 960229
10 91 859807
10 92 676824
93 10 913321
10 94 707811
10 95 856844
10 96 771270
10 97 624906
98 10 897859
10 99 829531
12 11 975176
11 13 941612
14 11 814221
15 11 336906
11 17 431381
18 11 949052
19 11 947847
11 20 974866
11 21 730963
22 11 309325
23 11 980107
24 11 972650
11 25 967415
26 11 422913
27 11 852009
11 28 918826
30 11 912609
11 31 417039
11 32 806144
33 11 978627
34 11 882199
35 11 477341
11 36 624021
11 37 957503
38 11 333713
39 11 750095
11 40 803120
11 41 723792
11 42 941570
43 11 955636
44 11 839996
11 45 938370
46 11 324808
47 11 277921
49 11 483699
50 11 678767
51 11 958787
11 52 527809
53 11 407970
54 11 916657
11 55 906799
11 56 878076
11 58 900950
59 11 975525
61 11 375040
11 62 940798
64 11 950739
65 11 909308
11 66 894301
11 67 929963
68 11 536895
71 11 306010
73 11 559516
74 11 762203
11 75 667029
11 76 726919
77 11 968896
78 11 898173
11 79 841606
11 80 885231
11 81 972548
82 11 556026
11 83 552209
84 11 824391
11 85 905384
86 11 372387
11 87 953153
88 11 862062
89 11 635379
11 90 737005
91 11 909627
11 92 369180
93 11 853581
11 94 947967
95 11 912521
11 96 977984
97 11 900147
98 11 652331
11 99 562171
13 12 936645
12 14 804257
15 12 322106
16 12 372218
17 12 417344
12 18 941766
19 12 940187
20 12 969478
21 12 720592
12 22 294559
12 23 977037
12 24 966688
25 12 971572
26 12 408806
12 27 844094
12 28 924739
12 29 788148
12 30 920498
12 31 402883
12 32 798496
33 12 973798
12 34 875662
35 12 466596
12 36 614265
12 37 950081
12 38 318892
39 12 740934
12 40 794517
12 41 715354
12 42 948309
12 43 962629
12 44 830362
12 45 944039
46 12 309917
47 12 262689
12 48 954224
49 12 471269
50 12 668153
51 12 951393
52 12 517294
12 53 394942
54 12 922426
55 12 898285
56 12 887801
12 57 259054
12 58 908253
12 59 979418
12 60 597248
61 12 362734
62 12 945795
63 12 253773
64 12 944077
65 12 917823
12 66 900762
67 12 935296
12 68 523789
12 69 923076
70 12 850592
12 71 291186
12 72 815156
12 73 546620
12 74 751722
12 75 657944
12 77 963556
78 12 889503
79 12 831993
80 12 892598
12 81 968441
82 12 545921
83 12 539243
12 84 817364
85 12 896842
12 86 359682
12 87 959136
12 88 855299
12 89 626134
12 90 725992
91 12 901162
92 12 357172
93 12 845732
94 12 953864
12 95 905916
12 96 972858
12 97 907562
98 12 640366
99 12 549979
13 14 865495
15 13 417544
16 13 464906
17 13 507332
13 18 975270
19 13 975660
20 13 949631
21 13 789480
13 22 391497
23 13 940110
13 24 952094
25 13 924320
13 26 499294
13 27 901282
28 13 866607
29 13 851086
13 30 861176
31 13 493721
32 13 860434
33 13 945326
13 34 929250
13 35 553610
36 13 691503
37 13 966434
13 38 414480
39 13 808122
40 13 856805
41 13 784792
13 42 895447
13 43 912997
13 44 888900
13 45 890327
46 13 406005
47 13 361327
48 13 902892
13 49 558007
13 50 741291
13 51 965851
52 13 601182
13 53 486280
54 13 863784
13 55 948823
13 56 820829
13 57 357892
58 13 846211
13 59 934036
60 13 675686
61 13 455972
13 62 892593
13 63 352961
13 64 973751
13 65 857821
66 13 837190
13 67 879714
68 13 607127
69 13 970214
70 13 906930
71 13 388324
13 72 875394
13 73 628458
74 13 817910
75 13 731932
13 76 785025
77 13 956074
13 78 941241
79 13 890381
80 13 826986
81 13 952019
82 13 627909
83 13 621581
84 13 877440
13 85 947580
86 13 453070
13 87 908824
88 13 911287
89 13 702446
13 90 794380
13 91 951350
92 13 450710
13 93 902720
94 13 902362
95 13 955604
96 13 946093
13 97 845350
13 98 715554
13 99 631617
15 14 598278
14 16 637786
17 14 677820
18 14 859384
14 19 860391
20 14 823282
14 21 919636
22 14 574855
23 14 811513
24 14 827206
25 14 790868
26 14 670722
14 27 951816
28 14 712567
29 14 967986
14 30 703095
14 31 665807
32 14 975774
33 14 816942
14 34 925675
35 14 715882
36 14 835573
37 14 847975
14 38 595496
39 14 934110
40 14 973709
14 41 913972
14 42 749726
14 43 772627
14 44 961958
14 45 744201
46 14 587961
14 47 548077
14 48 761442
14 49 721281
14 50 879085
14 51 847073
52 14 757582
14 53 658156
14 54 708959
14 55 904403
56 14 647637
14 57 545018
14 58 683996
59 14 804093
60 14 822670
14 61 630432
14 62 747976
14 63 538703
64 14 856645
65 14 697934
66 14 673114
67 14 730631
68 14 765113
14 69 880316
70 14 946006
14 71 572088
72 14 973794
73 14 783624
14 74 943478
14 75 869676
76 14 916503
77 14 831742
78 14 913371
79 14 960814
80 14 658512
14 81 825054
14 82 780593
14 84 971977
14 85 905522
14 86 628190
14 87 768284
88 14 942756
89 14 844602
14 90 924260
91 14 902259
92 14 625394
14 93 950573
94 14 759843
95 14 897830
14 96 818304
97 14 682728
98 14 858218
14 99 785779
16 15 949916
15 17 920812
15 18 407329
19 15 409314
15 20 351391
15 21 683806
15 22 964246
15 23 332782
24 15 357367
25 15 300751
15 26 926517
15 27 551745
15 28 178432
29 15 615991
15 30 164172
15 31 930412
32 15 604703
15 33 341631
34 15 511240
15 35 886875
15 36 776406
37 15 390058
38 15 979754
15 39 664240
40 15 608972
41 15 688525
15 42 236795
15 43 272692
44 15 567653
45 15 227850
15 46 974229
47 15 944334
15 48 254667
49 15 883926
50 15 731330
51 15 388472
15 52 850732
53 15 935419
15 54 172816
15 55 477950
15 56 77934
57 15 942341
15 58 134129
59 15 321552
15 60 790091
15 61 955913
62 15 233971
15 63 937139
64 15 403222
65 15 156275
15 66 117385
15 67 207050
15 68 846372
69 15 439889
70 15 542809
71 15 962283
15 72 586035
15 73 829087
74 15 653522
75 15 740046
15 76 687866
15 77 364639
78 15 491448
79 15 565825
15 80 94281
81 15 354531
15 82 829672
15 83 835012
84 15 583534
15 85 479753
15 86 958010
87 15 265613
15 88 537897
15 89 766662
90 15 678449
91 15 474372
92 15 959559
15 93 549818
94 15 252384
15 95 467663
15 96 343677
15 97 132177
98 15 754559
15 99 826924
17 16 950861
16 18 452635
16 19 453973
20 16 399504
21 16 721503
22 16 932239
23 16 380503
16 24 404811
25 16 348597
16 26 956439
16 27 594055
16 28 230212
16 30 218145
16 31 960066
16 32 646405
16 33 390459
34 16 555579
16 35 920707
16 36 813192
16 37 435267
16 38 947689
39 16 703459
40 16 649658
41 16 728067
42 16 288440
43 16 324002
16 44 607747
45 16 278580
16 46 942004
16 47 911555
16 49 916288
16 50 768004
51 16 433736
52 16 885545
16 53 966342
16 54 224545
55 16 520629
16 56 135086
58 16 188012
16 59 368741
16 61 976068
16 62 283690
16 64 449220
16 65 210998
16 66 170459
67 16 257539
16 68 878436
71 16 930182
73 16 861646
16 74 691611
75 16 778093
76 16 724495
77 16 412583
16 78 534000
16 79 605974
16 80 148879
16 81 403708
16 82 865154
16 83 867416
84 16 626111
16 85 522377
86 16 974003
87 16 316037
16 88 581576
89 16 803959
90 16 715353
16 91 517227
16 92 972480
93 16 592221
94 16 302939
16 95 512653
16 96 392174
97 16 186203
16 98 789263
16 99 860460
17 18 497771
19 17 499517
17 20 444994
21 17 758443
22 17 902295
23 17 427475
17 24 450643
25 17 397219
17 26 976487
27 17 633903
28 17 281954
29 17 694443
17 30 268457
17 31 972793
32 17 683809
33 17 435779
17 34 595687
17 35 949849
36 17 845702
37 17 481351
17 38 918537
39 17 739967
17 40 687860
17 41 762835
17 42 336938
43 17 370764
44 17 648809
45 17 328538
17 46 912692
17 47 881295
48 17 353829
49 17 947118
50 17 803242
17 51 479874
52 17 915777
17 53 966668
17 54 276665
17 55 564229
56 17 187124
17 57 879044
17 58 240158
17 59 416769
60 17 858624
61 17 945366
62 17 334202
63 17 873748
64 17 493882
65 17 260996
66 17 224265
17 67 308807
68 17 911614
17 69 528478
70 17 625382
17 71 900204
72 17 666231
17 74 729903
17 75 811413
76 17 762155
17 77 457479
17 78 577094
79 17 647090
80 17 202599
81 17 447916
82 17 895916
17 83 900918
17 84 663839
17 85 565923
86 17 943631
87 17 364121
17 88 620818
89 17 836503
17 90 753283
17 91 560935
92 17 941342
93 17 632085
17 94 351655
17 95 554617
17 96 437716
17 97 238315
98 17 825033
17 99 893386
19 18 980530
18 20 955691
18 21 782085
22 18 381102
18 23 947322
24 18 958595
25 18 932159
26 18 489673
27 18 894473
18 28 875790
18 29 842335
18 30 868824
18 31 484058
32 18 852123
18 33 951051
34 18 921999
35 18 541931
36 18 681322
18 37 973286
38 18 404247
18 39 799959
40 18 849358
41 18 775321
18 42 902535
43 18 918976
18 44 883113
18 45 898710
46 18 395712
47 18 350728
18 48 911191
18 49 548030
50 18 733034
18 51 972724
52 18 590031
53 18 475705
54 18 873030
18 55 943996
18 56 828666
18 57 347269
58 18 855165
59 18 941644
60 18 666019
18 61 444181
18 62 901167
63 18 340552
64 18 979874
65 18 865023
66 18 847045
67 18 888582
18 68 598364
69 18 965795
18 70 901407
71 18 377905
72 18 868111
18 73 619875
18 74 811205
18 75 721925
18 76 777954
77 18 961771
78 18 936270
79 18 884612
18 80 836821
81 18 956783
18 82 616842
83 18 612938
84 18 869001
18 85 942729
86 18 441639
18 87 915993
18 88 903638
18 89 692051
90 18 787411
91 18 946565
18 92 438543
18 93 895897
18 94 909932
95 18 949435
18 96 952073
18 97 854237
18 98 707769
99 18 622728
20 19 954172
21 19 782947
19 22 382627
23 19 945763
24 19 957088
25 19 931072
26 19 491391
19 27 895101
28 19 874033
29 19 843078
19 30 866913
19 31 485941
19 32 852846
19 33 949512
19 34 922555
35 19 543157
36 19 682351
19 37 972877
38 19 406673
19 39 800787
19 40 850088
41 19 776194
19 42 900776
19 43 917293
44 19 884798
19 45 896931
19 46 397750
47 19 352515
48 19 909468
49 19 549249
19 50 733981
51 19 972019
52 19 591193
53 19 477016
19 54 871477
19 55 945521
19 56 826575
57 19 349466
58 19 853190
19 59 941079
60 19 667072
19 61 445530
62 19 900044
19 63 342020
64 19 978463
19 65 863096
66 19 846064
19 67 887789
68 19 600293
69 19 966470
70 19 903048
71 19 379464
19 72 868800
19 73 622000
19 74 812135
75 19 722889
19 76 779853
77 19 960280
78 19 937123
19 79 886184
19 80 834762
19 81 955272
19 82 617966
83 19 614651
19 84 869687
19 85 944258
19 86 442991
19 87 914294
88 19 904242
19 89 693063
90 19 789079
91 19 947579
92 19 439898
93 19 896521
19 94 908205
19 95 949913
96 19 950538
19 97 852258
19 98 709787
99 19 623845
21 20 741912
20 22 324294
20 23 973602
25 20 959835
27 20 861904
20 28 909738
29 20 806459
32 20 816827
34 20 891546
35 20 492048
36 20 637152
20 39 761618
20 40 813857
20 41 735675
42 20 934657
20 43 949236
20 44 848577
20 45 930364
20 46 339397
20 47 292934
48 20 941263
20 49 497944
20 50 690748
51 20 964808
53 20 422997
54 20 907272
20 55 914100
20 57 289359
20 58 892079
20 59 968242
60 20 621153
20 63 283651
20 65 901261
20 66 884129
20 67 921060
20 68 549444
69 20 937871
20 70 868147
20 71 320981
20 72 833801
20 73 571825
74 20 772232
20 75 679640
20 76 737212
20 77 976155
78 20 905678
20 80 875353
81 20 979671
20 82 569917
83 20 564598
20 84 834778
85 20 912717
20 86 388102
87 20 946481
20 88 871793
20 89 648374
90 20 747162
91 20 916872
20 92 384919
20 93 863472
20 94 940852
20 95 921244
96 20 978707
97 20 891337
20 98 663576
20 99 575124
22 21 661929
23 21 728517
21 24 746295
25 21 704703
21 26 751795
27 21 886511
28 21 616782
21 29 932703
30 21 606731
31 21 747195
32 21 924601
33 21 734807
34 21 857157
21 35 794559
21 36 905385
21 37 769001
38 21 681159
39 21 967677
40 21 927808
21 41 976764
21 42 659176
43 21 684984
44 21 897213
21 45 652774
46 21 674074
47 21 636485
21 48 671947
21 49 799643
50 21 945207
21 51 767946
52 21 833379
53 21 740658
21 54 612543
55 21 832467
21 56 544388
21 57 633606
58 21 585184
59 21 719611
60 21 893562
21 61 714644
62 21 656456
63 21 628270
21 64 779406
21 65 600958
66 21 572261
67 21 636969
68 21 839751
21 69 805370
70 21 879272
71 21 659312
72 21 911243
21 73 856912
21 74 959657
21 75 936563
76 21 978451
21 77 751443
21 78 842506
79 21 895916
21 80 556393
81 21 743990
82 21 854680
21 83 851425
84 21 909273
21 85 833739
21 86 712537
87 21 680029
21 88 876380
89 21 913649
21 90 977211
91 21 830017
21 92 709876
21 93 885115
21 94 670517
95 21 825793
96 21 736322
21 97 583763
98 21 925521
99 21 859515
22 23 305385
22 24 330360
25 22 272406
22 26 908128
22 27 527798
28 22 148581
29 22 593064
30 22 134135
22 31 911925
32 22 581596
33 22 314384
34 22 486663
35 22 868208
36 22 755999
37 22 363071
22 38 965916
39 22 642063
40 22 585925
22 41 666738
22 42 207898
43 22 244365
44 22 543456
45 22 198803
22 46 971978
47 22 962099
48 22 226040
22 49 865199
22 50 710203
22 51 361455
22 52 831495
22 53 917502
54 22 142659
22 55 452343
56 22 46547
22 57 959880
58 22 103612
22 59 293485
60 22 769894
61 22 938326
22 62 204524
63 22 955231
22 64 376935
65 22 126118
66 22 86108
22 67 177183
22 68 826555
69 22 414026
70 22 518222
71 22 979976
22 72 562628
73 22 809000
74 22 631145
22 75 719069
76 22 665559
77 22 337752
22 78 466309
79 22 541598
22 80 63134
81 22 327494
82 22 810105
83 22 815025
84 22 560097
85 22 454176
86 22 940453
22 87 237166
22 88 513740
89 22 746105
90 22 655992
91 22 448771
22 92 942032
93 22 525841
94 22 223727
95 22 442396
96 22 316460
22 97 101630
98 22 733302
22 99 807297
23 24 971366
25 23 968744
26 23 418987
27 23 850031
28 23 920823
29 23 793408
30 23 915051
23 31 413099
32 23 803976
33 23 977397
34 23 880365
23 35 474167
36 23 621241
23 37 955487
23 38 329583
39 23 747717
40 23 800938
23 41 721324
42 23 943746
23 43 957679
44 23 837348
23 45 940565
23 46 320658
47 23 273685
48 23 950988
23 49 480539
50 23 676151
51 23 956779
23 52 524763
53 23 404626
54 23 918459
23 55 904471
23 56 880833
23 57 270070
23 58 903504
59 23 976777
60 23 605002
23 61 371620
62 23 942372
63 23 263350
64 23 949291
23 65 911778
66 23 896302
23 67 931635
23 68 533255
23 69 928922
23 70 857358
71 23 302032
23 72 821290
73 23 555936
23 74 759473
23 75 664379
76 23 723843
23 77 967584
23 78 895809
79 23 838964
80 23 887932
81 23 971270
82 23 553056
83 23 548609
84 23 822297
23 85 903048
23 86 368961
87 23 955224
88 23 860132
23 89 632633
90 23 733963
23 91 907313
92 23 365748
93 23 851611
94 23 950087
95 23 910843
96 23 976748
23 97 902708
23 98 649017
23 99 559215
25 24 957429
27 24 865109
24 28 906692
24 29 809981
24 32 820289
34 24 894507
35 24 497019
36 24 641532
39 24 765395
40 24 817342
41 24 739587
24 42 931417
24 43 946186
44 24 852339
24 45 927578
24 46 345412
47 24 299102
48 24 938617
24 49 503300
24 50 695376
51 24 967610
24 53 428583
24 54 904196
55 24 917382
24 57 295539
24 58 888799
59 24 965946
24 60 625605
24 63 289348
24 65 897601
24 66 880763
67 24 918164
68 24 554694
24 69 940949
70 24 871777
71 24 327059
24 72 837161
73 24 576985
24 74 776453
75 24 683825
24 76 741616
24 77 978333
78 24 909032
24 80 871867
24 81 980209
82 24 574582
83 24 569788
24 84 838129
24 85 916011
86 24 393451
24 87 943555
24 88 874898
89 24 652703
24 90 751515
24 91 920133
92 24 390277
24 93 866637
24 94 938110
24 95 923971
96 24 976027
97 24 887959
24 98 668337
99 24 580272
26 25 388523
27 25 830195
25 28 937310
29 25 771617
25 30 931548
25 31 382632
25 32 782525
25 33 963919
34 25 861753
25 35 444165
36 25 594588
37 25 941374
38 25 297501
39 25 724481
40 25 779368
25 41 697323
42 25 958039
25 43 970870
44 25 817863
45 25 955164
25 46 288406
47 25 240356
48 25 964985
49 25 450656
50 25 650892
25 51 942734
52 25 495849
53 25 373179
25 54 935336
55 25 887706
25 56 899940
57 25 236883
25 58 920929
59 25 973653
25 60 577941
61 25 339527
25 62 957591
63 25 229234
25 64 933960
25 65 928507
66 25 915059
67 25 947666
68 25 505338
25 69 913021
25 70 838621
25 71 269015
72 25 800417
25 73 528529
74 25 736969
25 75 638831
76 25 700720
25 77 953409
25 78 878430
79 25 819530
25 80 906575
25 81 957384
25 82 524788
25 83 521032
84 25 801475
25 85 886215
25 86 336817
87 25 968647
88 25 840704
25 89 606269
25 90 711129
91 25 890653
92 25 333553
93 25 831843
94 25 963916
95 25 893557
96 25 963219
97 25 920191
98 25 623871
25 99 531066
26 27 626565
28 26 272656
26 29 687445
26 32 676751
26 34 588139
35 26 944271
26 36 839544
26 39 733219
26 40 680822
26 41 756217
42 26 327950
26 43 361966
26 44 641513
26 45 319500
46 26 918436
26 47 887230
48 26 344931
26 49 941520
50 26 796844
26 51 471638
26 53 972165
54 26 267337
55 26 556463
26 57 884953
26 58 230630
59 26 408183
60 26 852536
26 63 879716
26 65 251588
66 26 214609
26 67 299621
68 26 905778
69 26 520550
26 70 617956
71 26 906049
26 72 659073
26 73 889384
74 26 723095
26 75 805065
76 26 755489
77 26 449161
26 78 569436
26 80 192861
81 26 439548
82 26 890038
83 26 895022
84 26 656671
85 26 558167
86 26 949251
26 87 355283
88 26 613410
89 26 830295
90 26 746567
91 26 553149
26 92 946971
26 93 624737
26 94 342747
26 95 546839
96 26 429288
97 26 228777
26 98 818717
99 26 887488
27 28 757250
29 27 938535
30 27 749655
27 31 621482
27 32 946803
33 27 855969
34 27 957493
27 35 674839
27 36 799258
37 27 883495
38 27 548891
27 39 902619
27 40 944570
41 27 881401
42 27 793208
43 27 814570
27 44 971441
45 27 787158
27 46 541116
47 27 500008
48 27 803055
27 49 680028
27 50 844272
27 51 882674
27 52 718075
27 53 614741
54 27 753713
27 55 936197
27 56 697842
57 27 496853
27 58 731380
27 59 842529
27 60 785779
27 61 586437
62 27 790138
63 27 491852
27 64 892478
65 27 744818
66 27 720217
67 27 773927
27 68 724388
27 69 913780
27 70 975046
27 71 524905
27 72 960207
27 73 743619
74 27 911161
27 75 834921
27 76 882546
27 77 869797
27 78 944598
79 27 972712
27 80 707157
81 27 863514
82 27 741998
27 83 737442
27 84 960869
85 27 937235
86 27 584123
87 27 810415
88 27 973440
89 27 808695
27 90 890711
27 91 934215
92 27 581255
93 27 980771
27 94 802287
95 27 931511
27 96 857250
97 27 730281
98 27 821405
99 27 746498
28 29 691312
28 30 977697
31 28 266201
28 32 703500
28 33 914910
28 34 793416
28 35 332948
28 36 495979
37 28 886511
28 38 174990
28 39 638736
28 40 699895
41 28 608698
42 28 963106
43 28 948493
28 44 742776
45 28 967053
28 46 165255
47 28 114151
28 48 957368
49 28 339887
50 28 557531
28 51 888127
52 28 388728
28 53 256522
54 28 980397
28 55 822859
28 56 955899
57 28 110212
28 58 970566
59 28 926662
28 60 477796
28 61 220438
28 62 964999
28 63 102529
28 64 877975
28 65 975528
28 66 966244
28 67 973560
28 68 398507
69 28 852818
70 28 766350
28 71 144928
28 72 723568
73 28 423618
28 74 652504
28 75 544382
28 76 611937
28 77 901776
28 78 812253
79 28 744635
28 80 960790
81 28 906839
82 28 420099
83 28 415481
84 28 724818
28 85 821112
28 86 217536
28 87 952228
28 88 769295
89 28 508748
90 28 623434
28 91 826268
92 28 214080
28 93 759154
28 94 957722
28 95 830212
96 28 914018
97 28 970046
28 98 527472
28 99 426825
29 30 683410
31 29 682600
32 29 974225
33 29 800389
34 29 912554
29 35 734659
29 36 852094
37 29 830322
29 38 613239
39 29 947809
40 29 976288
29 41 929159
29 42 731095
29 43 755352
29 44 947467
45 29 724210
46 29 605804
47 29 566430
29 49 738358
29 50 893354
29 51 829386
52 29 775605
29 53 676199
54 29 687430
55 29 888314
56 29 627176
29 58 662797
59 29 785216
29 61 649843
62 29 727535
64 29 840110
65 29 678643
29 66 650599
29 67 709714
68 29 780406
29 71 590307
29 73 798617
74 29 955517
29 75 885763
29 76 928976
29 77 815373
29 78 897520
79 29 946289
80 29 636159
81 29 809523
29 82 798350
29 83 792780
29 84 960526
29 85 889467
29 86 647253
29 87 749767
89 29 861239
90 29 936563
29 91 886102
92 29 645205
29 93 937296
29 94 740834
95 29 883313
29 96 801509
97 29 661583
29 98 871881
29 99 801360
32 30 695738
34 30 786823
35 30 321665
30 36 486075
30 39 629895
30 40 691612
41 30 599886
30 42 959698
43 30 944875
30 44 733682
30 45 962574
30 46 150904
47 30 99443
30 48 952350
49 30 327777
50 30 547237
30 51 881273
53 30 243814
54 30 979057
30 55 814885
30 57 95476
58 30 974200
59 30 920641
60 30 467534
30 63 89552
65 30 979856
66 30 969247
67 30 968967
30 68 385941
69 30 845320
70 30 757564
30 71 130430
30 72 715654
30 73 411262
74 30 642343
30 75 534933
30 76 601345
77 30 896756
30 78 804111
30 80 964467
81 30 902192
82 30 409530
30 83 403055
30 84 717315
30 85 813110
30 86 205151
87 30 948067
30 88 762366
89 30 498963
90 30 612961
30 91 818343
30 92 201894
93 30 751625
30 94 953475
95 30 823927
30 96 909212
97 30 973791
30 98 516047
99 30 414953
32 31 671864
34 31 582909
35 31 940420
36 31 835287
39 31 728549
31 40 675949
41 31 751638
42 31 321712
31 43 355861
31 44 636644
45 31 313227
46 31 922357
47 31 891095
31 48 338756
49 31 937655
50 31 792419
31 53 975738
54 31 260861
31 55 551265
57 31 888984
58 31 224014
31 59 402411
31 60 848328
63 31 883603
65 31 245056
66 31 208088
67 31 293429
31 68 901931
31 69 515054
70 31 612996
71 31 909854
31 72 654116
31 73 885474
74 31 718383
31 75 800675
76 31 751061
31 77 443392
31 78 564129
80 31 186098
81 31 433744
31 82 885977
31 83 891133
31 84 651707
31 85 552976
86 31 952906
87 31 349150
31 88 608278
31 89 826003
31 90 742104
31 91 547881
31 92 950632
31 93 619647
94 31 336565
95 31 541448
96 31 423442
31 97 222154
31 98 814534
31 99 883413
33 32 810857
32 34 921242
35 32 724053
36 32 842956
37 32 840290
38 32 601933
39 32 939911
40 32 978990
32 41 920731
42 32 742663
32 43 766502
32 44 955575
45 32 735878
46 32 594438
47 32 554758
48 32 753105
32 49 728114
50 32 884742
51 32 839374
32 52 765497
32 53 665403
54 32 699678
55 32 897362
32 56 640084
32 57 551715
58 32 675445
32 59 795904
32 60 829525
32 61 638819
32 62 739143
32 63 547470
32 64 849938
32 65 690955
66 32 663427
32 67 721602
32 68 770570
32 69 873045
32 70 939441
32 71 578815
72 32 969141
32 73 788961
74 32 947739
32 75 876799
32 76 920832
77 32 825601
32 78 906428
79 32 954417
32 80 649227
81 32 819531
82 32 788356
83 32 783064
32 84 968134
85 32 898495
86 32 636211
32 87 761035
88 32 938577
89 32 851917
32 90 928521
32 91 895190
32 92 634081
32 93 945584
32 94 752242
32 95 892461
32 96 811957
32 97 674251
98 32 863023
32 99 791728
33 34 886411
35 33 483563
36 33 629652
39 33 754809
33 40 807412
33 41 728955
33 42 939534
43 33 953998
44 33 842507
33 45 935094
33 46 329572
33 47 282854
33 48 945755
49 33 489054
50 33 683218
33 51 960338
53 33 413647
33 54 912495
33 55 908830
57 33 279259
58 33 897642
33 59 972139
60 33 613373
63 33 273956
65 33 907060
66 33 889845
67 33 925977
33 68 540894
69 33 932941
33 70 862297
33 71 311051
33 72 827641
33 73 563425
33 74 765397
75 33 672465
76 33 730072
77 33 972101
33 78 900288
80 33 881273
33 81 975926
33 82 561942
83 33 556148
84 33 828993
85 33 907427
86 33 378797
33 87 950871
88 33 866418
89 33 640959
33 90 740107
91 33 911637
92 33 375789
93 33 857567
33 94 945361
95 33 916291
96 33 981023
97 33 896917
33 98 655841
33 99 566744
34 35 638715
36 34 767271
37 34 911669
34 38 508323
39 34 874133
34 40 918014
34 41 852690
34 42 827402
43 34 848010
44 34 946434
45 34 821452
46 34 500338
47 34 458159
34 48 836341
34 49 643177
34 50 813133
51 34 910920
52 34 683295
34 53 575958
54 34 790095
34 55 961059
56 34 738626
34 57 454920
34 58 769202
59 34 873295
34 60 752722
61 34 547512
62 34 824216
34 63 450332
64 34 920148
34 65 782650
66 34 758687
34 67 809013
68 34 688965
34 69 940082
70 34 962308
34 71 483686
34 72 934594
73 34 708826
34 74 882941
75 34 804299
34 76 853045
77 34 899151
78 34 968956
34 79 947768
34 80 746491
81 34 893858
34 82 708016
34 83 702439
34 84 936085
85 34 962025
86 34 544757
34 87 843269
88 34 966212
34 89 777065
90 34 861567
34 91 959221
34 92 542422
34 93 958735
94 34 835645
34 95 956993
96 34 887344
34 97 768175
34 98 789405
34 99 711789
35 36 880760
37 35 525571
39 35 777635
40 35 727082
35 41 800787
35 42 387704
35 43 421138
44 35 687635
35 45 378404
46 35 878534
35 47 846402
48 35 402673
49 35 977584
35 50 838260
51 35 524152
35 52 948745
53 35 935439
35 54 327617
35 55 605781
56 35 243698
57 35 843951
58 35 293324
35 59 463077
35 60 892618
35 61 914479
35 62 383178
63 35 840742
64 35 538740
35 65 314966
35 66 276779
35 67 358595
68 35 941972
35 69 571404
70 35 664962
35 71 866019
72 35 706231
35 73 926190
74 35 766459
75 35 847789
76 35 797327
77 35 504343
35 78 618368
79 35 685974
35 80 256543
81 35 496182
35 82 929666
35 83 931624
84 35 705083
35 85 607417
86 35 912315
87 35 413621
35 88 663144
35 89 872241
90 35 788745
91 35 602603
35 92 910693
35 93 673117
94 35 401307
95 35 598365
35 96 485166
35 97 291627
98 35 858175
35 99 925116
38 36 773906
39 36 890431
36 40 845591
36 41 910796
42 36 544628
43 36 574315
44 36 810478
36 45 536313
46 36 767311
36 47 732221
36 48 557824
36 49 884157
36 50 944161
51 36 665513
36 52 916444
53 36 829726
54 36 491239
36 55 737883
56 36 416685
57 36 729538
36 58 460886
59 36 611333
60 36 970628
61 36 806562
36 62 540496
36 63 725923
36 64 678525
36 65 480102
36 66 446114
36 67 518671
68 36 920493
69 36 707446
70 36 790366
71 36 753578
72 36 827104
36 73 936184
74 36 880437
36 75 952489
76 36 907759
77 36 648068
78 36 749091
79 36 809014
36 80 428242
36 81 640502
36 82 935883
83 36 931187
84 36 825825
36 85 739322
86 36 804224
36 87 567590
36 88 788924
36 89 974009
36 91 735099
36 92 802398
93 36 797733
94 36 556655
95 36 731452
36 96 631058
36 97 459386
98 36 961712
99 36 938591
37 39 787181
37 40 837462
41 37 762138
37 42 912200
43 37 928071
37 44 872972
37 45 908525
46 37 378364
37 47 332619
48 37 920586
37 49 531733
50 37 719185
51 37 980757
53 37 458580
54 37 884057
55 37 935349
37 57 329530
58 37 866450
59 37 951007
60 37 651216
63 37 322014
65 37 875948
66 37 859640
67 37 899789
68 37 583457
37 69 956874
70 37 891742
37 71 359868
37 72 856584
73 37 605464
74 37 798729
37 75 707923
76 37 765869
37 77 969426
37 78 926607
80 37 848736
81 37 964588
82 37 601400
83 37 598015
84 37 857501
85 37 934256
86 37 424145
87 37 925208
37 88 892876
89 37 677617
90 37 775233
37 91 937373
37 92 421022
93 37 884955
37 94 919357
37 95 939807
96 37 960058
37 97 865552
98 37 694787
99 37 607349
39 38 661563
38 40 606208
41 38 685887
38 42 233446
38 43 269400
44 38 565311
45 38 224486
38 46 975922
38 47 946038
48 38 251345
49 38 881594
38 50 728758
38 51 385506
53 38 933168
38 54 169365
55 38 475515
57 38 944193
38 58 130618
38 59 318761
60 38 787612
38 63 938854
65 38 152800
66 38 114295
67 38 204123
38 68 844166
38 69 436858
70 38 540476
38 71 963957
38 72 583235
38 73 827080
38 74 650827
38 75 737489
76 38 685695
77 38 361491
38 78 488498
80 38 90707
81 38 351368
82 38 827256
83 38 832602
84 38 580731
38 85 477321
38 86 955795
38 87 262309
38 88 535022
89 38 764147
38 90 676017
91 38 471395
38 92 957347
38 93 546961
94 38 249059
95 38 464677
96 38 340496
38 97 128663
98 38 752559
38 99 824502
40 39 942922
39 41 963370
42 39 681048
43 39 706210
39 44 912231
39 45 673844
39 46 654378
39 47 616279
39 48 692541
39 49 782257
50 39 930453
51 39 786160
39 52 817095
53 39 722398
54 39 634599
39 55 849083
39 56 569082
57 39 613360
39 58 608266
59 39 739015
60 39 878368
61 39 696490
39 62 677424
39 63 608926
39 64 797564
65 39 624258
39 66 595303
39 67 658413
68 39 822605
39 69 822666
70 39 894732
71 39 639406
39 72 926847
73 39 840066
39 74 973145
39 75 922259
76 39 964125
77 39 771037
78 39 858884
79 39 910968
80 39 579843
81 39 763754
39 82 838776
39 83 834479
84 39 924957
85 39 850321
39 86 694353
39 87 701101
88 39 892880
39 89 898865
90 39 971287
39 91 846701
92 39 691662
39 93 901295
94 39 691573
39 95 843551
96 39 756290
39 97 606967
98 39 910005
99 39 842709
40 41 923054
42 40 739041
40 43 762341
44 40 953398
40 45 732455
40 46 598733
47 40 559155
40 48 749780
49 40 732035
50 40 888119
51 40 836539
40 52 768398
53 40 669508
54 40 696052
40 55 894856
40 56 635209
40 57 556120
58 40 671679
40 59 792824
40 60 832832
40 62 735741
63 40 551355
64 40 847159
65 40 686367
40 66 659598
67 40 718102
40 68 774355
69 40 870399
40 70 937173
71 40 583152
72 40 966952
73 40 792686
40 74 950838
75 40 879304
40 76 924053
40 77 822464
40 78 903971
40 79 952233
80 40 645314
81 40 815671
82 40 791181
40 83 786809
84 40 965114
40 85 895996
40 86 640146
87 40 757752
40 88 935389
40 89 854518
40 90 931708
91 40 892670
40 92 637368
93 40 943332
40 94 748910
40 95 889686
40 96 808795
97 40 670478
98 40 866482
99 40 795445
41 42 652511
41 43 679238
41 44 891373
45 41 644976
46 41 678832
41 47 641396
41 48 664303
49 41 804280
41 50 948940
51 41 761072
52 41 839361
53 41 745617
41 54 604426
55 41 826110
56 41 537742
41 57 638529
58 41 577193
59 41 712352
60 41 898387
41 61 720705
41 62 648691
41 63 634592
41 64 772836
65 41 594599
66 41 563825
67 41 629050
68 41 843744
69 41 798793
70 41 873289
41 71 664133
72 41 906439
41 73 860815
74 41 954312
41 75 941995
41 76 978826
41 77 745499
41 78 836226
41 79 890065
80 41 547825
41 81 738939
41 82 860602
83 41 855358
41 84 905542
41 85 827393
86 41 718229
87 41 673133
41 88 872177
41 89 919235
90 41 972009
41 91 823638
92 41 716295
93 41 880032
94 41 663290
95 41 820459
96 41 730205
41 97 575849
41 98 929025
41 99 863406
43 42 969304
44 42 778261
42 45 978428
46 42 224021
47 42 174498
48 42 975725
42 49 393788
42 50 602912
42 51 913692
52 42 441500
53 42 313321
54 42 961252
42 55 853384
42 56 933130
42 57 170683
58 42 950139
42 59 948538
42 60 527189
42 61 279007
42 62 979725
42 63 164787
42 64 905116
65 42 957105
66 42 944025
67 42 971368
42 68 449368
69 42 881235
70 42 800471
71 42 204345
72 42 761525
73 42 473549
74 42 692736
75 42 591016
42 76 654056
77 42 927655
78 42 843522
79 42 780027
80 42 937697
81 42 932207
42 82 471693
42 83 465722
85 42 851761
86 42 276198
42 87 972240
88 42 804769
89 42 556870
90 42 665026
91 42 856576
92 42 272835
93 42 795026
42 94 976736
95 42 861780
96 42 938667
42 97 949601
98 42 573280
42 99 477088
43 44 800136
45 43 965479
46 43 260165
47 43 211611
43 48 974418
43 49 426379
50 43 630335
51 43 929487
52 43 473718
53 43 347660
54 43 946447
55 43 872219
56 43 915899
43 57 207872
58 43 934054
59 43 962072
43 60 556674
61 43 314464
62 43 966968
63 43 202409
43 64 921443
43 65 942498
66 43 927364
43 67 957715
68 43 480667
43 69 898778
43 70 821510
71 43 240888
43 72 784046
73 43 504278
43 74 717518
43 75 619472
43 76 679997
43 77 942690
78 43 862813
79 43 801845
80 43 920268
81 43 947629
43 82 503189
83 43 496641
43 84 786008
43 85 870672
43 86 311334
87 43 978796
43 88 826385
89 43 586238
90 43 690644
43 91 875278
43 92 308720
43 93 816312
43 94 974147
43 95 880292
43 96 952980
97 43 933452
98 43 601482
99 43 507741
45 44 773006
44 46 557168
44 47 516166
48 44 789491
44 49 693146
44 50 855302
51 44 871782
52 44 730359
53 44 628549
44 54 739374
55 44 926916
44 56 680654
44 57 513449
44 58 715447
44 59 830972
60 44 797191
61 44 600217
62 44 776965
44 63 506584
44 64 880482
65 44 728737
66 44 705793
44 67 760794
44 68 738546
44 69 903127
44 70 966683
71 44 540625
72 44 968707
44 73 757763
74 44 921919
44 75 845621
76 44 894732
44 77 856659
78 44 934760
44 79 980683
80 44 691097
44 81 850241
82 44 753978
44 83 751244
44 84 969345
44 85 927981
86 44 597927
44 87 796009
88 44 962759
89 44 819779
44 90 902515
44 91 924326
44 92 595083
93 44 970252
44 94 787946
44 95 919831
44 96 843815
44 97 714233
98 44 834561
99 44 759276
45 46 215011
47 45 165233
45 48 973260
49 45 385161
45 50 595733
45 51 910037
45 52 432520
53 45 304188
54 45 965250
45 55 848929
56 45 936771
45 57 161398
45 58 954019
59 45 945478
45 60 518754
61 45 269092
45 62 979759
45 63 154277
64 45 900993
65 45 960049
66 45 948516
45 67 975060
45 68 441633
45 69 877120
45 70 795436
71 45 195230
45 72 755062
45 73 465964
74 45 686716
45 75 583026
76 45 647731
45 77 923026
78 45 838947
79 45 774787
80 45 942374
45 81 927647
82 45 462903
83 45 458087
84 45 756234
85 45 847286
86 45 266268
45 87 968876
88 45 798579
89 45 548640
90 45 658786
45 91 852156
92 45 262890
45 93 788958
94 45 973746
45 95 856220
45 96 934280
45 97 953410
45 98 566360
99 45 469447
47 46 952202
46 48 242010
49 46 875559
46 50 721923
46 51 376765
52 46 842144
53 46 927403
46 54 159600
46 55 466854
46 56 64081
57 46 950265
58 46 120653
46 59 309390
46 60 781087
46 61 948040
46 62 221211
46 63 945051
64 46 391579
46 65 142955
66 46 103832
46 67 194108
68 46 837785
46 69 428493
46 70 532155
46 71 970031
72 46 575640
73 46 820383
74 46 643582
46 75 730704
46 76 678200
77 46 352736
46 78 480403
79 46 555327
46 80 80532
46 81 342563
82 46 820941
83 46 826307
46 84 573126
85 46 468670
46 86 950150
87 46 253034
88 46 527177
89 46 757502
46 90 668718
91 46 463210
92 46 951712
46 93 539176
46 94 239714
46 95 456462
97 46 118688
46 98 745348
46 99 818167
47 48 192946
49 47 843325
47 50 685609
47 51 330969
47 52 809043
53 47 896546
55 47 423455
56 47 10325
47 57 979754
58 47 68376
47 59 261809
60 47 746354
61 47 917744
47 62 171284
47 63 974947
64 47 346493
65 47 91290
47 66 50794
67 47 143467
47 68 804229
69 47 384376
47 70 490490
71 47 964086
72 47 535450
73 47 786368
74 47 605177
75 47 694645
76 47 640411
47 77 306630
47 78 437659
47 79 514274
47 80 27184
47 81 296202
47 82 787279
83 47 792495
47 84 532885
47 85 425322
86 47 919905
47 87 204276
47 88 485712
47 89 722157
90 47 630674
91 47 419815
47 92 921518
93 47 498017
94 47 190599
95 47 413110
96 47 284964
97 47 66360
98 47 709344
47 99 784403
48 49 409332
50 48 616096
51 48 922042
52 48 455893
48 53 329647
48 54 955424
55 48 863174
56 48 924432
58 48 943043
48 59 955817
48 61 295083
62 48 974857
64 48 913180
48 65 949637
66 48 937327
67 48 966080
68 48 465062
71 48 222523
48 73 488973
48 74 705343
48 75 603627
48 76 667212
77 48 934261
48 78 853528
48 79 791230
80 48 930411
81 48 938644
82 48 485744
83 48 481236
48 84 772943
85 48 861587
48 86 292301
87 48 977633
88 48 814140
89 48 569913
90 48 678029
48 91 866303
92 48 288965
93 48 804799
48 94 980946
48 95 870017
48 96 944983
48 97 942387
98 48 587507
48 99 492190
49 50 843169
51 49 530321
52 49 951697
49 53 932608
49 54 334577
49 55 611621
49 56 249369
57 49 840866
58 49 300424
59 49 469491
60 49 896624
49 61 910584
62 49 389914
63 49 836705
49 64 544853
49 65 320576
49 66 283942
67 49 365429
49 68 946461
69 49 577384
49 70 670564
71 49 863002
72 49 711186
49 73 930742
49 74 771655
49 75 851103
76 49 802397
77 49 509974
49 78 624159
49 79 691492
80 49 263790
81 49 500736
49 82 932551
83 49 936155
84 49 708859
49 85 613250
86 49 908792
49 87 419996
49 88 667398
49 89 875283
90 49 793850
49 91 608457
92 49 906446
49 93 678275
94 49 407973
49 95 603602
49 96 490926
97 49 298734
98 49 863000
49 99 929675
50 51 718045
50 52 875480
53 50 786484
54 50 553037
55 50 786561
56 50 481069
57 50 682830
58 50 524324
50 59 666735
60 50 932938
50 61 761420
62 50 599670
50 63 678021
64 50 730401
50 65 541124
50 66 510290
50 67 578993
50 68 881225
69 50 757764
50 70 836256
71 50 707686
50 72 870534
73 50 897636
50 74 921571
50 75 973714
76 50 947417
50 77 700874
50 78 797195
79 50 853920
80 50 493402
81 50 692996
50 82 895831
83 50 892399
50 84 868479
85 50 787918
86 50 759388
87 50 625040
50 88 833546
50 89 952000
90 50 940230
50 91 783941
92 50 756802
50 93 842791
50 94 614933
95 50 779814
50 96 684818
50 97 522824
50 98 962920
50 99 900139
52 51 572892
53 51 457076
51 54 885685
55 51 934265
56 51 842645
57 51 327876
51 58 868158
59 51 952043
60 51 649970
61 51 425172
62 51 913036
63 51 320353
64 51 974249
65 51 877608
51 66 861082
51 67 901021
68 51 582073
69 51 956254
70 51 890516
72 51 855702
73 51 603884
51 74 797728
51 75 706766
51 76 764483
77 51 970650
78 51 925895
51 79 873311
80 51 850528
81 51 965832
51 82 600083
83 51 596691
84 51 856622
51 85 932958
51 86 422600
51 87 926640
51 88 892079
89 51 676412
51 90 774110
91 51 936692
92 51 419474
51 93 884138
94 51 920817
51 95 939136
51 96 961326
97 51 867264
98 51 693108
51 99 606039
52 53 900854
52 54 383589
55 52 651513
57 52 806516
52 58 350576
52 59 514057
52 60 927854
52 63 803174
52 65 371450
66 52 334607
67 52 413415
68 52 975352
69 52 618416
70 52 708518
71 52 829230
72 52 748315
52 73 960146
52 74 806303
75 52 884645
76 52 836019
52 77 553851
78 52 663652
80 52 315139
52 81 545792
82 52 963414
52 83 965388
52 84 747075
85 52 653085
86 52 876951
52 87 466457
52 88 706828
89 52 908027
90 52 827757
91 52 648463
52 92 875272
52 93 716417
52 94 454591
52 95 644417
52 96 535378
97 52 348943
52 98 894627
52 99 959136
54 53 250936
55 53 542700
53 56 161266
57 53 894195
58 53 214943
59 53 393026
60 53 842837
61 53 960935
53 62 309217
53 63 890269
53 64 472344
65 53 236245
53 66 197633
67 53 283444
68 53 895296
53 69 506623
70 53 604771
53 71 915413
53 72 647555
73 53 878749
53 74 711198
53 75 794924
76 53 743596
53 77 435671
53 78 555882
53 79 626803
53 80 176377
53 81 425973
53 82 880696
53 83 884438
84 53 645136
53 85 544421
86 53 959224
87 53 340909
88 53 601467
89 53 820392
90 53 734589
91 53 539352
53 92 956959
53 93 612896
94 53 328196
95 53 534267
53 96 415611
53 97 213161
98 53 807419
53 99 877590
54 55 819937
54 56 957709
57 54 104392
58 54 972086
59 54 924577
54 60 472984
54 61 214738
62 54 963382
63 54 96472
64 54 875233
65 54 976928
66 54 968070
67 54 972087
68 54 393617
69 54 850006
54 70 763080
71 54 139000
54 72 719848
54 73 418818
54 74 648427
75 54 539837
54 76 607893
54 77 899238
54 78 809251
79 54 741242
54 80 962520
81 54 904352
82 54 415074
83 54 410651
84 54 721107
85 54 818178
54 86 211827
54 87 950221
88 54 765830
54 89 504059
90 54 619441
91 54 823367
54 92 208362
54 93 755629
94 54 955787
54 95 827125
96 54 911594
97 54 971576
98 54 523071
99 54 421821
56 55 769057
57 55 420550
58 55 799210
55 59 899055
55 60 723468
55 61 512582
55 62 852408
55 63 413356
64 55 941685
65 55 810580
55 66 790996
55 67 838477
68 55 660217
55 69 961290
70 55 943636
55 71 449324
55 72 912092
55 73 680844
74 55 859711
55 75 776081
76 55 829657
55 77 921062
55 78 974295
79 55 928144
80 55 778220
55 81 915444
55 82 676918
55 83 673855
84 55 912871
85 55 980814
86 55 510151
55 87 868732
55 88 944474
89 55 747983
55 90 838239
91 55 979609
92 55 507166
55 93 937473
55 94 861789
55 95 975594
55 96 909978
55 97 798156
98 55 763947
99 55 682545
56 57 6178
56 58 969528
56 59 887368
60 56 396596
63 56 1
65 56 963821
56 66 972834
56 67 944874
56 68 310593
56 69 802552
56 70 706516
56 71 42662
72 56 661096
56 73 337264
74 56 582430
56 75 468684
56 76 538687
77 56 859928
78 56 757203
56 80 978234
56 81 866885
82 56 336153
83 56 328607
56 84 663648
85 56 767102
56 86 120758
56 87 919204
88 56 712119
56 89 430626
56 90 551068
56 91 772830
56 92 117864
56 93 699992
56 94 925692
95 56 778864
96 56 874094
56 97 970054
56 98 448034
99 56 341135
58 57 64345
59 57 258576
61 57 915437
62 57 167775
57 64 343026
57 65 87307
66 57 47133
57 67 139994
68 57 802096
57 71 961871
73 57 784199
74 57 602234
75 57 691886
57 76 637946
77 57 303083
78 57 434380
57 79 511553
80 57 23069
81 57 292635
57 82 784708
83 57 790184
57 84 529798
57 85 422421
57 86 917602
87 57 200521
88 57 482529
57 89 719454
90 57 628189
57 91 416692
92 57 919219
57 93 494858
57 94 186816
95 57 409779
57 96 281373
57 97 62325
98 57 707019
57 99 781824
59 58 909430
60 58 442151
58 61 177985
62 58 951355
63 58 57339
58 64 858070
65 58 975915
66 58 977475
67 58 961020
58 68 359770
58 69 830733
58 70 740033
71 58 99843
58 72 696295
73 58 385571
74 58 621660
58 75 510784
58 76 579686
77 58 883565
78 58 788052
58 79 717375
80 58 973355
81 58 889019
82 58 382821
83 58 377204
58 84 697614
58 85 797371
86 58 175014
58 87 938088
88 58 743977
89 58 474046
90 58 591574
91 58 802780
92 58 171489
93 58 733376
58 94 944134
58 95 807792
58 96 896681
58 97 981491
98 58 492484
58 99 389326
59 60 594950
61 59 359792
62 59 948120
59 63 250808
64 59 943379
65 59 917452
66 59 903705
67 59 938051
59 68 523663
69 59 923144
70 59 851246
59 71 290138
72 59 813422
73 59 546750
74 59 751283
59 75 654861
76 59 716183
59 77 962080
59 78 889565
79 59 832508
59 80 894299
59 81 965868
59 82 542578
83 59 538941
84 59 814447
59 85 897608
59 86 357115
59 87 959701
59 88 852774
59 89 622827
59 90 726203
91 59 901447
59 92 353884
59 93 844133
94 59 954711
59 95 904241
59 96 971472
59 97 908655
59 98 640643
59 99 548779
60 61 819591
62 60 523009
60 64 663174
65 60 460997
60 66 427163
67 60 500848
68 60 932484
71 60 767501
60 73 947965
74 60 868230
60 75 940728
76 60 895984
60 77 632237
60 78 734844
60 79 795703
60 80 409003
60 81 623893
82 60 947027
60 83 943038
84 60 812096
60 85 724931
60 86 817622
87 60 550511
88 60 774619
60 89 962584
60 90 888267
91 60 720636
92 60 815159
60 93 784230
60 94 539408
95 60 716917
96 60 614963
60 97 440627
60 98 950777
99 60 950344
63 61 912480
65 61 200731
61 66 160333
67 61 247930
61 68 872512
61 69 475745
70 61 575945
71 61 936281
61 72 620043
61 73 855623
61 74 684576
61 75 771038
61 76 717658
61 77 403887
78 61 526030
80 61 138621
61 81 394411
82 61 858596
83 61 861426
84 61 618134
61 85 514341
61 86 979877
61 87 306769
61 88 573553
89 61 797038
61 90 708461
61 91 509158
92 61 978023
93 61 584592
61 94 293594
95 61 504551
96 61 383357
61 97 176165
98 61 782811
99 61 854426
63 62 159777
62 65 957505
66 62 946660
67 62 973674
62 68 447080
69 62 879999
62 70 799263
71 62 200993
72 62 758225
62 73 471321
62 74 690612
62 75 587014
76 62 652332
62 77 925007
78 62 842188
62 80 939500
62 81 929577
62 82 467371
83 62 463412
84 62 759388
85 62 850777
62 86 271420
87 62 970326
62 88 801487
62 89 552772
90 62 663336
91 62 855496
92 62 268051
62 93 791926
94 62 975124
95 62 858750
96 62 936147
97 62 950736
62 98 571318
99 62 473894
64 63 336877
63 65 81417
66 63 38616
67 63 131806
68 63 796253
71 63 957199
73 63 778293
63 74 596298
63 75 688138
63 76 631522
77 63 297640
63 78 427637
63 79 504681
80 63 15476
63 81 287473
82 63 781289
83 63 784453
84 63 525476
85 63 415234
63 86 914370
87 63 194334
88 63 478039
63 89 715804
90 63 621730
63 91 409694
63 92 916276
63 93 489888
63 94 180326
95 63 404730
96 63 275801
63 97 55400
63 98 700840
63 99 776977
65 64 867856
66 64 849422
67 64 890677
64 68 594741
64 69 963620
64 70 898864
71 64 373730
72 64 865994
64 73 616312
64 74 808268
64 75 719258
76 64 774895
77 64 963950
78 64 933911
80 64 839542
81 64 958992
82 64 613855
64 83 609355
84 64 866890
64 85 940410
64 86 438196
64 87 918484
64 88 901691
89 64 689288
64 90 784386
91 64 944268
64 92 435094
64 93 893910
94 64 912465
64 95 947740
64 96 954318
97 64 857148
64 98 704472
99 64 619503
65 66 971088
65 67 966594
68 65 379012
69 65 841287
70 65 752795
71 65 122397
65 72 710573
65 73 404453
65 74 636786
65 75 529282
65 76 595544
77 65 893251
78 65 799710
65 79 730629
80 65 966476
65 81 899285
82 65 403239
65 83 396206
84 65 712776
65 85 808789
86 65 197418
65 87 945270
88 65 758111
89 65 493120
65 90 607228
65 91 814066
65 92 194647
93 65 746804
65 94 950774
95 65 819690
65 96 905859
97 65 975520
98 65 509770
99 65 408160
67 66 957153
68 66 345390
69 66 822339
70 66 730775
66 71 82333
72 66 684583
73 66 371687
66 74 609711
75 66 496597
76 66 568106
77 66 875399
66 78 778916
66 79 707628
66 80 976861
81 66 881006
82 66 367194
66 83 362808
84 66 685929
66 85 789121
66 86 157335
66 87 931515
66 88 733030
66 89 459427
66 90 579923
91 66 794115
66 92 153783
66 93 722249
94 66 937777
66 95 797979
96 66 888857
66 97 977853
66 98 479833
99 66 374144
67 68 423681
69 67 866602
70 67 783708
71 67 173596
72 67 741160
73 67 448568
67 74 671881
75 67 566099
76 67 633165
77 67 913458
67 78 827503
67 79 762466
67 80 950173
67 81 918266
67 82 444216
83 67 440159
84 67 742365
67 85 836790
86 67 245073
67 87 961255
88 67 785612
67 89 531185
90 67 644161
67 91 841245
67 92 241662
93 67 775771
94 67 966389
95 67 844639
96 67 925130
67 97 960449
98 67 550485
67 99 450837
68 69 626810
70 68 716848
71 68 824308
72 68 754322
68 73 966826
74 68 813339
75 68 888731
68 76 843513
77 68 560998
68 78 671835
68 79 736960
80 68 325004
81 68 552100
68 82 966983
83 68 971839
68 84 752063
85 68 661778
86 68 870660
87 68 474556
88 68 712234
89 68 911959
90 68 835306
68 91 656937
68 92 868254
68 93 722703
94 68 463021
95 68 650954
68 96 542698
68 97 358060
98 68 901736
68 99 964719
71 69 410927
73 69 647811
69 74 833694
69 75 746944
76 69 801606
77 69 944357
78 69 953972
69 79 904575
69 80 811171
81 69 939079
82 69 644581
83 69 641044
69 84 889294
69 85 960091
86 69 473254
87 69 895563
88 69 922537
69 89 717886
90 69 810774
69 91 963740
69 92 470209
93 69 915136
94 69 889096
69 95 966192
69 96 934021
97 69 829747
98 69 733444
99 69 650348
70 71 515339
70 73 736455
74 70 904680
75 70 826354
76 70 876700
77 70 875921
70 78 951118
79 70 967809
70 80 716607
81 70 869723
82 70 732631
70 83 729806
70 84 953692
85 70 944683
70 86 573616
70 87 817559
88 70 978017
89 70 799888
70 90 884704
70 91 941080
70 92 570733
93 70 976186
70 94 809804
95 70 936717
96 70 863561
70 97 738863
98 70 815062
99 70 738020
71 72 559807
71 73 806717
71 74 628484
75 71 716572
76 71 662980
71 77 334467
71 78 463318
79 71 538763
71 80 59281
81 71 324189
71 82 807796
83 71 812754
71 84 557272
85 71 451161
71 86 938412
71 87 233673
71 88 510819
71 89 743664
90 71 653393
71 91 445744
92 71 939995
93 71 522944
94 71 220206
95 71 439327
96 71 313131
97 71 97857
71 98 730863
71 99 804980
73 72 773013
74 72 934921
72 75 861597
72 76 907404
77 72 842201
78 72 920920
72 79 967583
80 72 670791
72 81 835613
82 72 771554
83 72 767016
84 72 980136
72 85 913191
72 86 617783
72 87 779539
88 72 951395
89 72 836235
90 72 915263
91 72 909988
72 92 614969
93 72 959022
72 94 770984
95 72 907209
72 96 828983
72 97 695135
72 98 848405
72 99 775820
74 73 830980
75 73 904992
76 73 860840
73 77 583169
73 78 692026
73 79 756123
80 73 351435
81 73 574421
73 82 978559
73 83 976784
73 84 770784
85 73 682375
86 73 853744
73 87 498287
88 73 731675
73 89 927800
73 90 852595
73 91 677398
73 93 741964
94 73 486962
73 95 671505
73 96 565199
97 73 383891
73 98 918013
73 99 979630
75 74 912655
76 74 956551
77 74 781385
74 78 869372
74 79 920676
74 80 594097
74 81 774202
82 74 828212
83 74 825333
84 74 933005
85 74 860929
74 86 682421
74 87 712779
88 74 901408
89 74 888973
90 74 963815
74 91 857369
74 92 679712
93 74 909819
74 94 703645
74 95 852819
96 74 766858
97 74 620293
74 98 901717
99 74 833195
76 75 938807
77 75 690101
78 75 786834
79 75 844222
80 75 479505
81 75 683076
82 75 904850
83 75 899805
75 84 860599
75 85 777455
86 75 768643
87 75 613003
75 88 825060
89 75 960459
90 75 931535
91 75 773427
92 75 766790
93 75 833461
94 75 602523
95 75 769975
96 75 673806
97 75 509349
98 75 969611
75 99 907475
76 77 746792
78 76 839017
76 79 893286
76 80 550842
81 76 739304
76 82 857244
76 83 854951
76 84 905427
76 85 830936
86 76 715557
76 87 675014
88 76 872366
89 76 915989
90 76 974890
76 91 826657
92 76 712902
93 76 881143
94 76 665453
95 76 821520
76 96 731594
76 97 578258
76 98 929241
99 76 862101
78 77 912808
79 77 858224
80 77 866335
81 77 977315
77 82 581498
83 77 576012
84 77 843293
85 77 919707
86 77 401279
77 87 939623
77 88 879734
89 77 659171
90 77 756623
91 77 923785
77 92 398117
77 93 871347
94 77 933826
77 95 928303
77 96 972997
97 77 882799
98 77 673989
77 99 586440
78 79 936127
80 78 766558
81 78 907070
82 78 688791
83 78 685529
84 78 921678
85 78 975224
86 78 523620
87 78 859230
78 88 952707
78 89 759072
90 78 847726
78 91 972531
92 78 520656
93 78 945846
94 78 852119
78 95 968636
96 78 901460
78 97 786974
78 98 774068
78 99 694369
80 79 693088
79 81 851821
79 82 752419
79 83 749678
79 84 968224
79 85 929206
86 79 596140
87 79 797730
88 79 964051
89 79 818332
90 79 901228
91 79 925720
92 79 593293
79 93 971526
79 94 789688
95 79 921234
79 96 845413
79 97 716164
98 79 832978
79 99 757724
81 80 872146
80 82 348182
83 80 342858
84 80 672173
80 85 776297
80 86 135587
80 87 924575
80 88 720258
89 80 441759
90 80 563087
80 91 781937
80 92 131999
80 93 709237
94 80 931125
95 80 786719
96 80 880249
80 97 973769
98 80 461141
99 80 355216
82 81 573773
83 81 567214
81 84 837770
85 81 914069
81 86 391410
81 87 943904
81 88 874311
89 81 652098
90 81 749220
81 91 918202
81 92 388951
81 93 865084
94 81 938226
95 81 922786
96 81 976581
97 81 888270
98 81 665906
81 99 577712
82 83 977117
82 84 770496
82 85 678452
82 86 856342
87 82 496080
82 88 731017
82 89 927800
82 90 849172
91 82 673944
92 82 854630
82 93 740378
94 82 484480
82 95 670012
96 82 563443
97 82 381226
98 82 914522
99 82 977587
84 83 764777
83 85 675396
83 86 859556
83 87 490610
83 88 725428
83 89 922753
83 90 846844
83 91 670811
83 92 857132
93 83 735777
83 94 479215
83 95 664888
96 83 557932
83 97 375514
83 98 912474
99 83 974893
84 85 913967
86 84 615493
84 87 780651
84 88 952954
84 89 835301
90 84 913303
84 91 910773
92 84 613394
93 84 959687
94 84 772117
95 84 908155
84 96 830056
84 97 696457
84 98 846309
86 85 511913
85 87 867169
85 88 945488
85 89 749405
90 85 839501
91 85 978482
92 85 508931
93 85 938507
94 85 860198
85 95 974455
96 85 908579
97 85 796313
85 98 765447
99 85 684072
87 86 304005
88 86 570840
86 89 794685
86 90 706345
86 91 506721
92 86 979704
93 86 582275
94 86 290809
95 86 502105
96 86 380716
97 86 173191
98 86 780815
86 99 852544
87 88 821356
87 89 579577
87 90 685729
91 87 871819
87 92 300687
87 93 812135
94 87 977375
87 95 876477
96 87 950117
87 97 937499
87 98 596023
87 99 501766
89 88 798498
90 88 880650
88 91 942540
92 88 568657
88 93 974626
88 94 813396
95 88 940168
96 88 867399
88 97 742902
88 98 810392
88 99 734582
89 90 908477
91 89 745233
92 89 792874
93 89 807187
94 89 568761
89 95 741637
89 96 642348
97 89 472563
98 89 969347
99 89 930227
90 91 835519
92 90 703675
90 93 889325
90 94 676287
90 95 830433
90 96 741612
97 90 590163
98 90 921603
90 99 854064
92 91 503730
91 93 935499
91 94 864925
91 95 977939
91 96 912778
97 91 801733
98 91 760637
91 99 679585
92 93 579404
92 95 499105
96 92 377521
92 97 169663
98 92 778265
92 99 850108
93 94 804035
95 93 932845
93 96 858844
97 93 732281
99 93 744847
95 94 869399
94 96 944586
97 94 943563
94 98 585629
99 94 490469
95 96 917354
95 97 806843
95 98 755143
99 95 674560
96 97 895953
96 98 657482
96 99 568514
98 97 490937
99 97 387650
98 99 919134
