500 1217
328 387 666424
250 126 238859
199 140 793606
383 409 328902
91 466 815857
368 268 832378
204 165 119357
276 65 25913
24 332 675150
314 385 955116
145 270 784426
72 238 210996
448 162 145634
263 269 60681
197 438 448379
478 83 910787
178 375 590129
143 296 645764
185 184 208561
463 411 737707
100 452 942320
42 261 690733
150 62 880455
191 99 61613
129 145 509277
242 412 583248
423 470 718869
211 280 582820
73 22 322803
73 249 503529
366 458 978489
152 278 382048
136 79 695425
448 394 450876
81 243 202869
8 6 819318
458 17 722053
147 2 247952
228 180 78899
96 388 539941
404 390 320051
40 91 710494
421 470 437130
3 116 497708
16 314 874334
325 209 956570
337 229 868144
458 398 78622
254 224 876004
83 368 319483
261 497 143916
68 65 906816
237 147 49779
446 203 522015
93 32 664882
261 388 779572
407 433 191086
355 86 8239
165 154 123318
175 171 964092
226 171 41848
232 159 517175
355 207 269406
458 36 483746
152 286 792007
183 103 496384
123 20 464782
239 458 533086
343 218 248482
127 157 839038
395 217 548421
353 260 939037
116 153 691484
169 223 951730
153 183 568187
334 362 679397
73 456 830160
136 19 39249
400 425 912209
215 352 576554
95 143 74533
418 412 485265
213 350 319371
350 482 858153
31 58 148040
180 291 555086
195 147 720503
56 3 459192
430 245 874113
31 136 37553
397 295 669634
153 69 235980
125 57 933562
111 354 302983
254 284 621821
495 454 561559
189 76 795958
473 343 597958
397 120 973212
309 117 306331
170 198 139487
99 30 532072
142 175 850741
86 402 240392
274 120 181316
102 186 81769
410 205 771746
490 228 540939
410 2 601494
386 253 481489
250 484 83203
90 313 266133
30 312 927948
122 370 962168
126 31 552829
77 138 582752
261 89 707946
350 95 465510
39 367 870960
194 43 821899
389 96 715222
392 326 392999
499 84 902192
57 376 958900
10 98 480840
105 19 731991
191 9 396450
418 19 911827
51 254 562956
438 406 240334
116 476 969326
321 223 727332
210 193 567626
44 431 495400
81 80 920496
10 311 9682
491 112 250449
131 273 766699
496 125 680820
231 468 300851
71 332 152747
331 469 95356
122 360 99389
125 59 136229
410 21 516642
244 22 406392
50 156 523003
436 352 780830
497 32 847594
409 335 998794
237 199 808346
3 129 17624
374 312 355644
173 59 103229
214 447 737830
142 363 666673
72 279 70450
499 348 377059
436 119 111444
100 395 182544
269 66 391096
356 264 205228
434 334 864802
220 235 412806
393 388 500829
13 364 770167
415 105 834332
142 74 440890
133 232 70170
342 109 202432
300 108 664166
403 184 92935
92 133 726858
255 370 260125
191 60 145107
197 112 32893
237 92 198255
9 316 594626
169 102 682502
275 449 369856
238 263 228102
134 276 798448
232 383 347306
314 26 321556
0 70 397750
460 29 241334
379 315 195940
58 125 209538
467 97 429656
151 482 84353
306 97 28572
2 351 943938
286 409 763834
209 132 686674
177 420 49438
191 475 461266
418 65 998270
485 110 471238
32 475 74416
159 28 947726
39 366 546569
441 163 990044
14 211 850876
397 169 329240
214 259 245363
214 142 338022
67 74 719605
470 153 52424
309 55 997317
244 392 469888
376 232 787773
302 373 17729
226 89 792883
192 170 248018
251 34 892182
204 209 535182
53 331 242408
284 354 750147
430 346 506586
16 250 185604
128 95 296426
11 88 991268
113 72 412330
442 356 715818
465 420 819408
1 461 71705
115 403 463093
436 73 530112
171 337 603618
407 185 922706
418 384 701144
70 299 103126
469 36 844680
215 261 914149
415 179 10371
489 67 292278
212 248 719617
314 338 643618
366 382 721486
356 300 457003
213 221 238787
385 179 424848
100 258 500210
127 125 960176
455 436 62161
148 276 77635
377 387 423986
349 226 32882
235 456 75164
249 339 50130
374 424 326602
37 353 493935
480 295 522101
479 323 149725
386 123 644976
463 387 517388
140 197 539708
311 248 970308
262 127 879090
65 35 462241
190 277 790441
347 409 659578
69 23 530229
206 358 494367
374 209 610706
464 44 363358
450 244 516188
451 461 17903
159 4 293424
395 274 382229
227 154 911259
446 385 316767
448 80 560891
49 196 610885
272 399 801449
54 120 969630
472 480 230889
188 198 877550
360 103 809853
290 300 177630
261 174 428652
110 1 754680
140 381 715692
207 74 448812
199 18 68236
11 333 797731
308 468 342118
308 153 932404
4 286 745475
336 232 680446
81 365 542915
201 250 129195
252 214 807170
277 368 750584
198 67 563411
418 183 427822
153 188 415286
57 454 855670
33 110 484514
144 344 493316
417 39 542449
406 192 534286
212 114 957997
81 3 238458
129 418 227839
142 212 723016
15 95 623266
63 331 282309
336 145 350008
60 337 230509
330 386 247682
404 441 504096
171 247 450825
100 292 901950
297 285 801764
81 492 999375
386 322 496917
487 329 777379
209 158 173583
175 469 621691
75 111 851377
86 481 594662
57 244 766999
383 162 647767
310 35 101
158 117 24489
323 290 638209
24 30 234644
194 265 146576
214 283 468822
253 306 42729
16 267 677421
182 93 925409
362 349 863797
415 496 149318
191 462 387662
178 401 56444
344 194 136213
219 240 46150
427 142 235821
386 74 481663
306 168 600364
184 439 238459
452 306 360784
11 342 724266
365 207 241695
333 291 949146
68 4 277276
142 411 903120
101 56 302335
336 389 975853
478 405 313979
39 37 344881
366 356 673985
155 229 296757
279 479 626303
275 410 964880
151 137 528988
132 18 339376
138 79 705485
303 174 934847
446 409 462471
54 325 261308
171 17 132793
51 100 682045
424 221 273122
348 80 154918
488 379 370864
132 268 809131
210 206 553413
295 437 802024
103 292 628847
446 194 48978
158 205 356523
428 210 29549
431 358 359354
281 6 18083
331 27 347435
119 459 650436
106 158 837517
116 496 908650
437 393 747537
213 177 656027
137 367 510353
270 9 710197
441 336 884680
229 427 553496
391 401 910370
454 81 352992
430 286 426508
185 474 102544
223 98 199985
349 98 202337
315 46 269534
331 51 214246
75 87 18475
434 319 742314
28 346 630771
253 485 322329
240 483 503807
126 22 5431
330 116 340651
477 73 797261
108 251 63440
107 35 787257
348 443 621370
131 446 491000
310 41 112776
234 265 875117
256 61 256403
222 333 939140
372 347 566829
456 13 265248
146 185 615897
397 177 972561
304 247 417895
169 335 842993
366 34 792952
248 389 316041
178 360 316196
365 71 313192
60 439 906410
26 375 837041
295 330 829096
66 55 279835
194 466 660778
73 68 371368
343 126 708702
403 197 654035
286 217 737209
7 392 678641
399 473 905254
147 451 248750
65 366 484933
445 194 979630
371 116 523949
135 377 251880
302 452 627017
32 294 721
475 357 730543
171 149 433235
255 220 5225
129 137 303078
178 329 946073
169 396 234705
216 38 786780
187 377 727861
211 147 146761
351 298 558566
206 426 471654
401 487 85872
416 296 918506
360 86 189052
151 227 392232
99 475 151686
303 353 245085
344 396 711245
494 66 969520
47 99 73933
246 403 482167
178 144 979457
322 489 194496
196 129 891082
486 4 14436
160 385 323008
395 321 527906
457 234 213170
89 433 805739
143 284 528680
354 338 606892
441 112 784210
84 146 165089
228 376 409341
12 142 861212
347 402 899739
253 371 371067
149 11 24914
267 198 115683
158 63 291295
162 439 499240
40 274 525205
256 374 904477
331 496 194809
436 42 19273
95 106 147370
384 231 686166
323 59 574906
215 36 253950
138 60 508253
115 318 651995
141 365 925376
156 203 190963
196 146 475731
277 415 999306
175 8 5721
200 92 184938
183 213 44498
126 445 607723
225 476 466589
174 233 651245
131 459 995842
86 160 764193
208 304 120170
433 172 693318
251 358 713531
279 239 45003
71 224 394134
490 76 789430
117 440 40749
308 470 182682
82 355 204479
324 307 1365
229 492 277476
353 92 721390
236 458 321200
442 410 973909
18 350 366607
169 208 994326
288 91 61797
214 36 349169
267 263 556194
233 152 82146
47 282 873043
163 488 860850
304 220 294128
248 469 257154
198 361 253518
292 347 758756
436 257 946649
373 208 957938
29 126 331783
334 482 947991
201 421 671198
424 227 783591
439 188 722588
248 279 877453
353 56 312282
447 380 84154
290 162 59858
87 224 602210
57 447 328861
291 119 602578
83 224 196890
154 35 929146
459 203 143554
490 322 732941
2 409 542498
332 225 726967
71 207 837736
90 240 566902
330 404 751558
44 29 728257
199 472 271487
91 180 154965
192 115 67182
169 123 861509
483 4 68221
323 61 609400
301 283 537314
486 187 748476
342 267 310586
355 285 278235
124 171 329055
466 425 63222
180 362 896327
143 403 773631
305 354 547388
192 345 681775
271 188 464159
479 298 453065
85 455 851095
200 35 167717
222 50 364306
413 60 8855
124 12 36441
188 465 994342
383 38 227505
452 285 14220
219 367 232423
409 228 906869
108 337 577380
236 168 335977
110 414 258454
167 78 512647
230 299 646697
320 207 554873
15 1 276085
2 344 388965
319 99 731850
10 349 681424
488 123 478218
196 112 268072
322 372 13490
400 51 310211
174 453 282142
145 231 154534
238 113 335932
354 273 97073
446 326 124095
323 425 620076
226 219 118758
265 255 662020
26 321 5564
266 28 22915
185 412 308333
174 170 125469
91 1 995617
161 48 969257
94 73 468657
113 102 336930
252 459 38911
338 219 562783
459 242 627817
273 149 115659
371 173 763890
19 357 148852
96 260 157568
60 7 478699
64 222 604057
467 437 915895
32 46 984192
126 419 796514
40 155 58750
227 134 900715
293 367 705370
230 324 463089
153 33 327572
337 305 434250
25 312 551291
438 364 580126
276 79 571935
361 323 494703
449 55 356712
278 351 809860
381 112 613388
301 44 412692
180 322 471748
181 169 303511
374 211 389616
66 456 259147
336 113 488810
499 438 120636
94 178 343958
17 20 698236
213 78 764444
90 225 614081
235 488 510198
402 496 659163
21 384 609967
253 9 405696
462 493 710724
382 364 279802
85 391 749058
180 388 655210
465 195 53597
38 344 206733
216 87 635869
298 250 29464
197 264 585737
5 496 377890
418 318 165222
42 278 866049
199 328 585382
129 9 153796
162 293 230783
167 98 499587
492 426 389182
300 393 239083
163 482 537247
285 119 317287
149 286 571541
239 483 662417
67 408 315782
300 440 674768
322 227 624081
420 297 405123
32 221 175379
478 491 222448
315 256 396117
89 211 11772
360 65 623468
446 134 936723
69 7 829934
226 389 874229
474 319 935387
48 249 156549
224 178 165195
71 31 97188
111 193 134413
177 314 85277
112 41 551082
166 484 710472
42 103 924241
326 468 664260
264 387 315268
9 478 188482
202 150 864486
254 384 313118
347 47 823557
338 216 732213
484 433 719077
360 275 641686
487 356 61983
46 330 839250
473 1 507923
346 459 530514
73 285 898474
439 15 864771
81 244 826221
451 468 116064
98 442 913545
320 150 120070
475 160 972760
170 72 807887
317 145 708338
343 146 211313
422 439 226651
391 159 944297
359 352 644869
184 62 740181
155 149 41563
443 405 469622
85 126 124195
292 491 389822
361 102 781887
459 357 539413
432 112 119700
69 220 11737
108 374 320425
347 287 992186
173 413 985349
273 307 862614
123 362 333770
78 143 203509
242 97 467303
428 341 55874
489 283 94267
48 24 130983
243 222 607173
405 26 888497
268 367 908888
113 186 314531
64 281 671368
29 285 84624
277 291 395693
68 141 215480
117 148 999716
230 226 940625
191 307 310381
114 226 899836
244 71 505860
19 301 598505
15 257 215922
0 62 185508
440 154 594493
374 116 946281
472 471 167417
316 174 625825
258 406 796264
420 319 501964
128 57 260668
452 482 760366
41 63 418424
96 45 685575
427 417 565941
472 58 458085
101 237 874694
217 347 671310
62 14 164760
352 305 78929
269 264 373709
172 83 999572
460 497 764270
83 297 780840
94 348 410329
8 265 27572
471 413 623740
187 369 69807
183 193 341182
206 160 156281
280 242 769861
431 144 886263
41 449 571363
28 335 729281
96 51 429394
172 374 390485
293 156 315054
366 223 861640
256 11 176718
285 472 885730
53 8 540212
336 162 63889
378 11 59868
480 446 905262
131 11 871402
397 486 279419
490 363 797804
434 219 343990
73 60 545702
340 240 154218
249 427 375438
239 14 266356
451 242 940107
434 417 673190
45 161 896089
198 29 278196
477 372 105938
275 213 258232
210 413 98854
365 172 482665
258 332 668692
134 242 286332
235 297 453715
380 300 348350
493 64 393971
171 153 922352
361 138 160721
23 255 456016
23 406 957201
330 244 501942
7 431 171092
218 187 282638
188 264 843432
404 474 158841
463 245 609334
105 455 776032
284 410 374851
439 405 537559
28 158 713011
199 29 851547
343 336 570125
315 499 528168
254 228 686352
361 111 821438
152 183 165012
33 254 760057
313 234 914442
421 24 703596
81 125 470232
216 201 73188
89 443 711557
190 50 654996
262 285 619646
478 198 439244
380 461 186047
147 5 562076
252 139 556210
69 297 735788
215 262 69488
308 342 494245
385 322 286084
39 133 99420
52 379 368463
266 261 891264
498 161 312605
282 157 921185
323 415 249045
406 6 695498
108 328 912203
45 279 508885
373 363 955982
242 26 451889
276 215 292902
17 101 569947
410 493 931553
364 3 103069
26 43 282694
249 498 980002
21 408 218320
7 131 244442
272 282 109294
323 237 286331
246 73 989881
80 398 807381
227 242 862149
27 133 740239
269 156 212561
332 244 579439
158 68 330548
348 159 360112
104 472 481964
219 371 249423
234 468 911539
432 327 691917
450 29 776539
115 16 771088
278 10 509630
177 293 827102
179 368 830170
230 330 579353
430 103 984064
27 479 846492
60 331 657173
440 437 322314
197 93 971575
466 104 509067
54 464 80567
377 114 101565
165 432 367883
472 399 8342
39 125 187542
232 408 163216
374 268 850186
287 160 53999
23 71 391365
171 229 941337
40 101 334691
93 460 320283
269 317 248109
191 355 757011
76 122 572063
34 448 701837
461 245 414794
48 219 389678
147 170 124276
119 191 702233
149 462 627423
307 373 31016
55 395 431452
243 88 792448
383 452 950144
167 421 579889
74 4 768809
488 328 572994
0 53 844913
327 213 831926
342 352 729369
448 401 614965
419 340 589392
233 408 927518
99 433 193196
299 65 286999
310 258 917338
485 216 180456
480 427 697388
298 472 133985
79 90 137243
285 361 841647
209 472 822944
168 310 671428
166 357 670021
372 353 975453
174 15 751867
460 174 732284
241 290 90490
470 446 768069
30 172 140528
112 165 172455
486 487 873255
303 94 338576
294 362 806353
243 432 902278
125 470 273053
401 190 971950
373 18 701681
238 453 60095
7 480 366201
461 479 551313
349 383 416574
458 357 882825
136 69 295315
90 490 70604
202 237 128815
278 67 122223
187 489 644450
367 295 509400
391 343 429325
302 159 581195
26 493 62979
28 409 392057
469 10 64428
314 162 329823
479 361 341471
142 160 211529
51 121 575116
295 475 327049
34 363 55873
96 312 349606
314 427 548846
380 242 169218
198 52 453148
69 187 383065
404 74 431457
12 385 640555
20 25 543880
258 124 403307
401 341 745069
283 478 396075
67 120 484735
243 36 419518
346 156 67373
186 42 366055
239 497 547406
204 361 725314
363 402 211838
110 349 347073
295 469 863014
201 276 998455
387 282 14060
237 71 424833
366 166 545387
329 7 296703
469 303 684047
201 309 736373
202 402 676606
145 5 714908
217 366 167062
426 249 67663
493 37 24970
451 76 937628
6 391 952776
67 294 572347
285 428 930404
147 51 646660
85 39 760405
236 356 910899
163 40 80019
289 298 441317
256 120 390721
231 396 188244
241 194 846506
176 218 652164
62 433 783634
205 480 122952
425 133 16957
266 287 31290
96 364 120527
23 37 235931
307 89 129347
251 83 923182
392 401 66891
292 325 323656
313 106 298594
16 219 577549
467 340 185211
133 345 898216
260 311 278201
335 303 392039
162 371 629853
442 407 517076
323 174 861094
205 112 508163
372 149 335051
491 17 209521
402 242 813899
311 85 519716
272 465 480069
336 458 164696
336 137 264816
219 389 367842
167 157 629960
450 21 938240
188 402 12066
353 179 519525
83 439 519921
84 453 554776
213 69 317687
465 454 925618
427 201 333746
319 237 258923
0 310 572371
361 89 904815
288 363 823439
474 214 454037
226 375 10977
0 443 673602
403 266 977478
279 77 621468
109 483 129901
297 253 394118
95 124 42844
62 33 312038
457 492 942447
339 237 22992
240 12 53834
473 145 846958
151 487 414283
70 133 412412
401 395 572733
271 10 687041
464 149 229840
258 24 543881
272 39 790584
218 95 340456
419 110 898476
309 20 902576
273 27 989165
157 243 214679
194 207 533190
483 408 154740
498 309 563241
59 190 476575
383 320 408487
242 352 80515
265 135 648726
356 462 674562
111 106 734434
47 113 116151
249 77 716411
58 81 707098
96 37 716711
416 476 755980
352 257 99075
62 61 706394
380 21 341456
103 172 448868
70 188 831639
253 377 938787
481 483 924743
87 434 667766
411 340 91098
168 60 12275
7 42 659135
129 298 390427
326 215 292170
385 265 443618
14 242 630380
447 499 879132
480 412 548714
408 151 864689
32 358 149235
8 453 105390
408 366 233679
458 156 769855
420 301 610314
131 70 810333
355 411 227246
40 172 181471
67 131 493204
422 327 455364
52 55 242200
347 436 50020
305 57 623917
258 401 418881
419 289 838273
311 323 459800
239 193 269222
461 216 636534
112 450 986927
150 176 307324
109 215 920353
359 0 970115
342 212 35331
444 452 308109
221 334 147924
436 445 16328
146 261 888329
196 62 799038
71 150 823075
439 387 54046
256 145 217295
482 203 459030
486 126 52060
380 49 382698
83 185 805207
216 287 206130
281 234 552199
66 299 461185
349 115 686363
81 416 393806
23 497 744435
490 456 239508
335 277 21073
252 39 87682
444 400 957555
466 165 472403
440 203 956786
332 327 123557
374 427 133248
318 392 111867
187 71 840700
20 143 141167
70 25 651305
422 281 463126
242 32 659135
275 266 925331
357 10 309581
134 233 64404
164 412 89764
151 187 24698
475 311 18015
283 188 881367
361 268 844366
170 243 717242
11 351 65717
117 237 723351
267 0 221120
278 376 920790
3 9 16568
174 114 956148
125 102 711465
54 276 483443
93 163 158953
344 362 493535
484 54 216821
390 114 629375
495 104 573479
313 265 219859
372 426 971839
297 497 981104
200 486 166668
142 340 168618
148 244 118382
120 308 581381
36 375 381995
156 290 812857
246 184 138919
480 42 757866
234 301 818920
396 238 801259
33 182 271035
196 481 365825
410 57 927095
428 261 615325
390 14 611303
21 8 484246
231 314 239146
