832774112
832774112
3262225770
3262225770
3262225770
6153353879
6153353879
6153353879
6153353879
7623565542
9069586020
9069586020
10694121017
11025608186
11371817892
11371817892
13304456876
14023154111
14097268321
14569599942
14843593466
14843593466
14843593466
14843593466
14843593466
15390363144
15434925708
15513125237
16809648815
16809648815
16809648815
16809648815
17136459023
17782567118
18776904345
19954456860
19954456860
19954456860
20222716197
20222716197
20222716197
20403715510
20566163311
20566163311
21372429617
22849904486
22849904486
23922865505
25076847269
25076847269
25076847269
25076847269
25076847269
25076847269
25335133051
25778944809
26525398016
26525398016
26525398016
26525398016
26525398016
28761621954
28761621954
29860354706
29994701884
29994701884
29994701884
29994701884
29994701884
30486896849
32810560132
33881535309
34756500606
35668294786
35668294786
36443458272
37035064000
37035064000
38947646345
38947646345
40640626441
40640626441
41991040975
42162223220
42841669439
42841669439
42841669439
42841669439
42841669439
44967405791
44967405791
44967405791
46636174678
46636174678
47037030529
47789031189
47789031189
47789031189
48810085706
51439272418
51439272418
51439272418
51955877899
51955877899
53449832464
54387256692
54387256692
55821208006
55821208006
55821208006
55821208006
57477057665
57477057665
58528436076
58528436076
58528436076
58528436076
59097716806
59097716806
59097716806
59220911066
60150709128
60150709128
61285281170
61285281170
61285281170
61285281170
61285281170
61285281170
61285281170
61285281170
61791866330
61791866330
61791866330
61791866330
61791866330
61791866330
63817267499
63817267499
64655928159
64655928159
64655928159
66499847420
66499847420
66499847420
66499847420
67227227704
67227227704
68668471881
69716340801
69716340801
69716340801
69716340801
70584859733
71428676455
71428676455
71428676455
72245556148
72245556148
72245556148
74049020447
74224599678
74224599678
74224599678
75068312039
75068312039
75203492992
75203492992
76851261717
77764633132
79209180544
80612172296
80612172296
82382800490
84866846504
84866846504
84866846504
85636563485
85848049643
85848049643
85848049643
88246607234
88246607234
88659460562
88659460562
88659460562
88659460562
88659460562
88659460562
88659460562
88659460562
88659460562
88659460562
88659460562
88659460562
89417895642
89417895642
90381391668
93197080674
93197080674
94051762210
94051762210
94816138197
95679796477
96570227479
96570227479
96989010187
96989010187
97665939706
97665939706
97665939706
100238381010
100238381010
101991956674
101991956674
101991956674
104490322248
104490322248
104490322248
104490322248
105391160513
106351233669
106351233669
106351233669
107071469201
108265315755
108265315755
108265315755
110815908419
110815908419
110815908419
110815908419
111331575642
111331575642
111331575642
111331575642
111734037805
113403539062
113403539062
113834517268
114588112260
115354884252
116564295197
116836186317
117805947873
118113031612
118214313096
118968450557
118968450557
119971059660
119971059660
122329095609
122329095609
123730151667
123730151667
123730151667
125983473652
125983473652
126524168217
126524168217
126950452098
127164334976
127164334976
127164334976
127164334976
127164334976
128831820953
128831820953
128831820953
128831820953
129238255405
129238255405
132019503655
132417783792
132417783792
133564674043
134550738875
134550738875
134550738875
134550738875
134550738875
134550738875
134550738875
134550738875
135787145967
135968744028
135968744028
138971533039
138971533039
138971533039
139222933113
139222933113
139222933113
139222933113
139790997019
139790997019
139790997019
139790997019
139790997019
139855097835
139855097835
139924656146
139924656146
139924656146
139924656146
139924656146
139924656146
141557512966
141625560110
141625560110
141625560110
142026743638
142405305251
142807476805
142807476805
144046630426
148332509658
148332509658
148332509658
148978018192
149010084990
149217287057
149217287057
149217287057
149217287057
149217287057
149217287057
149626119990
149626119990
149626119990
149626119990
149626119990
151011443256
151214562055
151214562055
152948226658
156440052373
156440052373
156440052373
156440052373
156440052373
157254793579
157254793579
159339803181
160406661781
161192743511
161192743511
161808715453
163220743228
163852373725
164681961024
164681961024
165613897850
168139590767
168139590767
168139590767
168969614088
169661731302
169661731302
169661731302
169661731302
169661731302
169661731302
169822507529
170283155439
170283155439
170283155439
170283155439
170759324820
170759324820
172372729340
172377544174
173113563953
173542858270
173927993067
173927993067
173927993067
173927993067
173927993067
175376325760
176794215403
176794215403
177086543874
178943704819
178943704819
181312741626
181662196402
182056329277
182725256812
184303623090
185185341535
185185341535
186113730118
190049881462
190913426485
190913426485
190913426485
190938471913
190938471913
190938471913
191241506840
191241506840
191241506840
191241506840
193440784863
193440784863
193820031874
195326396174
195326396174
196226049946
196598346439
196598346439
197473684844
197473684844
199611117627
199928173409
199928173409
199928173409
200675194856
200675194856
200675194856
204833707435
204833707435
204833707435
204833707435
205347126113
205621121508
205621121508
208478885247
208773331992
208773331992
208773331992
208773331992
209104308172
209104308172
209104308172
209104308172
209104308172
209104308172
209635932245
209635932245
209635932245
209635932245
212852566147
212949557019
212949557019
213187922334
213187922334
213187922334
213876463758
214840856873
214840856873
214840856873
215552597126
217181211815
219019792754
219138494061
219138494061
219138494061
219138494061
219138494061
219138494061
219138494061
222268092094
223407238182
224301638230
225496617057
225496617057
226273880047
226273880047
227222101814
227222101814
227222101814
227222101814
227295502619
227295502619
227295502619
227719351200
227719351200
229950502313
229950502313
230367359806
232532783067
235281798950
235281798950
236794969096
237576608660
237955922590
238643865855
238643865855
239014243587
239014243587
240265351239
241411599911
241560308719
242611895590
243580651664
244777058639
244777058639
244777058639
244777058639
244777058639
245872070988
246682322913
