682152023
1397365498
1839698342
1839698342
2144506940
1839698342
682152023
2529885285
1952024333
1952024333
5776206822
2294847733
4498730078
2203882345
3481359089
2865899427
6347258516
5069781772
5069781772
5069781772
5069781772
2203882345
6347258516
8551140861
2865899427
6085625612
2754729839
13653876853
4058874211
5966334751
8539044036
4058874211
10960799198
9278068921
4058874211
6901924987
6901924987
5219194710
4587775720
16708895417
16736902171
16736902171
11489700707
16736902171
6901924987
13362408300
13362408300
11399904262
11399904262
6152702798
11399904262
19087721914
13362408300
7874410491
15457487883
7874410491
8086648737
18347829362
18347829362
17415423554
19049857564
8683238874
27733096438
28320560931
19049857564
9930189451
28504221116
28832429317
9343238897
29766022910
9930189451
20456740878
20034372088
10149375918
34974239103
35346723628
10423720541
13647883334
11047614906
11711340137
12535075026
12535075026
12535075026
12535075026
41995981188
13961028015
29259528633
27813133370
15259979034
27813133370
15259979034
14181935517
31397372662
15838695172
17215437145
47252482003
14198349686
32510819937
16569559083
49604802589
32045176903
15475617820
51064946876
34495387793
16569559083
35383479289
19907861469
16569559083
16404804207
53969826471
37422091388
34285982214
17584080599
16701901615
18590093484
18590093484
22041182100
35732465525
39183554141
39183554141
18590093484
17142372041
40930823038
36857819133
59887948406
17945402249
18912416884
36857819133
41692089350
60604506234
19893400078
61838570876
19893400078
23032753914
64119958920
41087205006
21101401900
20066751893
23438772546
41882504435
42107817494
21006415594
23438772546
23438772546
45528339788
23438772546
67549840829
23104652689
44595386583
44595386583
47027743535
68034159129
44595386583
21160502305
68760020083
24160745232
22013893654
24699868346
49354513760
25560148854
24654645414
73048596014
50969491050
25560148854
47488447160
22079104964
26155516281
48392710516
52902068774
76975057581
77855006317
77855006317
27626501229
51882444065
27626501229
24867323358
24867323358
57050982762
57050982762
57050982762
27640215801
30126968345
82634507504
30126968345
27640215801
31641242376
59613922625
60883635245
89418149184
61600860598
34297391166
62987296768
28689905602
64598696621
65778297528
65233377416
66281825852
35827550710
29405826706
29405826706
36557013273
96690516671
30176623386
36557013273
67243635808
68880003113
36557013273
30686622535
70502387576
70502387576
68219000776
102164375079
68219000776
32623061421
32911556387
72424560332
37723511262
106826582037
37723511262
71676406733
38644446011
33375125851
108864618562
78159608380
75983116791
41429450358
75983116791
34553666433
75983116791
36859156553
78288606911
76166533318
34861179721
36859156553
41429450358
78896538482
37015367828
113913929478
79052749757
76898561650
34861179721
79815416268
42037381929
79815416268
79815416268
42621248453
38924166953
42621248453
116908526653
116908526653
38924166953
79170601307
36549352854
36549352854
79170601307
36549352854
43409434514
82333601467
43409434514
38308790832
38308790832
38924166953
43843580947
82767747900
38924166953
39554741241
39554741241
39868669580
39868669580
39554741241
85190747886
86943140410
86943140410
43707810805
41448756385
133151170723
88724422530
133949509168
88724422530
41448756385
47275666145
93792825104
46517158959
46517158959
47275666145
94805110284
42097505702
94805110284
91261503130
43319305001
44806766704
94842661710
46810503480
45344352653
48340374174
48937590727
97422421183
149674466444
152322351383
101291301843
48971025105
52156860776
49383185529
154309291759
52320276738
53148372550
52605829492
54647808856
54647808856
106066156951
51418348095
108561495992
55750486883
55750486883
54781880683
108539046618
55750486883
108539046618
108539046618
108539046618
163826760145
55750486883
55287713527
163826760145
55679499377
111429986260
108539046618
165296396095
108539046618
53369294004
57480512646
53369294004
115451980251
53369294004
110937617411
54149593697
116399483418
61136266659
111870100679
111870100679
120218676153
57568323407
111870100679
62650352746
175371248841
121182341926
63614018519
63614018519
54861853443
57568323407
113148254966
63614018519
178302039081
178302039081
65334179204
180070348801
57730227403
182856174457
58548934895
117699625337
58945933300
66681903035
184381528372
61087801266
58753692037
119841493303
187978077795
129224385758
189209627836
62035660907
62035660907
58753692037
61040063093
132347482226
193387545319
69329817745
132347482226
124057727574
124057727574
124057727574
69329817745
193387545319
61040063093
61078393288
61078393288
61078393288
137415279255
199952945186
129869474608
139255067751
202155860778
202155860778
139613222603
202984470943
70358362190
70083470578
62542638175
62542638175
62542638175
70530861483
63498934641
72625836575
70530861483
135309760460
135517678693
64587802487
144724628241
144724628241
137648564309
74557507799
146592227691
213310915794
146592227691
75527871627
72615763447
149424884217
73520345745
75904538472
67794344929
142877664537
74363961886
76532897398
69393904014
221888795350
70169698403
74903730896
74903730896
74903730896
223204358749
153159140890
223328839293
75028211440
78222657282
224752670533
78625834812
75957137318
146126835721
154582972130
226203453508
156033755105
146872545192
156033755105
156033755105
79330908316
79330908316
80975014890
77222248018
159158812310
159158812310
71450464209
148672712227
71450464209
77222248018
230806718094
148866388121
148866388121
231295702302
149355372329
71908379564
77904908120
73268422428
153489861189
77904908120
153489861189
75584953069
238229959173
77247626148
238229959173
156583523652
240904887868
79159936164
79743444965
158408576632
159018221282
164033342227
79274776317
159018221282
164293177200
84289897262
164478232020
79867455242
79867455242
81123634352
167083284545
247098172258
81123634352
168013396586
247880851828
79867455242
79867455242
81277064026
86889762234
161144519268
161144519268
170262671903
161721524993
252473526287
82627490555
89978580490
174659349158
89978580490
89978580490
85593280784
257167389127
89978580490
86868338157
168463866010
168463866010
