1889090397
3908999447
1164553792
1240452931
4085848581
855355258
5565399119
5565399119
4085848581
7758497792
7077301608
2152504784
1711179941
3462392750
2252694652
5715087402
2152504784
2152504784
9578772127
3879437631
6132132283
9815532027
2385061549
6016704321
2385061549
11254389106
9201918372
2524578809
4132753166
13204102195
4132753166
12702991801
4694500729
11543614440
4132753166
10834305319
3390452113
14967058485
16765778891
14967058485
3390452113
19744481473
10720185352
9024296121
11322119070
25776864838
3390452113
7931666957
11322119070
15208567122
3548834267
15208567122
15208567122
18965666975
13950370101
16206923026
8761482518
13686181331
6994153125
31627322132
25618899832
6994153125
17736526893
9131413258
18444404405
25990170546
10936504392
12906963123
11299612988
6665828810
22942764484
20774936316
43108540452
12297802775
24584695392
8035482722
8035482722
46077829106
13457650992
21493133714
13675373853
8035482722
22848449239
49362497485
26192183207
22848449239
23170314278
34472560451
8280377244
26192183207
39842895169
26723176440
15099065228
11624111212
27604411815
26266075847
16040138695
10225937152
26266075847
15327240676
10225937152
15327240676
25553177828
15623273002
10225937152
10225937152
54394695436
25949871234
12505346587
27125592051
16899654899
31484617795
16899654899
32392030295
59517622346
19036209046
19036209046
29479388873
60747213137
60789974242
11302042220
30381012371
17061146611
14368169365
17667889531
30211583780
50396226326
19369151982
19586608868
66653914508
68022000281
31238232116
31238232116
31597519722
36984115115
68581634837
68581634837
33939929551
52908854627
13657030574
13657030574
34616081395
13657030574
20959050821
53804519491
77293567496
14499549156
55842702459
36027890042
36027890042
14632045227
42637262792
42637262792
14794375354
79014999254
58122364098
58425640165
45108137862
37745002491
22950627137
45692287004
23323228826
46064888693
85837989649
18348967077
46064888693
64094485719
41672195903
24022776972
64522717872
23323228826
19020618582
19020618582
43758673905
19020618582
68273496891
69702870166
49927606316
25019040863
69649059900
94557625353
69819570030
94557625353
25758497495
96953730449
24738055323
51747212698
72487855246
26240725200
26240725200
75603376276
20740642548
24738055323
21515481544
31434706523
24805549193
24805549193
80228380752
60033799494
32459645684
108050508834
27574153810
60724320300
55670805831
32707619956
28016700344
85031143809
55762608223
83732678373
83732678373
87481569599
119046399872
23904750096
31128610475
65193738048
33900321281
120227098619
89607115056
31427334260
34408948193
58313698289
123456063573
32826841611
91975078644
60017103478
60017103478
92843945089
125398642801
69792227746
32443215058
61059194022
127356517346
128116526341
36983845031
33568391710
62031697393
34399415487
25047852362
32516437238
71887389328
97739144927
97739144927
130255582165
62535826203
32516437238
95052263441
96834133303
39281273498
25047852362
136112870112
100524556775
74869586835
36287354762
63940081125
140658948694
63940081125
39556450740
102813159745
103366481646
142254194976
142254194976
105326735384
77879628553
39791407977
143966622186
39791407977
65621065973
39204031431
106506113340
105412473950
65621065973
78995439408
144616505381
39791407977
65621065973
39421275419
107450053266
39670643488
66776831855
66776831855
27886803109
27886803109
107045567701
38890028746
66776831855
110418976819
41213820785
110418976819
67633432015
27886803109
108847252800
150439896955
41213820785
110761705880
108847252800
111578622547
83851108626
42637287841
41213820785
152584308847
68711846545
110300243560
69086422775
41585459161
111111184892
70286141456
45074203378
86767542126
41585459161
111763634939
41585459161
156945717904
116120674468
116120674468
41710850527
117888627414
161225600977
46021914680
31473429102
116543937862
122700645364
46959185402
43319028529
90278213931
165594295523
122700645364
44004119678
33595305373
43495749489
47905777200
45700057137
123037759758
127201139710
77337702621
78756142693
43742397248
43742397248
48425828502
124456199830
35013745445
129139631084
80737677730
45700057137
175787126633
45723932285
96003752251
46654360485
81232855338
96003752251
177236607589
177829214713
45723932285
35508923053
132448731705
35508923053
82499443272
178508823724
82499443272
46089561594
46089561594
52167531706
99158051925
181088236056
35508923053
134998674462
181869293960
83375328186
52719017315
101213324105
35583589919
35583589919
35583589919
82159756426
104198408752
86080847186
140952780779
134610040745
51422625659
36611248579
54871933593
36611248579
88489234388
52396860910
191305271246
89008109489
55720995250
36611248579
191836904545
55720995250
192047643082
109118701898
138205505824
86425524384
54096179739
48726624161
56525834997
56525834997
140521704123
86425524384
54096179739
50321510243
148816619121
37773271593
51616873413
51616873413
38957300751
57770286239
39171615738
39171615738
205572049449
93087874940
147801763210
153783668678
150664347689
43573411355
52883738387
55199337256
151656486998
57770286239
98772748611
156543034850
55199337256
96457149742
156976548691
97503543181
114036744720
98969019461
99589840608
115134014607
56296607143
53930131826
59476054111
59476054111
44482875871
59476054111
59476054111
116278921852
54051564527
101658957255
215186575893
161260522619
101720663892
99313928143
44917796151
57698667959
60259782607
46125947094
57698667959
102034273914
46639010622
223121720485
104003481314
61204920877
107096321607
227586778979
166499798076
61748236615
61748236615
58742220757
121541226345
122720839410
48883253666
124702506295
175140182475
238694555948
62392182380
239007259906
177064303414
52509296328
177927597823
61942956492
61942956492
63970913887
63970913887
178399192802
116366452877
116072471843
180003532381
63931060538
62905786051
64551524129
53166685792
180003532381
244555056510
62905786051
117806806496
181079126972
53875745958
118519605228
54940499613
189673904894
119050142566
67725594688
135362783806
190303283419
67725594688
64616006227
67966847089
119895538686
