2371371829
2115571708
1146563047
1146563047
3399754368
1309676109
2814622803
6820635918
1359357513
3860900781
3490013437
7767350662
7883044653
6039838383
7883044653
6028919662
4571700637
4571700637
2532440668
14313530392
2438312135
2824388171
3874394534
3260441484
7983867526
15319772242
7696242246
18607356492
5324376656
5324376656
18607356492
3714738609
10911114246
5586737590
16036090523
3700092560
20421435215
10680647718
20668807944
6040694937
21049280805
4203871844
4457271039
8387059523
17604465902
6147084438
3950159535
22735835529
6147084438
5782665038
29253500719
18929859901
5631464487
6147084438
17323751243
4692176331
13147194863
29606061253
7000110425
6147084438
12282310010
5631464487
6135225572
12282310010
7653407208
6147084438
20524703474
6749607435
8429816306
8429816306
22552426288
14832559324
22302992534
14832559324
6147084438
8082951889
14832559324
41066523904
16557338849
41827510354
42511150124
17360268988
10360265501
7774229422
45353134140
9765645322
10143638968
9476140323
9476140323
40620473790
31312498692
42547547869
41029384704
21364894376
21791647332
9716886012
33266076931
10872301372
32932541724
47086755513
35483464575
34618918934
48774258736
23676191162
14225766202
25792487370
36545170602
22319404400
11020785019
49828198398
27508793998
11566721168
11566721168
15686400851
39005319439
67869811708
52183410857
27910592932
52183410857
27910592932
12115315435
13306960953
29102238450
28687289077
41217553885
57789527527
16706218087
43088940968
55485526035
28895954268
26663992513
59869579801
12479894191
27531666337
30807555850
12836062414
12836062414
29616701247
29616701247
46223198428
14414147745
45458460060
31991908461
16823268148
16823268148
30043294837
62420614136
46649534068
14272214769
46649534068
32564504896
16106636433
81171831229
67389593184
47315347038
15624268550
35622539900
14272214769
49894754669
14272214769
33539234788
17872692142
53042471427
33916558677
49482988089
18292290127
33916558677
20195383428
33439121554
16492694819
34748005596
18200277185
40761339983
95180692689
16784532601
42601693920
52973191935
36188659334
59857525096
39569443688
36641845541
62870231030
62870231030
44846322408
77761699783
22622004400
17058906452
83324797731
85893525447
17599788930
19933803089
104492929466
19140270317
19933803089
40553539157
60702239663
20619736068
23130649311
45752653711
84812775557
61180188397
20619736068
65142023785
107912728691
20148700506
20702436827
24193765917
67060500082
21677075297
90787413004
43764724238
90891593865
47742519655
25120515255
23415486626
43792427606
46609043539
46609043539
118568995396
26546360235
47184954002
23521834949
47184954002
46000654529
75395468601
75887098619
26546360235
46924579112
23521834949
75876978768
26121551226
99592490573
26121551226
99398813717
46924579112
99583927716
50253309183
50253309183
76374860409
46924579112
76062092767
23209067307
26731474234
49330618533
76374860409
102636889665
26711426154
26711426154
55008691830
74354731348
25060528997
55364119009
103007424203
50275920640
103589285379
78573186316
23436241700
28297265676
79158019189
50860753513
81046209724
104482451424
51753268648
25324432235
25324432235
26278710883
28055423984
106960157378
25969046044
29307198260
108676547174
28055423984
51313924930
56010984692
136478930373
83602360930
83816641253
26703786432
83816641253
80623290699
52436688579
112362618497
85280484356
57329933565
58836916135
81736471364
53525702362
57329933565
58836916135
58257354426
139993825790
81736471364
85280484356
26443568221
27631207293
86738917215
26443568221
26443568221
114154879257
115487960685
56523467199
55965894078
30441189555
148373865060
30626147133
90622870967
58779178029
29025193478
30032065274
89683405885
60658212407
59061378947
92526371321
30467733293
30467733293
153847818794
123386375816
60395001855
63420751665
96076597499
128269733969
96899137798
96201983960
96560623942
128978601166
34230643798
34230643798
63487230176
162255366742
130399528540
31069252952
97717873974
67201704612
67201704612
133449649785
134546820537
31837098386
132554939445
166383918923
65089557491
32681654566
33828979478
133725280501
32681654566
167554259979
35036766960
102502148914
67784885795
67465381954
34783727388
173465302391
34783727388
139883552890
68938491605
106993488157
73105027869
34863502831
38241525038
69995674074
108981819316
38355789853
35608668964
73964458817
74256468426
150191932194
150191932194
77501059247
150191932194
78124665795
76974924236
37682459388
37682459388
111966761511
36790194374
111966761511
81927724961
36218095710
118807174859
119382157511
82502707613
75086186805
157588894418
158238888599
37888746625
82502707613
158308138427
158308138427
159892088602
76127747193
38881471012
161172941538
199675111098
162333789149
122741965249
84234596978
116073890586
84588916471
161554769822
37974698415
78099192171
76127747193
116073890586
125922254490
78669917599
86551258386
47103280620
168259165843
39842077161
90029837971
40497272038
41848106436
80227429345
49158695444
42074380567
169848020882
91233076011
40461896093
78650320816
210475602689
38153048778
120855011152
78650320816
49158695444
91565860994
49158695444
38153048778
78650320816
40497272038
38153048778
171171077762
49793972460
170816082881
38153048778
49793972460
131053305204
40461896093
43106283966
91823586150
95206289541
176343451322
51361690057
176416391748
176416391748
39110226239
40461896093
175680213865
175680213865
95206289541
140539128200
43854463028
84938051269
40292922972
225241982628
98357229688
53488660006
84147386000
182504615688
43854463028
186113381477
86288720290
54372072431
54372072431
99687783338
99687783338
45344597575
189651833455
90526156116
100732939618
46339289053
194087116148
193266280664
92818732046
195731583740
101976716941
195408552808
148315153641
94277682194
246133499847
103703807669
48152009984
104639942422
48667340957
47306713062
201545432344
105774113787
203699431956
49640485543
47306713062
154058946413
48097339659
50812912316
51058179418
148328200836
48801383673
108831841217
51432983871
59225259365
