53
154396384 103623980 156648747
434883274 318065816 528756314
122918705 242522685 264440384
543030428 108201616 608119381
322953840 119811886 428505485
306647414 549862302 691103781
103752504 38835395 176916720
244419357 196670271 584469330
96213302 30659486 304620506
23157919 7218487 381873604
144376610 625456810 861789187
589558486 134166194 780877709
184536890 16139764 414950797
381588618 132249152 955308712
349655325 541586881 739990895
444491 118316074 148171213
541627396 189845338 616919642
360797562 153907111 545052261
43683909 73508757 153703899
179752937 356035805 633051912
510023590 487449327 857066211
522937781 366865480 911192542
3720977 153492010 175671835
487222100 451715495 537811759
376765557 134561869 514312095
532291996 651125279 695564572
124409048 63074408 371623644
243222914 423151881 599149592
106305957 132598289 252728019
63051713 709173 139381338
158046138 138104031 189437148
755591984 346209706 845833861
192576280 339470264 599986364
3132383 82572049 91311828
370082347 361846123 432342321
287000344 241618061 293935165
15379173 65575460 426188562
36819590 179291424 326439607
72674120 165333602 182538449
19853982 48953171 96912085
83015055 204059421 241584077
306061338 405953440 444486813
185635311 544659197 718697236
117196660 74114210 175477373
212165049 69575117 281221796
276294863 344958618 403681060
88799826 121707779 247221530
69615947 153228097 215677771
473970282 477181978 829251360
204518013 282478848 395005916
43983255 41734363 65949543
60835260 97550049 351133756
466284 7987509 14347776
