70
2770196 40280999 120999147
268281634 234164454 438515316
32328225 44413392 129099934
131590310 37472497 410134226
394300887 86086437 885417014
221329455 57893312 570981512
154204049 551666498 584381872
165573287 512342480 540440395
132751791 340240729 452470822
953292241 144902419 965382637
21135630 48121372 86035525
391233959 105872436 423893887
108563200 102884833 123582648
177830076 65304379 199537014
646596193 140145001 842202107
134706415 170189559 630412666
498351627 78228861 917006963
545206283 276287905 784928509
43490586 65765963 127534372
569752320 168745739 833497707
25556222 401296664 687931379
244718550 696658577 903079779
20801451 728508574 923575835
87488773 39770237 144327568
35094958 619519152 690017158
322191158 334280933 803294930
409208260 159382022 412368058
429649275 84017875 727024413
41951129 22940665 429336931
9209758 104234123 192014410
478219070 115129181 776026758
10179682 5700450 14794717
16609338 29190516 720571223
641040997 243193942 796633469
956678858 9273458 968755344
522400393 605708171 747543115
176251694 147463366 235611800
119932537 81992132 230441677
27284241 73162998 263420410
346283651 693782514 889752737
656787150 558988762 787563200
9813066 168335178 325699988
876453250 452720553 925036723
1094392 2581856 11844690
231811458 106566781 322160446
23746300 29731350 43682976
139610404 202415456 267319888
30265497 170224154 634063726
42086119 95226412 233237754
1992728 14059675 30383317
101046261 334865330 509435981
373777014 108164902 398793146
531762923 192210044 535373866
454223174 403988143 796833593
621479206 158107041 945062275
230888809 136585361 272551815
61417522 286340474 638455940
57584824 147314499 221735822
140519367 201499817 747165461
597836965 403721689 652532398
163056092 661594742 956715524
590039320 568646343 716321676
451084111 528630621 716350007
118564698 292140129 313480943
666415978 114167505 701887371
31924187 55285186 659739774
130521101 367621879 560410489
29389155 2696051 37543667
71823458 547390766 852411166
269296694 329813237 338428923
