203949345
641545825
615290816
484525065
246597539
449519451
581503904
630691951
850712796
944519657
134345353
449389343
703290397
750148410
398707633
273738001
422391857
249333637
942110067
31045038
684400674
162273570
400853566
435562364
854684401
289627198
132809923
161743499
254240381
637375319
356234903
791757668
424600677
822862020
795136394
331079693
503963943
348915846
309141849
158222956
565454324
18909859
275242885
632467052
637023131
7376668
740647013
706330067
748687617
580363105
407694930
998188921
889439875
923933339
613940177
135268887
529467124
205097193
22692218
744560098
534370524
806821343
243197704
207749337
2644841
729876647
545428315
59119372
518588943
396674807
189480811
258742761
586496068
850138477
815468266
448858562
619495051
669497246
163129755
905730610
887989649
101868991
358098807
242234823
397097264
301972776
55275590
151432834
9908975
469565719
338472299
331711608
396922809
596442280
48126142
733078504
812871004
516734169
393785398
477839169
291500812
775752121
614759358
613035006
495793289
566787272
803622495
828909896
793671384
18632002
429210725
543910653
201118286
603232239
842079936
101822158
703568063
769734224
155008368
302929829
778295681
758924936
689440154
677542569
16373671
884833593
57252323
367433496
757330497
753857958
642061929
694638742
584504441
864250770
362895414
815776204
73079308
575088035
181183787
178993926
475939779
232230884
807060928
503969043
349281031
622047272
552721434
225144750
977727913
601114582
516475181
313241399
780561363
690676994
993189386
419417550
822395761
806705379
827396239
20796492
573205773
890117164
785838923
605623924
674486666
674979308
81975449
627112008
472287352
22974366
847808875
372342877
950977155
603719640
894557809
283450683
595309949
652092730
517780474
93212776
634519283
320123450
24744805
606766376
331286318
972760314
488513080
678883400
118299642
511761565
364119455
762820735
405101894
564970238
884928264
523222272
797852267
151674242
523812677
978427758
977273691
957135285
327286933
439595201
507766747
806777202
523747118
284446193
271666683
620340394
996150262
577680692
212927841
775394317
864508288
49013336
862322265
197885197
927197858
849291137
609452043
354243887
745801753
792194932
851455838
5553537
750529087
91739178
692521581
264045274
926557439
18054822
639439497
378040001
738540185
371996256
870344368
536527718
206213230
207690522
791303667
251869628
935237663
556776797
416958392
688260938
736313883
384204253
692802356
75043394
139182823
81241330
468219099
828356120
953441414
14068700
944426938
643621786
742242499
131171563
122620680
728773331
385034319
213199233
585143875
179239246
484328171
259644837
219829080
2038313
90532240
758403017
81223402
883519415
767448440
820368627
194290685
84416545
41816509
229384250
982668541
891638989
906705086
479193860
714182749
324743605
879668600
788903380
938497677
802157754
628853571
309722347
601213720
815170851
620102410
595092529
810768049
379185470
995142472
566835496
537650403
281420900
905547636
343495027
330014659
692632398
985481
372052178
286035539
638986029
713159659
34332086
774491972
765066467
659940051
842848534
881377422
732561235
938871574
97133507
303135126
855677242
743431503
378804931
67721878
564854229
830628614
379692736
247540866
395822343
672547397
6820705
194274957
339877100
879426670
574173551
459273468
204422575
208062430
740908040
573689348
621622902
461879215
408837414
347476590
990161564
771406334
564877265
550764719
328318819
219586258
620003729
732690377
656982343
520143746
854462298
736321796
157724267
672049
476768446
361155988
144136131
418867354
7496098
451869203
110297560
286047375
36116853
786826124
810087889
611443198
327248073
441747904
344807382
32550510
141081917
69701124
244128924
455603571
548086294
351214103
303726635
323132915
908058950
269442449
624349108
226208356
510251803
618204863
254137767
604649499
939010662
696837548
48411233
436231580
830418588
102213786
444454515
991151223
407398691
110425261
570324695
871938237
147592942
152077453
273535736
718211357
125361082
434353306
328211448
139543028
291345880
954052456
815198047
453248386
780296310
115477128
671602112
905349218
958862351
728545504
100247082
645442871
377171241
334302503
781593413
370053123
577446459
702759005
848467683
842104987
299022447
181330215
284927166
988215228
560709070
277744087
728998626
492496430
372585806
65597657
559355986
657533861
269266660
561531954
588757838
425875964
850609383
838272566
979388619
323001741
766533537
351124935
939391503
840214837
592766073
991843466
756155310
516659177
170650819
936690152
881224552
114105054
210855194
878987980
734298572
133977656
618265921
304996343
156965450
98917453
916873754
287982440
919129528
30593357
162558888
163818251
58670934
232879176
781214632
500208546
288284741
673232357
652539969
477473958
825811817
952525879
558279968
338802415
483964539
656519121
732762112
363897404
451063603
694609395
156515738
795771097
50427814
424900065
806108616
563279493
259458871
747802014
69618531
404457081
652854721
436077395
773988302
645125849
279422281
942332896
75882627
120895125
257928918
32250740
305036113
615542627
591871758
343821230
585416937
841354026
502194766
338653625
374039193
919106407
259601017
339569906
158216748
337167140
413741763
878085007
736560287
635719257
593181585
420554881
38652662
521510345
306752862
264374453
660737319
632096060
32651759
277018158
508265640
526312935
129951581
774616525
227877225
643610541
867407350
223552790
167356362
474709471
229314738
397267750
255958378
157870647
970526210
315930826
7385811
177942755
431579442
836999947
74592711
340253916
695679374
617066645
222613462
5263394
816343330
816035951
203253731
474650426
408594426
736898926
810067463
182343916
960545782
530462279
612729790
619806866
739318675
435641946
734506839
235516423
255113685
9844334
47888
838539839
781246288
241154172
824547372
893730789
810996818
820731290
523560674
384526861
743909918
732407123
26693059
707317499
505829267
342851657
778003343
993619584
699171789
194078290
760228832
417989365
793438994
950092008
614070132
711320039
190851340
702556753
893898831
601757432
