477312765
83857762
6567939
810507874
489358776
30995496
677647269
499090454
949454025
598341366
713920227
838195697
369912446
103736253
590585841
779408204
488015563
702611979
706444712
152136452
529634520
755290516
666482850
209312773
542982382
795553618
370683109
306378976
24943705
655004399
188540536
382222462
730363303
319845219
200327338
230332161
910409946
378939806
652101282
256478662
165449554
558570201
946778613
27545275
8562170
375811299
775715656
759880200
900145399
769762850
442284847
822342990
854723721
452493169
145242722
800482190
379139936
929206934
856604815
990887246
581808083
942098713
749124868
270709303
839041617
139405221
772340454
625278501
365673906
612623767
594208703
264970216
916565871
468158922
845733640
517598021
106124692
420579248
142269160
126522323
379560542
648670177
962164618
730044658
337940195
981339132
846299070
349190882
880832306
888615390
644626601
588596646
330542382
187436804
681471899
790380318
545447424
669354442
508964766
898258139
423486287
81383920
228891055
80052334
144687228
548489490
432235380
605963249
421929375
132231827
313254643
304498779
993829731
524126367
706487320
362730050
755677498
804115085
777324780
223768317
993606630
192767287
95700767
237280588
925336500
68190065
586397978
919365511
986883690
334303167
196045930
142358306
520116397
559523235
544819439
54302673
284843469
764299891
795560350
14206559
621022099
761866881
169344163
623955762
882619385
246152958
248022256
838648267
428198232
514382119
417412440
183898460
255999734
784104555
930267998
771946738
546895731
130570165
315607119
216647186
744638644
142121179
217623334
333542092
519712979
286309112
458569079
252681323
552698398
392625779
864813832
894045366
93870133
921060280
466225754
727480755
555639102
209221103
96587720
706128645
180186088
194875248
525362803
186045218
270528892
419433859
983269318
906980399
283791138
502061994
56563323
496099054
918383512
756683698
510442321
269967852
679521775
667051811
84309904
985256676
385843883
863992829
164253656
711087023
367110642
672668775
5293140
400796557
142389601
417874118
333897661
223191225
139382722
871229020
731315071
491862416
696181732
246725539
664962958
245667332
106523806
607069177
519941942
497364705
663454231
215911901
131046380
809564868
380820799
555673946
700784826
583806456
19664510
573289019
553068893
189680748
242664417
732360048
988530374
664918079
937211209
878786460
666468255
756254947
744893669
453435808
60510689
104943922
749904733
266715595
856836894
858185161
634336106
172599222
917875033
910759488
153872212
880896407
176271359
931014207
923177404
584078405
419313016
779040612
353050152
733524166
209657608
107159799
589988063
157740906
683957784
946085473
819697960
695511716
833876786
243796799
793552775
314572801
723913990
487480031
357220777
963170060
51928770
503089434
136625965
514368849
451402
523728204
964724708
15349667
555667869
716076891
144106010
555391478
558556800
322088152
619648696
253119781
949457743
348000566
943193729
379453033
243449559
502226072
953376905
896463917
593809954
830161306
916235268
240115446
157931697
726867577
144317055
34926760
129870246
661993675
519731119
200866801
841416632
152533901
65235006
795044335
941883069
96230621
901019841
696481947
720183452
603093131
279916685
442484891
275086702
403829875
974542309
531838095
20230576
471831591
394809296
631318746
180505665
304331497
284658437
384887902
466038190
665512054
125039349
698511151
174425359
777686122
205303339
212975844
658583455
996093541
225960358
41808879
939938073
508661027
448594339
732749312
347364726
110315077
795589111
574600914
739076745
13839251
879650238
525895375
6215150
562598283
932216839
294601675
861119164
195064673
911012532
839072643
919093420
417225048
834109106
92852666
795241821
562232577
66172304
531076078
684423160
430097485
417060368
314595967
942989971
697556171
414095679
738508452
134332790
91034898
318874328
769994602
618493649
431268078
921274080
214105660
757083677
653848654
240777622
833765776
92256692
702041666
854688012
501265293
147869185
251078855
163686989
329603271
397908648
58881359
852243386
711093778
363870207
276123797
701591826
836024264
496157077
664152815
627186601
497102763
75030535
620388472
471793794
475134071
324099490
93005418
154582493
68395408
898354426
886986280
644849833
125452638
991599614
187431537
712677119
724413787
467404185
671688670
61965457
483351631
283130652
106330783
708075932
363885076
259504509
448409551
345282748
930087339
724260170
38568396
43444236
124761734
872683538
360061775
976312884
506224351
337110559
208026703
360847891
924002764
530375801
224206934
582821678
81208887
683676984
502370940
229674283
16635868
38210521
432858587
589959189
382331727
564473402
11923688
800086652
855552355
552851752
401005286
230849458
502113509
220082442
178326319
917351624
529860353
83612755
496469652
608993498
42588860
25480376
299932744
955445315
205789213
902006862
923542009
495175906
769424459
313685561
547208521
250092962
859552912
55762317
919587345
822249419
246270827
440659611
4982874
191766198
805922987
684693315
231609908
885195029
758670903
715475139
744493376
571142495
53841872
426076247
915306372
228281275
516433313
793299395
623904259
257153181
632446501
962179271
614216470
78509003
666679694
595352126
880157449
255531648
602567193
205695632
601288123
19152038
202427115
542088380
935944718
26956555
139216739
293419914
149566322
652410856
666694722
615848847
461968097
209648979
436585262
172284444
25848851
107156038
867676650
478534213
112040239
664295578
116984497
836912099
930351779
157594685
251727213
552556905
351893187
147265110
493694459
863529258
640734040
194198317
389427084
465688022
38799299
469198131
858952387
299945041
551677893
344587780
53103947
124409978
544830888
737442337
538250730
525091287
383754829
176341796
664319815
705390154
735092593
848055024
848358736
457128545
957526571
131596017
788522707
845657692
903512513
894884834
741834220
996762424
89257149
456677829
488981063
758689175
622770918
400154703
570473102
737759528
674560595
294793615
997896641
761389448
848624953
901013174
793890269
258015404
583570164
788908996
519161201
754926428
974688156
736795381
188579313
717561709
613536788
647219430
291124936
192783102
40859291
419065478
249398977
235262181
404385871
369630890
720122538
591786044
497420543
624938445
458142040
176252904
830502691
152999551
424308911
233724552
599039712
870563891
149884969
626815570
498190121
946762073
648300800
649273181
878184641
53836612
289819130
466473391
