658290486
179205510
596014939
877375235
840566297
875120738
121165544
661235980
239683101
128503458
798302609
384306900
971288053
67481359
739881665
910693205
10786673
425666203
765600777
314625749
429024786
871032987
557811433
474359896
210528607
985427569
326084946
590082037
334758274
143405215
814384536
411312130
977443838
310255357
559422527
421856399
987251613
77250088
269904190
212196208
688832124
85720339
310878172
276812811
901002298
320321919
906517762
138828001
827514914
622475519
719143748
899087727
195692556
724293485
399045576
392806814
414103012
361979273
563970539
224379220
571505236
475197448
129554439
715386023
619295616
219690896
235304193
324562733
104274847
147920320
632482883
574250420
64381782
439957889
379539699
625703138
642045194
27658238
773435782
229584189
44599737
777276608
366344139
629704557
196792510
309158977
738572784
753276494
333661714
853248224
699082632
960323825
525655261
877769474
180194289
768839083
358824837
304558218
887529944
737974219
628025841
573447493
728181664
328251656
42380917
467469544
910400347
43684076
403666811
236168384
595234501
655206680
948624785
317572806
421252164
985168262
220844173
571751606
630613660
186356911
304695282
417097034
6945673
43986919
890145763
721563207
533714796
940186310
119331532
123402106
441941238
476706290
188378668
355291494
114342025
993978246
604664730
764527782
712872979
858858489
241089712
35744351
54028516
37196291
393161480
563847545
687257315
548367056
962899801
736636962
988593725
563999567
369350154
909023171
865092991
308774487
852754206
858098029
674796286
480168823
581318031
65229806
573139782
39153221
741429175
186917405
687555464
38663934
787856820
937808537
735521790
113996779
134789584
150768688
542724690
383821105
176821950
691514786
79815430
526848477
277939614
917266362
281217772
269490079
573856517
150909378
195187320
637481002
311936987
463009571
334376205
966640692
476509092
755214321
237695218
36588159
666205203
652700911
645851334
952220761
87368831
879248244
726082893
903595032
651329733
197931730
357425521
749717339
468839659
709540313
541643168
167671163
782233690
991003542
627732111
489546604
118820708
916121622
644890637
8862803
834710605
265836631
863762713
749643155
348916206
163308153
773274254
726583886
688788057
425200905
517711339
465722753
837082429
295287252
791071314
42645695
373133426
875379191
450384592
126981062
840775549
829954465
324778634
861003918
563620969
777336319
912655031
83732875
937132804
687204305
760612902
964577287
593745173
644139911
170128109
621130905
339900431
748932759
435794924
404406679
321096133
513824545
429994611
670970265
378418747
652269203
134658848
884636866
172524080
518644855
982942586
80985729
364174853
49152489
593955696
963968985
965669860
312099154
12291033
449890340
534749062
865100791
182655046
309411151
514978069
644123942
668752976
188273202
495930463
312352016
60873181
602223559
452214348
529502758
20194314
703122419
93521202
912813248
685009847
821794274
306337363
4322464
961676505
447080759
938803396
125848679
985812884
796480787
927642426
927237323
37444004
540636040
642336935
408313980
466348146
250256516
337854508
453726296
974554754
222619016
488914184
741878292
462264484
618437732
863046910
372723737
341411340
54588654
750252956
993509320
213330456
691081468
356659653
191485880
427892012
785863947
126880504
512754191
546700377
411163164
350665959
736610568
152191609
293715408
586401279
341576841
96635978
378883158
11384333
762698334
725630948
761329770
894379869
271849215
643923106
587037671
115000950
258172823
137577109
745276440
886588228
910118268
302080181
33034748
320043021
692057378
498849853
861026663
476105839
593257165
152450132
51721317
479214041
200812730
650472625
661607706
782913615
6382783
901185338
593192423
7033293
707071036
57127755
858150446
956215195
120348150
377192350
63134659
74569442
393514974
604545700
282760065
290198028
331391406
8413327
176178489
102661990
891495045
635213194
148842265
846274129
887813548
190714017
369592948
356322037
373512289
134907597
774133603
642808763
110080440
968077187
966052161
730859079
174897657
354124426
395087666
785512977
497405079
49717353
80414579
919618633
116056568
515314440
829993661
940170678
374811426
525083113
760014552
338009588
769941310
511550945
462434973
22182307
517798559
907451323
967981994
477464046
641865832
789074011
211981367
117383367
168791027
74942157
938979374
299862210
515358621
944356527
597556104
623320764
3050710
713939787
742387382
978024112
284526624
263255218
522411508
526932260
973848094
906096976
192866293
43121275
949959782
863539565
387540044
280207919
610752395
20414005
125477519
376812424
98438352
523708213
32781098
363820740
294781986
81230320
684756615
942662325
961921568
456651071
586396500
550132513
545752059
613099513
936814813
937232810
502558112
504437807
787167350
488562261
299454629
880385391
57232923
726730330
549617565
538626987
498145497
735587487
501655349
55411565
756816400
484261545
55611586
192974727
530424662
203850521
910584735
106551065
567845592
757595327
545601272
507817729
238239408
940847708
703120986
615951801
500691571
226398381
144537506
482416537
379561465
292270857
894161945
760583872
339939482
161255277
946334761
247791927
570006462
682939055
119244650
101535149
85736142
74422104
324654118
525059376
306250155
685753964
220124477
174789875
489530205
424349289
726769224
634017386
447182605
536682947
386988597
191703649
694576413
916982735
427864386
817607044
316641083
253939418
995836841
501581227
11990986
5295172
500233952
613037258
584811684
343112760
426289140
524551188
646148457
595013576
207373476
487289916
42322453
501088256
894485326
931446143
332455737
391404884
2138841
89390432
952943336
389332911
174043730
643803042
36040953
306150382
735074501
316056554
177604853
168485640
664251935
977256611
274520712
816790734
725531741
468949790
814282171
22034001
265196520
437115461
454233177
645129850
921691242
764899005
379834065
362223172
679878768
953304499
476950327
995728241
538006328
175439203
939582900
683110052
78502665
127705005
377300050
417678002
928125117
657872587
578052117
701160651
712207398
183407651
236978050
761777897
40045069
973718281
542777528
510603803
445707856
816534554
602537782
810124669
831497212
577287382
928393510
511553758
259172317
933861362
362019158
865983399
129755682
640882678
212772734
143408277
395132945
219583874
811103165
809856739
741695741
60469235
628666562
48023682
695045418
354180749
747041214
17605549
765135731
837706517
806001914
909240355
986446328
800322567
841680972
418361182
295648205
921522202
955024147
842140048
275314272
586548745
36201162
567915324
677265503
90898687
304043358
122676417
332822770
689817136
681889840
862352482
235961918
775229036
716548973
879778621
63385507
526859936
670963790
105997188
165343227
978124878
466956550
680156780
461773095
789586189
559517884
193146010
40717470
511663674
619035906
