60 871
671088638
0
0
0
0
0
0
0
0
0
0
0
0
0
0
0
0
0
0
0
0
0
0
0
0
0
0
0
0
0
0
0
0
0
0
0
0
0
0
0
0
0
0
0
0
0
0
0
0
0
0
0
0
0
0
0
0
0
0
-671088638
0 1 0 1 0
0 2 0 3 0
0 3 0 5 0
0 4 0 10 0
0 5 0 20 0
0 6 0 40 0
0 7 0 80 0
0 8 0 160 0
0 9 0 320 0
0 10 0 640 0
0 11 0 1280 0
0 12 0 2560 0
0 13 0 5120 0
0 14 0 10240 0
0 15 0 20480 0
0 16 0 40960 0
0 17 0 81920 0
0 18 0 163840 0
0 19 0 327680 0
0 20 0 655360 0
0 21 0 1310720 0
0 22 0 2621440 0
0 23 0 5242880 0
0 24 0 10485760 0
0 25 0 20971520 0
0 26 0 41943040 0
0 27 0 83886080 0
0 28 0 167772160 0
0 29 0 335544320 0
1 30 0 671088640 0
1 31 0 671088640 1
1 32 0 671088640 3
1 33 0 671088640 7
1 34 0 671088640 15
1 35 0 671088640 31
1 36 0 671088640 63
1 37 0 671088640 127
1 38 0 671088640 255
1 39 0 671088640 511
1 40 0 671088640 1023
1 41 0 671088640 2047
1 42 0 671088640 4095
1 43 0 671088640 8191
1 44 0 671088640 16383
1 45 0 671088640 32767
1 46 0 671088640 65535
1 47 0 671088640 131071
1 48 0 671088640 262143
1 49 0 671088640 524287
1 50 0 671088640 1048575
1 51 0 671088640 2097151
1 52 0 671088640 4194303
1 53 0 671088640 8388607
1 54 0 671088640 16777215
1 55 0 671088640 33554431
1 56 0 671088640 67108863
1 57 0 671088640 134217727
1 58 0 671088640 268435455
2 30 0 671088640 1
2 32 0 671088640 3
2 33 0 671088640 7
2 34 0 671088640 15
2 35 0 671088640 31
2 36 0 671088640 63
2 37 0 671088640 127
2 38 0 671088640 255
2 39 0 671088640 511
2 40 0 671088640 1023
2 41 0 671088640 2047
2 42 0 671088640 4095
2 43 0 671088640 8191
2 44 0 671088640 16383
2 45 0 671088640 32767
2 46 0 671088640 65535
2 47 0 671088640 131071
2 48 0 671088640 262143
2 49 0 671088640 524287
2 50 0 671088640 1048575
2 51 0 671088640 2097151
2 52 0 671088640 4194303
2 53 0 671088640 8388607
2 54 0 671088640 16777215
2 55 0 671088640 33554431
2 56 0 671088640 67108863
2 57 0 671088640 134217727
2 58 0 671088640 268435455
3 30 0 671088640 3
3 31 0 671088640 3
3 33 0 671088640 7
3 34 0 671088640 15
3 35 0 671088640 31
3 36 0 671088640 63
3 37 0 671088640 127
3 38 0 671088640 255
3 39 0 671088640 511
3 40 0 671088640 1023
3 41 0 671088640 2047
3 42 0 671088640 4095
3 43 0 671088640 8191
3 44 0 671088640 16383
3 45 0 671088640 32767
3 46 0 671088640 65535
3 47 0 671088640 131071
3 48 0 671088640 262143
3 49 0 671088640 524287
3 50 0 671088640 1048575
3 51 0 671088640 2097151
3 52 0 671088640 4194303
3 53 0 671088640 8388607
3 54 0 671088640 16777215
3 55 0 671088640 33554431
3 56 0 671088640 67108863
3 57 0 671088640 134217727
3 58 0 671088640 268435455
4 30 0 671088640 7
4 31 0 671088640 7
4 32 0 671088640 7
4 34 0 671088640 15
4 35 0 671088640 31
4 36 0 671088640 63
4 37 0 671088640 127
4 38 0 671088640 255
4 39 0 671088640 511
4 40 0 671088640 1023
4 41 0 671088640 2047
4 42 0 671088640 4095
4 43 0 671088640 8191
4 44 0 671088640 16383
4 45 0 671088640 32767
4 46 0 671088640 65535
4 47 0 671088640 131071
4 48 0 671088640 262143
4 49 0 671088640 524287
4 50 0 671088640 1048575
4 51 0 671088640 2097151
4 52 0 671088640 4194303
4 53 0 671088640 8388607
4 54 0 671088640 16777215
4 55 0 671088640 33554431
4 56 0 671088640 67108863
4 57 0 671088640 134217727
4 58 0 671088640 268435455
5 30 0 671088640 15
5 31 0 671088640 15
5 32 0 671088640 15
5 33 0 671088640 15
5 35 0 671088640 31
5 36 0 671088640 63
5 37 0 671088640 127
5 38 0 671088640 255
5 39 0 671088640 511
5 40 0 671088640 1023
5 41 0 671088640 2047
5 42 0 671088640 4095
5 43 0 671088640 8191
5 44 0 671088640 16383
5 45 0 671088640 32767
5 46 0 671088640 65535
5 47 0 671088640 131071
5 48 0 671088640 262143
5 49 0 671088640 524287
5 50 0 671088640 1048575
5 51 0 671088640 2097151
5 52 0 671088640 4194303
5 53 0 671088640 8388607
5 54 0 671088640 16777215
5 55 0 671088640 33554431
5 56 0 671088640 67108863
5 57 0 671088640 134217727
5 58 0 671088640 268435455
6 30 0 671088640 31
6 31 0 671088640 31
6 32 0 671088640 31
6 33 0 671088640 31
6 34 0 671088640 31
6 36 0 671088640 63
6 37 0 671088640 127
6 38 0 671088640 255
6 39 0 671088640 511
6 40 0 671088640 1023
6 41 0 671088640 2047
6 42 0 671088640 4095
6 43 0 671088640 8191
6 44 0 671088640 16383
6 45 0 671088640 32767
6 46 0 671088640 65535
6 47 0 671088640 131071
6 48 0 671088640 262143
6 49 0 671088640 524287
6 50 0 671088640 1048575
6 51 0 671088640 2097151
6 52 0 671088640 4194303
6 53 0 671088640 8388607
6 54 0 671088640 16777215
6 55 0 671088640 33554431
6 56 0 671088640 67108863
6 57 0 671088640 134217727
6 58 0 671088640 268435455
7 30 0 671088640 63
7 31 0 671088640 63
7 32 0 671088640 63
7 33 0 671088640 63
7 34 0 671088640 63
7 35 0 671088640 63
7 37 0 671088640 127
7 38 0 671088640 255
7 39 0 671088640 511
7 40 0 671088640 1023
7 41 0 671088640 2047
7 42 0 671088640 4095
7 43 0 671088640 8191
7 44 0 671088640 16383
7 45 0 671088640 32767
7 46 0 671088640 65535
7 47 0 671088640 131071
7 48 0 671088640 262143
7 49 0 671088640 524287
7 50 0 671088640 1048575
7 51 0 671088640 2097151
7 52 0 671088640 4194303
7 53 0 671088640 8388607
7 54 0 671088640 16777215
7 55 0 671088640 33554431
7 56 0 671088640 67108863
7 57 0 671088640 134217727
7 58 0 671088640 268435455
8 30 0 671088640 127
8 31 0 671088640 127
8 32 0 671088640 127
8 33 0 671088640 127
8 34 0 671088640 127
8 35 0 671088640 127
8 36 0 671088640 127
8 38 0 671088640 255
8 39 0 671088640 511
8 40 0 671088640 1023
8 41 0 671088640 2047
8 42 0 671088640 4095
8 43 0 671088640 8191
8 44 0 671088640 16383
8 45 0 671088640 32767
8 46 0 671088640 65535
8 47 0 671088640 131071
8 48 0 671088640 262143
8 49 0 671088640 524287
8 50 0 671088640 1048575
8 51 0 671088640 2097151
8 52 0 671088640 4194303
8 53 0 671088640 8388607
8 54 0 671088640 16777215
8 55 0 671088640 33554431
8 56 0 671088640 67108863
8 57 0 671088640 134217727
8 58 0 671088640 268435455
9 30 0 671088640 255
9 31 0 671088640 255
9 32 0 671088640 255
9 33 0 671088640 255
9 34 0 671088640 255
9 35 0 671088640 255
9 36 0 671088640 255
9 37 0 671088640 255
9 39 0 671088640 511
9 40 0 671088640 1023
9 41 0 671088640 2047
9 42 0 671088640 4095
9 43 0 671088640 8191
9 44 0 671088640 16383
9 45 0 671088640 32767
9 46 0 671088640 65535
9 47 0 671088640 131071
9 48 0 671088640 262143
9 49 0 671088640 524287
9 50 0 671088640 1048575
9 51 0 671088640 2097151
9 52 0 671088640 4194303
9 53 0 671088640 8388607
9 54 0 671088640 16777215
9 55 0 671088640 33554431
9 56 0 671088640 67108863
9 57 0 671088640 134217727
9 58 0 671088640 268435455
10 30 0 671088640 511
10 31 0 671088640 511
10 32 0 671088640 511
10 33 0 671088640 511
10 34 0 671088640 511
10 35 0 671088640 511
10 36 0 671088640 511
10 37 0 671088640 511
10 38 0 671088640 511
10 40 0 671088640 1023
10 41 0 671088640 2047
10 42 0 671088640 4095
10 43 0 671088640 8191
10 44 0 671088640 16383
10 45 0 671088640 32767
10 46 0 671088640 65535
10 47 0 671088640 131071
10 48 0 671088640 262143
10 49 0 671088640 524287
10 50 0 671088640 1048575
10 51 0 671088640 2097151
10 52 0 671088640 4194303
10 53 0 671088640 8388607
10 54 0 671088640 16777215
10 55 0 671088640 33554431
10 56 0 671088640 67108863
10 57 0 671088640 134217727
10 58 0 671088640 268435455
11 30 0 671088640 1023
11 31 0 671088640 1023
11 32 0 671088640 1023
11 33 0 671088640 1023
11 34 0 671088640 1023
11 35 0 671088640 1023
11 36 0 671088640 1023
11 37 0 671088640 1023
11 38 0 671088640 1023
11 39 0 671088640 1023
11 41 0 671088640 2047
11 42 0 671088640 4095
11 43 0 671088640 8191
11 44 0 671088640 16383
11 45 0 671088640 32767
11 46 0 671088640 65535
11 47 0 671088640 131071
11 48 0 671088640 262143
11 49 0 671088640 524287
11 50 0 671088640 1048575
11 51 0 671088640 2097151
11 52 0 671088640 4194303
11 53 0 671088640 8388607
11 54 0 671088640 16777215
11 55 0 671088640 33554431
11 56 0 671088640 67108863
11 57 0 671088640 134217727
11 58 0 671088640 268435455
12 30 0 671088640 2047
12 31 0 671088640 2047
12 32 0 671088640 2047
12 33 0 671088640 2047
12 34 0 671088640 2047
12 35 0 671088640 2047
12 36 0 671088640 2047
12 37 0 671088640 2047
12 38 0 671088640 2047
12 39 0 671088640 2047
12 40 0 671088640 2047
12 42 0 671088640 4095
12 43 0 671088640 8191
12 44 0 671088640 16383
12 45 0 671088640 32767
12 46 0 671088640 65535
12 47 0 671088640 131071
12 48 0 671088640 262143
12 49 0 671088640 524287
12 50 0 671088640 1048575
12 51 0 671088640 2097151
12 52 0 671088640 4194303
12 53 0 671088640 8388607
12 54 0 671088640 16777215
12 55 0 671088640 33554431
12 56 0 671088640 67108863
12 57 0 671088640 134217727
12 58 0 671088640 268435455
13 30 0 671088640 4095
13 31 0 671088640 4095
13 32 0 671088640 4095
13 33 0 671088640 4095
13 34 0 671088640 4095
13 35 0 671088640 4095
13 36 0 671088640 4095
13 37 0 671088640 4095
13 38 0 671088640 4095
13 39 0 671088640 4095
13 40 0 671088640 4095
13 41 0 671088640 4095
13 43 0 671088640 8191
13 44 0 671088640 16383
13 45 0 671088640 32767
13 46 0 671088640 65535
13 47 0 671088640 131071
13 48 0 671088640 262143
13 49 0 671088640 524287
13 50 0 671088640 1048575
13 51 0 671088640 2097151
13 52 0 671088640 4194303
13 53 0 671088640 8388607
13 54 0 671088640 16777215
13 55 0 671088640 33554431
13 56 0 671088640 67108863
13 57 0 671088640 134217727
13 58 0 671088640 268435455
14 30 0 671088640 8191
14 31 0 671088640 8191
14 32 0 671088640 8191
14 33 0 671088640 8191
14 34 0 671088640 8191
14 35 0 671088640 8191
14 36 0 671088640 8191
14 37 0 671088640 8191
14 38 0 671088640 8191
14 39 0 671088640 8191
14 40 0 671088640 8191
14 41 0 671088640 8191
14 42 0 671088640 8191
14 44 0 671088640 16383
14 45 0 671088640 32767
14 46 0 671088640 65535
14 47 0 671088640 131071
14 48 0 671088640 262143
14 49 0 671088640 524287
14 50 0 671088640 1048575
14 51 0 671088640 2097151
14 52 0 671088640 4194303
14 53 0 671088640 8388607
14 54 0 671088640 16777215
14 55 0 671088640 33554431
14 56 0 671088640 67108863
14 57 0 671088640 134217727
14 58 0 671088640 268435455
15 30 0 671088640 16383
15 31 0 671088640 16383
15 32 0 671088640 16383
15 33 0 671088640 16383
15 34 0 671088640 16383
15 35 0 671088640 16383
15 36 0 671088640 16383
15 37 0 671088640 16383
15 38 0 671088640 16383
15 39 0 671088640 16383
15 40 0 671088640 16383
15 41 0 671088640 16383
15 42 0 671088640 16383
15 43 0 671088640 16383
15 45 0 671088640 32767
15 46 0 671088640 65535
15 47 0 671088640 131071
15 48 0 671088640 262143
15 49 0 671088640 524287
15 50 0 671088640 1048575
15 51 0 671088640 2097151
15 52 0 671088640 4194303
15 53 0 671088640 8388607
15 54 0 671088640 16777215
15 55 0 671088640 33554431
15 56 0 671088640 67108863
15 57 0 671088640 134217727
15 58 0 671088640 268435455
16 30 0 671088640 32767
16 31 0 671088640 32767
16 32 0 671088640 32767
16 33 0 671088640 32767
16 34 0 671088640 32767
16 35 0 671088640 32767
16 36 0 671088640 32767
16 37 0 671088640 32767
16 38 0 671088640 32767
16 39 0 671088640 32767
16 40 0 671088640 32767
16 41 0 671088640 32767
16 42 0 671088640 32767
16 43 0 671088640 32767
16 44 0 671088640 32767
16 46 0 671088640 65535
16 47 0 671088640 131071
16 48 0 671088640 262143
16 49 0 671088640 524287
16 50 0 671088640 1048575
16 51 0 671088640 2097151
16 52 0 671088640 4194303
16 53 0 671088640 8388607
16 54 0 671088640 16777215
16 55 0 671088640 33554431
16 56 0 671088640 67108863
16 57 0 671088640 134217727
16 58 0 671088640 268435455
17 30 0 671088640 65535
17 31 0 671088640 65535
17 32 0 671088640 65535
17 33 0 671088640 65535
17 34 0 671088640 65535
17 35 0 671088640 65535
17 36 0 671088640 65535
17 37 0 671088640 65535
17 38 0 671088640 65535
17 39 0 671088640 65535
17 40 0 671088640 65535
17 41 0 671088640 65535
17 42 0 671088640 65535
17 43 0 671088640 65535
17 44 0 671088640 65535
17 45 0 671088640 65535
17 47 0 671088640 131071
17 48 0 671088640 262143
17 49 0 671088640 524287
17 50 0 671088640 1048575
17 51 0 671088640 2097151
17 52 0 671088640 4194303
17 53 0 671088640 8388607
17 54 0 671088640 16777215
17 55 0 671088640 33554431
17 56 0 671088640 67108863
17 57 0 671088640 134217727
17 58 0 671088640 268435455
18 30 0 671088640 131071
18 31 0 671088640 131071
18 32 0 671088640 131071
18 33 0 671088640 131071
18 34 0 671088640 131071
18 35 0 671088640 131071
18 36 0 671088640 131071
18 37 0 671088640 131071
18 38 0 671088640 131071
18 39 0 671088640 131071
18 40 0 671088640 131071
18 41 0 671088640 131071
18 42 0 671088640 131071
18 43 0 671088640 131071
18 44 0 671088640 131071
18 45 0 671088640 131071
18 46 0 671088640 131071
18 48 0 671088640 262143
18 49 0 671088640 524287
18 50 0 671088640 1048575
18 51 0 671088640 2097151
18 52 0 671088640 4194303
18 53 0 671088640 8388607
18 54 0 671088640 16777215
18 55 0 671088640 33554431
18 56 0 671088640 67108863
18 57 0 671088640 134217727
18 58 0 671088640 268435455
19 30 0 671088640 262143
19 31 0 671088640 262143
19 32 0 671088640 262143
19 33 0 671088640 262143
19 34 0 671088640 262143
19 35 0 671088640 262143
19 36 0 671088640 262143
19 37 0 671088640 262143
19 38 0 671088640 262143
19 39 0 671088640 262143
19 40 0 671088640 262143
19 41 0 671088640 262143
19 42 0 671088640 262143
19 43 0 671088640 262143
19 44 0 671088640 262143
19 45 0 671088640 262143
19 46 0 671088640 262143
19 47 0 671088640 262143
19 49 0 671088640 524287
19 50 0 671088640 1048575
19 51 0 671088640 2097151
19 52 0 671088640 4194303
19 53 0 671088640 8388607
19 54 0 671088640 16777215
19 55 0 671088640 33554431
19 56 0 671088640 67108863
19 57 0 671088640 134217727
19 58 0 671088640 268435455
20 30 0 671088640 524287
20 31 0 671088640 524287
20 32 0 671088640 524287
20 33 0 671088640 524287
20 34 0 671088640 524287
20 35 0 671088640 524287
20 36 0 671088640 524287
20 37 0 671088640 524287
20 38 0 671088640 524287
20 39 0 671088640 524287
20 40 0 671088640 524287
20 41 0 671088640 524287
20 42 0 671088640 524287
20 43 0 671088640 524287
20 44 0 671088640 524287
20 45 0 671088640 524287
20 46 0 671088640 524287
20 47 0 671088640 524287
20 48 0 671088640 524287
20 50 0 671088640 1048575
20 51 0 671088640 2097151
20 52 0 671088640 4194303
20 53 0 671088640 8388607
20 54 0 671088640 16777215
20 55 0 671088640 33554431
20 56 0 671088640 67108863
20 57 0 671088640 134217727
20 58 0 671088640 268435455
21 30 0 671088640 1048575
21 31 0 671088640 1048575
21 32 0 671088640 1048575
21 33 0 671088640 1048575
21 34 0 671088640 1048575
21 35 0 671088640 1048575
21 36 0 671088640 1048575
21 37 0 671088640 1048575
21 38 0 671088640 1048575
21 39 0 671088640 1048575
21 40 0 671088640 1048575
21 41 0 671088640 1048575
21 42 0 671088640 1048575
21 43 0 671088640 1048575
21 44 0 671088640 1048575
21 45 0 671088640 1048575
21 46 0 671088640 1048575
21 47 0 671088640 1048575
21 48 0 671088640 1048575
21 49 0 671088640 1048575
21 51 0 671088640 2097151
21 52 0 671088640 4194303
21 53 0 671088640 8388607
21 54 0 671088640 16777215
21 55 0 671088640 33554431
21 56 0 671088640 67108863
21 57 0 671088640 134217727
21 58 0 671088640 268435455
22 30 0 671088640 2097151
22 31 0 671088640 2097151
22 32 0 671088640 2097151
22 33 0 671088640 2097151
22 34 0 671088640 2097151
22 35 0 671088640 2097151
22 36 0 671088640 2097151
22 37 0 671088640 2097151
22 38 0 671088640 2097151
22 39 0 671088640 2097151
22 40 0 671088640 2097151
22 41 0 671088640 2097151
22 42 0 671088640 2097151
22 43 0 671088640 2097151
22 44 0 671088640 2097151
22 45 0 671088640 2097151
22 46 0 671088640 2097151
22 47 0 671088640 2097151
22 48 0 671088640 2097151
22 49 0 671088640 2097151
22 50 0 671088640 2097151
22 52 0 671088640 4194303
22 53 0 671088640 8388607
22 54 0 671088640 16777215
22 55 0 671088640 33554431
22 56 0 671088640 67108863
22 57 0 671088640 134217727
22 58 0 671088640 268435455
23 30 0 671088640 4194303
23 31 0 671088640 4194303
23 32 0 671088640 4194303
23 33 0 671088640 4194303
23 34 0 671088640 4194303
23 35 0 671088640 4194303
23 36 0 671088640 4194303
23 37 0 671088640 4194303
23 38 0 671088640 4194303
23 39 0 671088640 4194303
23 40 0 671088640 4194303
23 41 0 671088640 4194303
23 42 0 671088640 4194303
23 43 0 671088640 4194303
23 44 0 671088640 4194303
23 45 0 671088640 4194303
23 46 0 671088640 4194303
23 47 0 671088640 4194303
23 48 0 671088640 4194303
23 49 0 671088640 4194303
23 50 0 671088640 4194303
23 51 0 671088640 4194303
23 53 0 671088640 8388607
23 54 0 671088640 16777215
23 55 0 671088640 33554431
23 56 0 671088640 67108863
23 57 0 671088640 134217727
23 58 0 671088640 268435455
24 30 0 671088640 8388607
24 31 0 671088640 8388607
24 32 0 671088640 8388607
24 33 0 671088640 8388607
24 34 0 671088640 8388607
24 35 0 671088640 8388607
24 36 0 671088640 8388607
24 37 0 671088640 8388607
24 38 0 671088640 8388607
24 39 0 671088640 8388607
24 40 0 671088640 8388607
24 41 0 671088640 8388607
24 42 0 671088640 8388607
24 43 0 671088640 8388607
24 44 0 671088640 8388607
24 45 0 671088640 8388607
24 46 0 671088640 8388607
24 47 0 671088640 8388607
24 48 0 671088640 8388607
24 49 0 671088640 8388607
24 50 0 671088640 8388607
24 51 0 671088640 8388607
24 52 0 671088640 8388607
24 54 0 671088640 16777215
24 55 0 671088640 33554431
24 56 0 671088640 67108863
24 57 0 671088640 134217727
24 58 0 671088640 268435455
25 30 0 671088640 16777215
25 31 0 671088640 16777215
25 32 0 671088640 16777215
25 33 0 671088640 16777215
25 34 0 671088640 16777215
25 35 0 671088640 16777215
25 36 0 671088640 16777215
25 37 0 671088640 16777215
25 38 0 671088640 16777215
25 39 0 671088640 16777215
25 40 0 671088640 16777215
25 41 0 671088640 16777215
25 42 0 671088640 16777215
25 43 0 671088640 16777215
25 44 0 671088640 16777215
25 45 0 671088640 16777215
25 46 0 671088640 16777215
25 47 0 671088640 16777215
25 48 0 671088640 16777215
25 49 0 671088640 16777215
25 50 0 671088640 16777215
25 51 0 671088640 16777215
25 52 0 671088640 16777215
25 53 0 671088640 16777215
25 55 0 671088640 33554431
25 56 0 671088640 67108863
25 57 0 671088640 134217727
25 58 0 671088640 268435455
26 30 0 671088640 33554431
26 31 0 671088640 33554431
26 32 0 671088640 33554431
26 33 0 671088640 33554431
26 34 0 671088640 33554431
26 35 0 671088640 33554431
26 36 0 671088640 33554431
26 37 0 671088640 33554431
26 38 0 671088640 33554431
26 39 0 671088640 33554431
26 40 0 671088640 33554431
26 41 0 671088640 33554431
26 42 0 671088640 33554431
26 43 0 671088640 33554431
26 44 0 671088640 33554431
26 45 0 671088640 33554431
26 46 0 671088640 33554431
26 47 0 671088640 33554431
26 48 0 671088640 33554431
26 49 0 671088640 33554431
26 50 0 671088640 33554431
26 51 0 671088640 33554431
26 52 0 671088640 33554431
26 53 0 671088640 33554431
26 54 0 671088640 33554431
26 56 0 671088640 67108863
26 57 0 671088640 134217727
26 58 0 671088640 268435455
27 30 0 671088640 67108863
27 31 0 671088640 67108863
27 32 0 671088640 67108863
27 33 0 671088640 67108863
27 34 0 671088640 67108863
27 35 0 671088640 67108863
27 36 0 671088640 67108863
27 37 0 671088640 67108863
27 38 0 671088640 67108863
27 39 0 671088640 67108863
27 40 0 671088640 67108863
27 41 0 671088640 67108863
27 42 0 671088640 67108863
27 43 0 671088640 67108863
27 44 0 671088640 67108863
27 45 0 671088640 67108863
27 46 0 671088640 67108863
27 47 0 671088640 67108863
27 48 0 671088640 67108863
27 49 0 671088640 67108863
27 50 0 671088640 67108863
27 51 0 671088640 67108863
27 52 0 671088640 67108863
27 53 0 671088640 67108863
27 54 0 671088640 67108863
27 55 0 671088640 67108863
27 57 0 671088640 134217727
27 58 0 671088640 268435455
28 30 0 671088640 134217727
28 31 0 671088640 134217727
28 32 0 671088640 134217727
28 33 0 671088640 134217727
28 34 0 671088640 134217727
28 35 0 671088640 134217727
28 36 0 671088640 134217727
28 37 0 671088640 134217727
28 38 0 671088640 134217727
28 39 0 671088640 134217727
28 40 0 671088640 134217727
28 41 0 671088640 134217727
28 42 0 671088640 134217727
28 43 0 671088640 134217727
28 44 0 671088640 134217727
28 45 0 671088640 134217727
28 46 0 671088640 134217727
28 47 0 671088640 134217727
28 48 0 671088640 134217727
28 49 0 671088640 134217727
28 50 0 671088640 134217727
28 51 0 671088640 134217727
28 52 0 671088640 134217727
28 53 0 671088640 134217727
28 54 0 671088640 134217727
28 55 0 671088640 134217727
28 56 0 671088640 134217727
28 58 0 671088640 268435455
29 30 0 671088640 268435455
29 31 0 671088640 268435455
29 32 0 671088640 268435455
29 33 0 671088640 268435455
29 34 0 671088640 268435455
29 35 0 671088640 268435455
29 36 0 671088640 268435455
29 37 0 671088640 268435455
29 38 0 671088640 268435455
29 39 0 671088640 268435455
29 40 0 671088640 268435455
29 41 0 671088640 268435455
29 42 0 671088640 268435455
29 43 0 671088640 268435455
29 44 0 671088640 268435455
29 45 0 671088640 268435455
29 46 0 671088640 268435455
29 47 0 671088640 268435455
29 48 0 671088640 268435455
29 49 0 671088640 268435455
29 50 0 671088640 268435455
29 51 0 671088640 268435455
29 52 0 671088640 268435455
29 53 0 671088640 268435455
29 54 0 671088640 268435455
29 55 0 671088640 268435455
29 56 0 671088640 268435455
29 57 0 671088640 268435455
30 59 0 2 0
31 59 0 2 0
32 59 0 5 0
33 59 0 10 0
34 59 0 20 0
35 59 0 40 0
36 59 0 80 0
37 59 0 160 0
38 59 0 320 0
39 59 0 640 0
40 59 0 1280 0
41 59 0 2560 0
42 59 0 5120 0
43 59 0 10240 0
44 59 0 20480 0
45 59 0 40960 0
46 59 0 81920 0
47 59 0 163840 0
48 59 0 327680 0
49 59 0 655360 0
50 59 0 1310720 0
51 59 0 2621440 0
52 59 0 5242880 0
53 59 0 10485760 0
54 59 0 20971520 0
55 59 0 41943040 0
56 59 0 83886080 0
57 59 0 167772160 0
58 59 0 335544320 0
