100 1000
0
0
0
0
0
0
0
0
0
0
0
0
0
0
0
0
0
1000000000
0
0
0
0
0
0
0
0
0
0
0
0
0
0
0
0
0
0
0
0
0
0
0
0
0
0
0
0
0
0
0
0
0
0
0
0
0
0
0
0
0
0
0
0
0
0
0
0
0
0
0
0
0
0
0
0
0
0
0
0
0
0
0
0
0
0
0
0
-1000000000
0
0
0
0
0
0
0
0
0
0
0
0
0
40 97 0 66998 987237904
15 84 0 261497989 90432959
5 44 0 1087329 210508843
60 39 0 12527872 174527307
23 43 0 30633 16841584
81 6 0 12852540 820691832
56 9 0 1000000000 4
1 70 0 1000000000 371497588
1 83 0 517117358 4
77 88 0 1000000000 166666666
40 39 0 34 259697963
58 78 0 73235244 917920883
1 97 0 49833632 737078118
30 96 0 684217409 784710659
98 40 0 1000000000 5
94 53 0 80428266 405388162
38 36 0 47441 570800478
94 14 0 814210975 6
11 35 0 4686595 290990810
84 76 0 1000000000 27095401
46 35 0 1524 438214172
33 41 0 72774426 142499012
92 66 0 12830663 687286822
51 46 0 20446800 8196452
74 90 0 1000000000 166666666
64 39 0 339604547 374015703
32 46 0 1000000000 166666666
76 40 0 17026746 121469685
96 3 0 294532483 0
56 76 0 1000000000 6
65 48 0 1000000000 7
49 37 0 1000000000 7
25 33 0 15953639 199854479
27 57 0 1000000000 8
85 54 0 1000000000 166666666
42 76 0 1000000000 166666666
16 38 0 1000000000 166666666
4 53 0 127 968597053
63 43 0 1701 464343467
2 46 0 1000000000 1
73 99 0 1000000000 2
3 65 0 2578045 318814829
88 87 0 1000000000 166666666
82 75 0 1000000000 946485262
61 83 0 29531 825720579
60 21 0 1000000000 1
42 76 0 1000000000 5
76 56 0 1000000000 0
77 33 0 573590031 724580031
98 63 0 1000000000 641888837
34 67 0 1000000000 948980014
65 10 0 1000000000 2
17 12 0 2418798 391529004
61 62 0 13375849 414292041
94 98 0 219669536 8
21 11 0 1000000000 5
52 5 0 125118584 111610925
58 1 0 8913 549865663
94 40 0 783196225 1
50 72 0 2249198 501464740
77 38 0 567682542 42498443
19 17 0 1000000000 2
58 76 0 665771518 146815555
2 60 0 2023307 278084952
60 89 0 1000000000 166666666
37 86 0 37855 580697982
87 20 0 6593471 887369749
40 52 0 1000000000 8
68 21 0 6287 457075770
83 89 0 271493099 389113070
2 64 0 14945 151053092
13 70 0 1000000000 4
15 58 0 1000000000 261608652
21 22 0 110676142 341142379
55 72 0 1000000000 166666666
42 79 0 627592097 862932038
90 99 0 7674 828913371
53 47 0 1930523 87276551
72 71 0 338152925 208273167
54 1 0 1000000000 166666666
53 54 0 1000000000 5
94 98 0 1000000000 166666666
16 17 0 237 5
75 21 0 324 173340847
40 49 0 626025214 438817307
46 8 0 1790901 71154131
84 40 0 3951549 100428586
7 21 0 1000000000 4
85 3 0 1000000000 61437201
41 89 0 7772636 638261095
5 21 0 23615060 344063342
42 99 0 1086 565587771
83 86 0 379671 874246873
97 39 0 70448588 375972037
9 85 0 363172 432718841
24 71 0 1000000000 6
21 7 0 1000000000 6
62 66 0 34153 202167267
76 2 0 5658058 356086561
76 77 0 1000000000 3
0 59 0 31623 500000000
16 38 0 1000000000 0
38 83 0 13727979 762355373
58 70 0 408 643577052
33 66 0 550 887098632
25 37 0 737 667920420
18 39 0 49728990 59439098
81 50 0 1000000000 284824441
33 87 0 630305143 5
23 55 0 539503 191372444
4 34 0 1000000000 166666666
51 13 0 2220074 654541229
83 48 0 50111 61768104
14 6 0 5043126 802808282
38 52 0 1000000000 166666666
47 35 0 728657275 557131032
93 72 0 1000000000 0
41 83 0 654553592 828316156
98 3 0 7433435 609468208
45 79 0 1000000000 7
56 53 0 354013 213897873
15 78 0 10665871 68788065
13 35 0 2267703 569685784
63 41 0 416127807 5
76 68 0 1000000000 3
69 23 0 34733 441517454
51 47 0 211 776921868
30 21 0 42706341 606047379
62 36 0 2959 600790025
98 73 0 177195 386511085
34 9 0 78613417 828797418
95 55 0 1000000000 4
14 50 0 648473090 796384905
14 72 0 15717 846832608
89 36 0 1000000000 134235576
15 16 0 322043 404659740
17 16 0 163 7
61 33 0 152358884 965931255
57 61 0 915039122 962832537
90 79 0 1000000000 316634023
23 65 0 107409 556789629
90 78 0 1000000000 166666666
18 66 0 266865597 1
9 45 0 656965729 830771411
87 13 0 39182 690751828
74 78 0 1000000000 4
65 43 0 1000000000 789717229
49 60 0 61419701 572144418
57 82 0 1000000000 4
29 58 0 1000000000 7
73 99 0 1000000000 166666666
10 48 0 1000000000 5
12 52 0 1000000000 235526384
41 66 0 393829 508591076
57 38 0 12763871 18500767
81 72 0 363811 814379328
86 43 0 113898048 4
92 48 0 5557738 892327665
3 73 0 141710450 276514370
69 80 0 1000000000 5
80 7 0 1327 536902190
46 20 0 1000000000 513172070
27 82 0 1000000000 6
55 65 0 1000000000 94444208
44 8 0 1000000000 166666666
78 33 0 1000000000 7
52 94 0 1000000000 3
29 67 0 1000000000 166666666
32 81 0 379559256 6
61 26 0 1000000000 6
42 77 0 900528885 3
21 24 0 4983654 414298055
12 44 0 162 265659335
67 69 0 235753588 629590280
50 37 0 1000000000 4
67 63 0 179619 683073052
58 2 0 84505 607374294
77 92 0 38027 787978220
58 84 0 119375760 781317103
27 80 0 1000000000 810185373
75 32 0 2013794 588637765
4 56 0 30517837 850503256
19 15 0 1000000000 5
69 3 0 1224 836425335
68 42 0 817922430 1
3 92 0 1000000000 2
95 72 0 1000000000 6
26 53 0 31242 667176302
33 62 0 675274311 171462151
83 36 0 69717519 321310295
63 73 0 2474608 988012968
62 37 0 503609911 289139336
45 91 0 215341 754343496
37 36 0 5393958 617707768
18 93 0 1000000000 7
67 85 0 2453 880824129
9 77 0 1000000000 7
69 63 0 594982 628733948
60 18 0 493509672 428982535
98 14 0 1000000000 3
74 73 0 2615 509951780
13 6 0 1000000000 7
54 83 0 1000000000 1
96 22 0 13913209 294628658
81 99 0 960927 84798565
47 10 0 1000000000 8
94 46 0 545531910 942812906
87 46 0 44476457 307596171
32 5 0 197687669 430759485
36 66 0 1000000000 413958852
45 16 0 1000000000 2
62 41 0 1000000000 28840465
23 85 0 1000000000 259901832
87 94 0 472621801 686780503
60 64 0 7740700 784149602
68 32 0 8400080 259159782
51 79 0 1000000000 4
98 55 0 43872 960381632
70 18 0 97307761 873121285
36 48 0 647323266 401176537
44 99 0 1000000000 5
53 1 0 1000000000 7
70 13 0 301488891 8
29 27 0 1000000000 3
14 71 0 113 45478688
34 23 0 993 351582867
78 16 0 1000000000 503785238
20 13 0 166976462 172711220
40 94 0 785503086 6
99 71 0 3608562 105343945
17 34 0 904591477 7
68 96 0 49550 203903589
66 86 0 594315759 557928730
78 2 0 98570123 435765501
17 95 0 194 6
55 17 0 176 5
4 19 0 1000000000 5
77 37 0 215788 163346712
75 26 0 1000000000 166666666
76 97 0 304 116595920
73 55 0 1000000000 420890506
88 96 0 199884 289285115
81 71 0 2984 665351001
2 41 0 206912110 1
50 54 0 1000000000 278579115
80 14 0 5744250 477142222
17 52 0 198950 648915060
34 25 0 1000000000 8
79 7 0 178503 315420519
87 90 0 1000000000 2
74 98 0 404675996 835084256
38 37 0 107358345 5034216
15 4 0 1000000000 6
97 36 0 1000000000 4
29 13 0 663 345921850
2 18 0 2477 543794121
93 22 0 1000000000 105804399
23 49 0 1000000000 3
85 43 0 376175 607978308
97 36 0 1000000000 166666666
2 41 0 1000000000 166666666
11 91 0 1000000000 166666666
53 11 0 623844641 93839784
59 86 0 31623 500000000
55 66 0 274557789 7
9 3 0 4385 829321573
27 79 0 14811916 616256447
86 35 0 1000000000 0
17 30 0 953 92877149
68 56 0 1000000000 0
90 50 0 3131368 636657934
14 40 0 1000000000 166666666
89 44 0 1000000000 166666666
32 63 0 1000000000 5
89 48 0 31587359 650417513
39 35 0 483288798 7
92 86 0 1527750 706232028
52 21 0 1005577 884615881
62 92 0 3131987 203480531
50 71 0 55494 973359319
9 42 0 89822120 7
98 91 0 249032 657678351
80 54 0 10766 261586216
85 91 0 596771179 908345199
40 62 0 1000000000 166666666
80 84 0 1000000000 166666666
79 50 0 31420025 21224167
83 92 0 1000000000 715159124
80 6 0 6125 145339417
37 48 0 115054 731767781
62 89 0 190582 907604123
65 64 0 1000000000 0
29 46 0 338802 115357693
12 22 0 457 870234630
17 61 0 245 1
17 66 0 178 1
93 95 0 1000000000 166666666
32 24 0 147 338163188
60 89 0 1000000000 7
7 60 0 1000000000 4
41 63 0 1000000000 8
16 12 0 1000000000 8
89 11 0 1000000000 6
10 64 0 1000000000 8
97 64 0 324058125 546230839
60 97 0 1000000000 162534772
51 16 0 1000000000 6
26 69 0 1000000000 166666666
82 67 0 624925328 0
80 50 0 177028 24607049
27 6 0 594 984049234
33 37 0 7640148 322435939
22 47 0 1000000000 166666666
16 49 0 22003276 553045871
15 76 0 2809915 782068750
45 85 0 3115316 36728240
14 99 0 333547 224136670
80 17 0 26 2
34 98 0 52544 74274582
4 94 0 151105 640476170
79 14 0 262541977 70070657
15 1 0 299 425518521
89 86 0 12160742 243662518
73 36 0 1000000000 2
72 66 0 1000000000 1
78 33 0 1000000000 166666666
78 87 0 1000000000 5
12 79 0 1000000000 5
67 27 0 1000000000 8
76 70 0 22885 115324028
88 5 0 7623585 308727270
29 94 0 276164 110144190
96 13 0 1000000000 6
27 58 0 1000000000 166666666
90 88 0 424003389 3
81 10 0 18706 743364436
70 92 0 1000000000 166666666
20 23 0 1000000000 4
19 17 0 254 7
25 82 0 1000000000 166666666
54 71 0 105261 245527078
47 64 0 1000000000 0
34 63 0 54388 60741568
35 39 0 1000000000 6
91 7 0 1000000000 8
79 38 0 615062868 1
8 73 0 1000000000 6
30 93 0 15454828 224925917
17 88 0 510128 899491439
50 49 0 1000000000 4
56 11 0 8298 374303926
72 18 0 1000000000 166666666
20 47 0 291547 254191387
40 60 0 2049717 849143087
7 89 0 1000000000 1
16 2 0 706415704 981221269
85 54 0 1000000000 8
79 72 0 8878 317983042
51 45 0 1000000000 166666666
83 53 0 1000000000 3
90 6 0 335194 49376055
26 69 0 1000000000 2
25 61 0 605953551 83358004
76 60 0 3972 257292828
5 30 0 169140054 754984656
12 32 0 197544213 291832441
87 74 0 1000000000 166666666
63 55 0 102749 810744809
40 62 0 1000000000 7
48 24 0 1000000000 166666666
38 51 0 1000000000 2
88 21 0 9916 42157646
90 7 0 45239 193126955
63 3 0 40274730 998234044
2 39 0 3357 534861317
28 0 0 31623 500000000
95 35 0 40669484 50781739
46 63 0 1000000000 7
52 98 0 1000000000 7
44 73 0 1000000000 4
54 99 0 18535623 427630843
15 25 0 1000000000 166666666
22 65 0 1000000000 8
63 65 0 2054 27658160
66 48 0 1000000000 913014032
37 20 0 1000000000 1
2 49 0 1000000000 184900696
17 82 0 1000000000 290651129
64 17 0 235 7
43 39 0 242511095 5
91 55 0 205173905 103412958
55 72 0 819070396 7
83 66 0 13867374 592383598
74 63 0 79869481 535544872
42 14 0 47874157 246440190
6 10 0 2550765 859943596
75 68 0 1000000000 723199614
65 10 0 1000000000 166666666
6 72 0 28207328 166164807
74 91 0 18912 909193437
32 30 0 495946912 526913381
13 11 0 1000000000 295847029
11 47 0 50948650 758631109
70 60 0 1000000000 138890881
96 93 0 53846423 902903917
82 29 0 1000000000 166666666
56 51 0 144587550 203982617
87 11 0 39541 765940570
53 35 0 161778 285696958
24 43 0 1000000000 1
33 38 0 1000000000 696294664
91 89 0 1000000000 8
45 98 0 1000000000 967793418
22 47 0 1000000000 8
24 35 0 1000000000 166666666
23 3 0 422082187 345875717
90 33 0 1000000000 3
79 12 0 1000000000 2
43 71 0 1000000000 7
96 21 0 1000000000 156721452
17 4 0 184915322 8
85 55 0 761628 450670334
52 30 0 103795459 414077088
44 93 0 1000000000 491733369
36 8 0 1000000000 1
21 11 0 1000000000 166666666
50 6 0 693289235 268519647
77 62 0 6414776 626208603
99 44 0 1000000000 6
37 23 0 112385990 8
33 74 0 1000000000 0
82 68 0 738987510 127707583
98 85 0 52548438 369506558
98 65 0 8996 171247931
77 56 0 63274961 5
57 37 0 41434 41216015
2 97 0 1629221 901445431
69 91 0 403 967354823
16 51 0 1000000000 5
80 79 0 62090693 304410136
89 91 0 1000000000 5
86 24 0 410208140 0
41 92 0 95069166 269111553
46 63 0 1000000000 166666666
61 89 0 678 360333057
7 60 0 1000000000 166666666
14 7 0 1947700 491995585
2 70 0 83210286 417306373
37 92 0 567410654 734730307
89 21 0 1000000000 8
90 81 0 20776999 65427455
94 11 0 1091276 867951309
37 30 0 1000000000 166666666
79 16 0 1000000000 166666666
95 18 0 1000000000 2
17 81 0 89 7
17 56 0 31 0
78 49 0 9071648 760154819
69 61 0 1000000000 3
18 64 0 730713816 786211863
19 14 0 374194 277746311
38 41 0 41254064 237432995
27 54 0 3539 567360493
71 24 0 1000000000 1
63 91 0 10358572 457370971
32 21 0 10676058 6654999
25 38 0 2222144 777524742
4 20 0 3628 702040768
13 95 0 95677733 740657353
25 62 0 67416 74377247
25 4 0 1000000000 0
88 12 0 1000000000 584399792
33 36 0 2281 175591280
30 22 0 740483 241437385
35 43 0 1000000000 166666666
42 90 0 1000000000 307454846
8 35 0 37308690 893206675
62 48 0 7684 814053564
57 75 0 1000000000 166666666
77 83 0 46369 9610014
19 42 0 58114637 160816361
88 87 0 1000000000 2
15 2 0 55661 106356383
9 42 0 1000000000 166666666
84 16 0 17442743 347951437
79 6 0 47466 464163859
6 7 0 1000000000 594658998
75 26 0 1000000000 2
65 17 0 154 4
87 74 0 1000000000 2
58 57 0 1000000000 3
27 90 0 86455888 770327131
94 8 0 27565 383530809
34 19 0 1000000000 166666666
34 19 0 1000000000 2
41 86 0 1120 901338534
4 34 0 1000000000 3
53 95 0 6385868 216945091
34 45 0 200140 581917109
43 71 0 1000000000 166666666
67 27 0 1000000000 166666666
33 89 0 36272 882058934
74 55 0 1361 989316075
98 14 0 1000000000 166666666
26 87 0 9052613 327617414
11 60 0 1000000000 4
47 65 0 122265406 3
49 70 0 603174874 660447970
99 36 0 1000000000 0
77 89 0 7251 392763143
70 92 0 1000000000 4
62 32 0 1000000000 166666666
49 64 0 24064 393218641
90 78 0 1000000000 0
63 81 0 1000000000 6
45 23 0 12953903 420728170
16 1 0 15669692 983393252
79 16 0 616429627 5
50 10 0 210198 332398808
61 69 0 1000000000 4
58 29 0 1000000000 6
30 53 0 1000000000 166666666
30 24 0 315907 217923638
81 41 0 1000000000 8
54 10 0 1678914 355932204
5 22 0 126386 484589980
12 45 0 1000000000 6
9 91 0 3854 171890978
94 20 0 134982834 588204004
78 1 0 483895 381210433
2 32 0 321296123 5
94 13 0 10686175 859717551
16 40 0 1000000000 732880694
64 22 0 1000000000 4
23 91 0 11336431 214502553
88 93 0 49 583546681
42 50 0 209028 446503755
7 71 0 13122904 352429898
50 7 0 107174473 256852496
52 94 0 1000000000 166666666
11 91 0 1000000000 5
78 40 0 656487620 795855290
82 12 0 15963226 977074585
9 23 0 1539524 740980056
3 70 0 1000000000 6
62 86 0 884 206764460
26 13 0 7138 476991642
82 96 0 644 664252001
61 75 0 1000000000 2
25 34 0 1000000000 6
53 8 0 91626925 742249390
10 71 0 559316648 992746917
98 43 0 594 50524955
90 72 0 1155 520397622
38 62 0 1000000000 528375538
17 49 0 141 7
33 12 0 1000000000 166666666
58 49 0 17000 806322552
50 5 0 1000000000 1
7 10 0 95675678 223526792
5 24 0 35465 730121138
63 85 0 654195350 905226410
52 44 0 238034 702448738
67 9 0 205507462 682998201
1 83 0 1000000000 166666666
30 44 0 55496809 627888620
94 95 0 46124 224553685
67 23 0 49771 163188267
34 85 0 762 938115036
78 97 0 1838 467828475
61 38 0 28639534 233301699
81 7 0 5001780 492765826
56 9 0 1000000000 166666666
27 42 0 304538846 539036587
27 81 0 60351 140157896
96 6 0 1000000000 8
42 81 0 1591528 387014730
34 69 0 526952484 897061283
67 58 0 1000000000 2
36 93 0 1000000000 166666666
99 97 0 1000000000 3
69 85 0 36031 55492542
35 71 0 1000000000 0
56 8 0 1184 120035796
10 64 0 1000000000 166666666
1 53 0 1000000000 8
19 79 0 334820 437283752
16 60 0 18671 616059932
4 15 0 1000000000 6
67 98 0 522920 935620603
68 9 0 1000000000 1
57 67 0 1000000000 7
30 54 0 430565839 0
68 88 0 1000000000 407524624
17 10 0 33 3
37 83 0 260075382 340564547
16 97 0 9208 395737111
75 17 0 188 2
38 45 0 1000000000 6
1 39 0 376239 749488137
12 51 0 1000000000 8
94 35 0 334 490537293
49 5 0 1000000000 5
40 64 0 3500 897035945
84 78 0 587036394 205435464
99 10 0 493735401 351907759
94 47 0 6160 373958258
25 41 0 55189 68830444
57 33 0 43864523 420150856
84 61 0 1000000000 2
75 88 0 396718239 685664433
84 1 0 32107 648199290
5 23 0 62817756 4
25 77 0 23643368 136675726
15 49 0 5378 749351003
19 50 0 3220 405459720
30 85 0 1000000000 2
41 36 0 712962 624774409
20 50 0 1000000000 4
46 13 0 77628154 221932085
98 23 0 680671465 391279550
18 95 0 1000000000 0
66 93 0 1000000000 8
56 94 0 53911652 806050205
83 30 0 1000000000 2
89 66 0 447493965 44645937
9 74 0 1000000000 183905165
4 51 0 1402410 390468995
51 11 0 260570 369488625
4 46 0 56561 775019853
15 25 0 590305962 6
78 60 0 31341 40397319
81 2 0 1000000000 166666666
61 77 0 561983216 498631843
45 38 0 1000000000 6
97 18 0 1000000000 798739039
23 50 0 1000000000 7
80 84 0 1000000000 0
56 20 0 1098095 86273178
3 6 0 1000000000 3
53 13 0 1000000000 558390793
88 30 0 1773729 742017692
29 26 0 1000000000 276295809
50 99 0 1078219 938535650
8 95 0 1000000000 186976164
19 81 0 35200 137780903
67 57 0 1000000000 1
8 97 0 564279502 7
6 70 0 1000000000 166666666
29 67 0 1000000000 4
79 54 0 152442 704125410
13 3 0 1000000000 166666666
26 51 0 27260342 998371390
29 87 0 46855483 910819029
9 63 0 1076061 705847105
26 84 0 1000000000 5
77 68 0 1000000000 3
46 53 0 106555244 244782842
49 97 0 13489542 531770859
49 1 0 846821350 97182216
1 64 0 20559 834851338
5 93 0 1622864 353627830
61 37 0 354755 56360544
45 65 0 1317 354354101
63 2 0 1000000000 2
37 89 0 81443798 465072312
73 65 0 411956384 473715589
21 93 0 112849100 760085332
82 29 0 750096669 8
26 11 0 221 287245554
64 48 0 1000000000 166666666
41 32 0 1000000000 8
4 87 0 7760089 7550166
78 18 0 575 920037702
76 49 0 2225384 513661152
82 88 0 99690120 37372281
92 96 0 1000000000 7
57 77 0 124660411 758280543
88 90 0 180380137 6
5 50 0 1000000000 2
14 54 0 72979679 656838256
5 20 0 1000000000 5
92 3 0 764872683 8
91 7 0 1000000000 166666666
82 5 0 8097 322056632
11 95 0 332523749 777782634
33 88 0 1000000000 4
58 57 0 1000000000 166666666
33 83 0 2607503 668073712
37 5 0 1000000000 2
95 47 0 1000000000 946049401
62 94 0 1000000000 8
57 83 0 1568 283815070
70 96 0 1000000000 0
26 94 0 9593797 766273328
91 43 0 16662079 312060048
9 98 0 45804338 123824140
22 24 0 1000000000 356372771
17 32 0 21754 159419173
14 10 0 3819 789226187
41 48 0 41355 259308961
48 65 0 1000000000 6
34 74 0 3194925 680855596
42 68 0 1000000000 1
38 92 0 87921 477494375
8 47 0 348961967 973939735
49 18 0 1693024 360277098
26 80 0 1000000000 2
57 29 0 1000000000 1
84 61 0 1000000000 166666666
17 75 0 41355039 770591820
87 95 0 113 119314399
49 37 0 1000000000 166666666
29 56 0 404544914 658560415
53 85 0 1000000000 166666666
41 37 0 258036771 723345630
51 94 0 1000000000 714319240
32 46 0 1000000000 4
26 56 0 930873134 52396070
93 55 0 1000000000 6
78 88 0 1000000000 8
9 73 0 1174 500826312
74 33 0 1000000000 2
25 17 0 1000000000 7
19 90 0 6980463 626685447
21 91 0 215145697 5
42 54 0 28902 375888879
3 6 0 1000000000 166666666
32 22 0 14104 676984411
40 2 0 1000000000 252525353
52 24 0 1317 970609423
39 24 0 1000000000 1
30 53 0 1000000000 4
44 24 0 27182754 908498327
66 22 0 1000000000 166666666
15 17 0 1000000000 4
19 15 0 1000000000 166666666
3 55 0 4408479 458254016
68 30 0 30308 562074519
76 78 0 52760003 492797546
12 93 0 3932 750906506
96 13 0 1000000000 166666666
96 44 0 441919930 285011695
38 12 0 1000000000 2
14 40 0 1000000000 0
69 74 0 266626053 761417777
88 52 0 158178633 490947730
51 45 0 390132033 4
74 90 0 226106263 1
97 8 0 1000000000 6
20 95 0 1711160 191217714
74 23 0 864849 766183262
32 44 0 994210 488764009
32 93 0 140643 296278897
81 2 0 1000000000 5
34 15 0 1000000000 6
69 45 0 52943541 215502266
51 53 0 12292256 631903780
18 66 0 1000000000 166666666
57 17 0 212 7
20 49 0 1000000000 5
80 75 0 1000000000 2
46 81 0 1000000000 3
19 54 0 309 758449708
87 8 0 1111 284583032
26 46 0 1448294 821896000
68 56 0 1000000000 166666666
16 70 0 1319449 211315608
13 8 0 724887489 141614255
85 1 0 1000000000 0
6 99 0 43338554 219843270
17 19 0 1000000000 7
52 93 0 44732 422252492
67 74 0 112366610 743102917
57 41 0 288007 491149739
23 37 0 1000000000 1
71 39 0 1000000000 166666666
80 61 0 653559214 2
77 36 0 629 624771895
87 53 0 2582706 84563779
6 71 0 1894265 685705926
36 73 0 1000000000 8
58 82 0 1000000000 0
88 74 0 950499700 7
44 22 0 99038129 908404673
79 10 0 1219 784824964
27 50 0 49919 692659298
24 35 0 1000000000 3
74 45 0 1000000000 965362903
15 40 0 128230 206604504
55 18 0 1000000000 1
68 12 0 626245112 991983065
35 43 0 445441986 4
8 73 0 1000000000 166666666
19 80 0 516535049 512905231
52 32 0 1000000000 926504641
38 89 0 361264 517084229
45 73 0 54648 99279556
52 22 0 1268 52778685
40 18 0 34826 410599721
71 39 0 1000000000 7
45 79 0 1000000000 166666666
45 55 0 122 666370400
68 52 0 32923298 604069777
3 43 0 2361210 631383975
69 98 0 5795669 894529796
92 13 0 1000000000 7
42 6 0 25721 996720069
52 14 0 412313932 3
55 43 0 476214032 680892729
91 60 0 42899893 2
85 83 0 1000000000 2
74 85 0 1093449 3783436
38 48 0 1012 881358313
17 4 0 1000000000 166666666
11 8 0 1000000000 989251116
41 46 0 524837621 0
82 27 0 1000000000 0
82 52 0 1458475 929956712
83 96 0 1000000000 166666666
90 14 0 458884441 224565837
92 21 0 1000000000 166666666
17 31 0 31623 500000000
70 97 0 200145129 517426427
3 91 0 1000000000 530657580
12 21 0 84269 307720684
49 20 0 1000000000 5
9 76 0 1000000000 3
83 85 0 1000000000 6
62 52 0 1000000000 2
63 81 0 1000000000 166666666
5 20 0 1000000000 166666666
85 73 0 84061272 591319067
62 98 0 1000000000 8
88 44 0 3967 108592438
36 86 0 94240333 276773431
75 52 0 4165877 648197181
16 64 0 467 267476731
7 72 0 568251950 603610229
13 47 0 1879458 32644849
56 87 0 1000000000 839505216
49 39 0 2423 479191032
84 26 0 1000000000 5
22 10 0 1000000000 1
64 48 0 1000000000 8
54 7 0 232448190 471344589
58 40 0 1699445 847140015
62 83 0 35220710 815590725
72 10 0 1000000000 4279570
76 77 0 1000000000 166666666
25 57 0 1000000000 976517240
23 50 0 1000000000 166666666
68 5 0 443189 507245227
50 49 0 1000000000 166666666
84 70 0 8888 556209583
99 72 0 1000000000 69412313
77 9 0 1000000000 1
17 2 0 65 4
64 47 0 1000000000 6
58 16 0 7761697 997499119
4 29 0 1000000000 647945797
29 51 0 12791613 408392687
85 65 0 796209 319445251
82 32 0 51418 962784380
93 95 0 118626766 7
13 3 0 489478332 4
61 68 0 1000000000 166666666
20 11 0 5732589 308143927
1 30 0 1000000000 8
40 1 0 4688896 682320051
54 1 0 1000000000 3
91 65 0 12444237 911797358
98 62 0 1000000000 1
56 13 0 29679 716312632
47 65 0 1000000000 166666666
14 81 0 1000000000 585320164
14 52 0 41633401 6
75 12 0 24261535 555246083
66 95 0 228607187 3
10 22 0 1000000000 4
56 42 0 1000000000 8
21 44 0 1000000000 605927886
48 47 0 1000000000 0
96 24 0 2190129 810145551
72 93 0 1000000000 2
69 84 0 1000000000 8
37 66 0 295529 60691215
7 99 0 1000000000 854330310
51 20 0 26229972 102661839
38 66 0 186 890212223
45 63 0 249048177 401939418
75 5 0 235468 925807620
84 2 0 906106 690501945
27 58 0 1000000000 3
75 69 0 1000000000 1
87 51 0 1000000000 139171978
70 39 0 988080 530747036
54 72 0 4154191 885601497
39 86 0 1000000000 166666666
68 44 0 511 991320411
48 22 0 1000000000 5
75 96 0 6730 204539942
41 5 0 1000000000 166666666
32 96 0 68207531 723919442
82 30 0 5319 645010791
99 97 0 1000000000 166666666
14 62 0 1000000000 3
76 1 0 347568 508035757
25 83 0 850 765580780
61 41 0 2450100 446175987
46 47 0 13111 160712944
12 30 0 10418525 209061517
61 92 0 7910 127939005
33 92 0 258343 895009515
17 5 0 1587 896501653
42 7 0 8318 963184340
1 60 0 624497847 116281354
84 75 0 1000000000 4
20 53 0 1000000000 924649198
51 95 0 1725 908173047
46 95 0 233275 844157118
57 92 0 442 188356755
91 73 0 184760412 557435041
12 51 0 1000000000 166666666
88 32 0 92515220 704457585
36 44 0 1000000000 7
29 53 0 7310 856412367
16 18 0 6509 803979928
81 54 0 422591391 40902421
75 30 0 52441 965012565
19 27 0 219574647 863657316
84 49 0 379946 472606342
20 8 0 15665336 661690293
20 23 0 1000000000 166666666
87 78 0 1000000000 7
95 55 0 1000000000 166666666
11 7 0 1000000000 2
77 41 0 5095892 891296972
43 86 0 1000000000 2
73 97 0 1000000000 6
2 1 0 201210930 870890403
6 70 0 1000000000 3
71 86 0 472529867 2
46 11 0 15409377 40430598
6 96 0 364352968 3
51 8 0 15201 336995572
44 8 0 1000000000 8
92 36 0 740827732 470890201
54 30 0 1000000000 1
52 96 0 8331877 958259657
79 81 0 435073808 14636177
67 45 0 16581772 404066581
57 62 0 168764 678534261
17 68 0 34808409 587190944
26 20 0 231898 510879720
70 64 0 15956574 994488643
69 9 0 1000000000 847593821
45 3 0 724707 40094109
90 54 0 1273049 105363624
84 60 0 1268 667127426
92 89 0 1000000000 780245603
80 90 0 319069977 229420536
80 42 0 1000000000 602424525
5 96 0 485827632 935028452
75 80 0 1653409 0
12 5 0 56259322 641228229
12 17 0 252 6
27 14 0 2426060 991294339
73 43 0 85990876 54097141
74 3 0 215247 584636348
78 70 0 172850 351910957
72 18 0 1000000000 4
97 44 0 1000000000 1
1 18 0 16927900 682230275
93 24 0 629719157 400943315
79 99 0 10982 51816755
39 86 0 1000000000 5
46 2 0 558453873 8
60 11 0 1000000000 8
66 55 0 1000000000 7
54 6 0 1000000000 736853028
67 3 0 850 503357689
12 96 0 2035145 635691094
69 80 0 1000000000 166666666
63 23 0 1000000000 64466937
8 99 0 1000000000 5
29 20 0 18332 983193998
76 16 0 220687944 560938268
56 46 0 15331730 826747437
19 25 0 1000000000 1
53 85 0 1000000000 0
4 26 0 430110369 398715153
20 35 0 16965 702260873
80 81 0 270928 529772059
31 28 0 31623 500000000
48 86 0 971984717 809525891
23 73 0 731782 845215350
6 92 0 1000000000 2
81 32 0 473302287 4
40 70 0 2539930 990666422
