100 1000
0
0
0
0
0
0
0
0
0
0
0
0
0
0
0
0
0
0
0
0
0
0
0
0
0
0
0
0
0
0
0
0
0
0
0
0
0
0
0
0
0
0
0
0
0
0
0
0
0
0
0
0
0
0
0
0
0
0
0
0
0
0
0
0
0
0
0
0
0
0
0
0
0
0
-1000000000
0
0
1000000000
0
0
0
0
0
0
0
0
0
0
0
0
0
0
0
0
0
0
0
0
0
0
32 71 0 105533348 660991114
44 4 0 26475 632497704
97 4 0 6844050 847909050
69 8 0 1000000000 2
34 11 0 1000000000 166666666
50 42 0 227440754 3
29 18 0 1000000000 6
28 72 0 492105272 2
65 18 0 1000000000 3
16 82 0 1000000000 166666666
97 45 0 91810193 151340284
39 9 0 1000000000 6
38 54 0 543358829 1
39 73 0 230124 400633676
79 90 0 51387 928083339
98 11 0 54802 260221331
19 36 0 39812895 199659791
98 58 0 1000000000 0
27 7 0 218438067 7
16 48 0 18932824 713645329
8 23 0 14358599 650759971
6 70 0 1000000000 0
64 77 0 1000000000 0
13 40 0 355264648 1
94 64 0 1000000000 0
49 4 0 8211 816465456
83 52 0 2080735 93521364
51 99 0 268050 103794002
88 34 0 120 507430597
94 77 0 1000000000 8
63 93 0 2073796 595195418
4 62 0 64383978 36796688
18 79 0 651432735 727214231
17 71 0 1000000000 374957843
54 17 0 1000000000 334517816
47 95 0 1000000000 3
76 74 0 7120301 593704784
78 21 0 1000000000 108499454
17 4 0 1000000000 166666666
98 9 0 88476267 53190451
82 37 0 190222681 884720018
38 90 0 1000000000 5
37 56 0 1000000000 4
75 35 0 31623 500000000
71 72 0 1000000000 886189601
92 26 0 1000000000 3
45 38 0 1000000000 7
17 66 0 17598794 542930829
70 36 0 1000000000 7
49 89 0 1000000000 3
50 72 0 2341835 800168514
59 49 0 1000000000 5
88 87 0 648419847 5
89 88 0 1000000000 166666666
73 77 0 151 0
60 89 0 1000000000 698553902
40 76 0 2154564 183343740
9 11 0 7814007 561454977
18 70 0 309846475 332310973
77 29 0 568001942 528756313
99 0 0 1000000000 6
94 49 0 16760878 651125279
12 16 0 10348496 556831370
25 66 0 1000000000 2
21 66 0 1000000000 166666666
61 90 0 16252634 830716438
62 57 0 1000000000 7
47 73 0 8500067 64100816
13 2 0 1419 74625394
20 61 0 76947 7218487
67 15 0 2436427 225659487
92 54 0 1625666 239198736
10 40 0 1000000000 5
77 94 0 1000000000 3
98 13 0 164223087 0
8 90 0 213 354325646
69 6 0 123358309 359729359
8 83 0 113590 759517420
40 74 0 1375 769501529
45 30 0 958429 737927447
32 54 0 1000000000 194996279
84 68 0 28788 806266306
12 84 0 1000000000 8
95 71 0 1000000000 166666666
46 91 0 1000000000 7
69 22 0 1000000000 7
64 37 0 17617 426188561
36 32 0 616007 717183311
61 10 0 98186798 7
86 41 0 1240566 325399853
96 2 0 1000000000 3
95 71 0 413705587 7
69 82 0 19185186 560390518
32 72 0 2056118 42846403
24 99 0 1000000000 3
5 16 0 89425285 576853977
55 34 0 1000000000 3
98 25 0 1074 638463959
96 25 0 1000000000 454917656
93 96 0 737637005 5
81 74 0 336856375 444828838
42 24 0 91942042 279060940
67 92 0 1278454 701326768
86 52 0 1000000000 166666666
1 54 0 27267984 669747987
89 42 0 2534538 548145967
29 86 0 69679 433952228
32 39 0 1000000000 1
60 65 0 736407324 4
26 93 0 208 968501955
8 12 0 1000000000 0
9 77 0 100 1
64 89 0 17169772 82572049
62 96 0 1000000000 3
19 12 0 1000000000 0
89 59 0 1000000000 7
98 41 0 311265 243293724
77 59 0 88118202 264440383
65 15 0 1000000000 0
80 33 0 1000000000 2
22 31 0 410642 25145201
68 93 0 355099 291742984
17 2 0 126160328 606414793
37 42 0 1000000000 297901387
54 72 0 36244586 638835967
44 6 0 1000000000 166666666
44 48 0 1094290 294997728
41 96 0 535968548 792303083
55 47 0 1000000000 166666666
98 86 0 716686201 845663344
44 16 0 1000000000 656830068
90 45 0 1000000000 8
85 55 0 7045200 577201641
46 34 0 8446 162377123
77 9 0 619 119811886
22 29 0 361494203 849289623
23 33 0 16834838 912533890
0 17 0 1000000000 166666666
55 47 0 1000000000 7
66 74 0 929103959 1
54 45 0 1000000000 0
33 90 0 1000000000 602449451
68 80 0 50374760 213464123
40 34 0 425003 269894353
80 38 0 1000000000 166666666
99 25 0 18581413 315064541
13 66 0 290 973978218
2 93 0 255536722 3
5 60 0 1000000000 6
88 63 0 12239 503007916
41 95 0 1000000000 166666666
54 45 0 1000000000 166666666
0 21 0 14575952 634913343
45 4 0 605442054 847686446
65 29 0 1000000000 2
1 50 0 1000000000 848980692
91 99 0 25493 349059615
88 40 0 115432465 695629691
37 47 0 485891 769716981
97 31 0 809102832 6
29 51 0 59411263 806337609
89 10 0 24452985 754317102
68 9 0 1000000000 166666666
54 14 0 1000000000 6
8 70 0 7673437 105432268
39 33 0 209706488 3
59 87 0 1000000000 4
67 94 0 1000000000 5
49 85 0 271196 58123355
9 48 0 271062241 4
92 16 0 1000000000 166666666
47 34 0 1000000000 166666666
78 57 0 1000000000 1
58 48 0 100666769 679280113
91 86 0 13589979 634044716
6 37 0 102775493 359186438
44 91 0 1000000000 4
92 77 0 65 0
31 83 0 1000000000 8
69 84 0 1000000000 166666666
60 24 0 1211 481833527
11 28 0 676420697 4
90 28 0 11264697 388793988
71 34 0 1000000000 4
34 41 0 1000000000 8
84 88 0 826053958 811799398
1 37 0 1000000000 6
91 11 0 1151 383924188
20 70 0 14419404 633084214
83 37 0 652295591 4
79 23 0 759873887 874965297
31 1 0 280790713 6
18 5 0 1000000000 0
10 39 0 49610141 938494856
76 41 0 1000000000 166666666
97 37 0 1000000000 166666666
13 1 0 1000000000 760840502
19 12 0 1000000000 166666666
7 77 0 62 5
50 68 0 1000000000 2
80 76 0 36013502 652485179
86 9 0 1000000000 820611463
38 45 0 1000000000 0
8 79 0 40492378 607157916
51 38 0 1181515 582729418
79 87 0 1000000000 166666666
88 91 0 1000000000 166666666
87 49 0 1000000000 0
71 2 0 330790767 791710691
0 78 0 19159692 600299891
60 18 0 1000000000 3
58 4 0 2322365 733537686
51 31 0 724183725 984432324
84 8 0 421874146 3
69 39 0 3782 50978805
90 78 0 8615477 375059426
26 98 0 1000000000 166666666
18 23 0 117711890 169725638
17 72 0 247338317 468058437
72 27 0 1000000000 6
87 89 0 1000000000 8
63 76 0 1000000000 958529371
89 82 0 226946614 858756492
55 62 0 619011238 250619331
70 52 0 10797816 899450083
10 47 0 33836 728405043
26 76 0 9142 275912146
42 68 0 1000000000 166666666
32 48 0 1000000000 166666666
24 76 0 1000000000 166666666
95 21 0 16452266 688028033
5 65 0 399074672 5
47 57 0 428713165 413100268
15 13 0 13337496 384092381
26 63 0 1939370 343654680
58 98 0 1000000000 3
47 34 0 1000000000 2
36 17 0 23060 755687436
91 70 0 1000000000 6
82 47 0 53569 414262154
51 11 0 5453 669033508
34 95 0 1000000000 3
48 62 0 1505004 234122404
28 21 0 514242656 913815325
77 39 0 161 8
38 41 0 453853181 446600784
19 13 0 2142472 785316591
49 45 0 18686 501212618
23 16 0 675273993 5
66 30 0 1000000000 8
79 61 0 120489083 382249882
50 71 0 2279435 895551935
50 66 0 49420 221545347
31 9 0 84824980 619530247
11 96 0 1000000000 6825079
77 46 0 117 2
12 69 0 1000000000 166666666
28 7 0 1000000000 0
61 78 0 7487 46520422
50 17 0 83240008 73029146
38 25 0 591895 401705326
18 15 0 1000000000 2
13 50 0 385137130 569342678
79 49 0 1000000000 2
72 27 0 1000000000 166666666
55 30 0 111216964 792534797
48 80 0 62625240 7
24 57 0 42609839 930868725
8 33 0 76 280884396
63 34 0 254268935 152464544
52 28 0 2019799 952814339
36 92 0 1000000000 750932767
26 56 0 425354343 646451262
87 49 0 1000000000 166666666
79 0 0 1841 362386983
26 81 0 1589 294340139
5 97 0 2372377 283659587
98 31 0 1000000000 636425184
67 53 0 1000000000 4
61 28 0 34143 657897256
54 2 0 14111170 826438188
36 44 0 1000000000 166666666
80 9 0 1000000000 8
46 56 0 62439317 583510187
6 46 0 1000000000 166666666
49 97 0 926917 175309577
44 58 0 469104297 277882372
10 7 0 43368 843816722
56 93 0 25143 990894775
59 79 0 526188694 1
59 79 0 1000000000 166666666
44 45 0 217522 954855701
53 46 0 18089947 718697235
9 33 0 979142662 2
6 82 0 1000000000 517633950
34 71 0 414701586 1
90 95 0 182223496 167650408
84 80 0 7564 683743955
19 92 0 2384847 932329452
93 74 0 1000000000 140576444
4 99 0 1000000000 7
46 68 0 3306535 157262573
91 51 0 769359391 488892788
98 61 0 1000000000 166666666
38 90 0 1000000000 166666666
53 56 0 37382 749035961
97 55 0 590519 584498240
47 7 0 1000000000 682825285
40 93 0 8216 836900558
92 17 0 79847 104342504
29 38 0 8682 716293557
15 65 0 1000000000 7
65 76 0 268 564670127
61 0 0 1666475 163631244
48 30 0 88096 234740949
9 38 0 1000000000 533471613
67 36 0 3081525 189845338
80 63 0 211943388 936939322
58 40 0 862785307 4
64 53 0 1000000000 0
58 30 0 1529 994685969
93 25 0 1000000000 166666666
58 45 0 15184451 675164475
26 51 0 1000000000 0
11 72 0 1000000000 4
46 70 0 1000000000 0
18 33 0 40880 192402414
47 41 0 1000000000 3
53 80 0 1140 344958618
68 34 0 9264028 294934454
54 63 0 752124565 6
94 5 0 593797958 134561869
23 82 0 1000000000 2
14 38 0 1000000000 0
97 27 0 74448 808787321
37 57 0 14624 413475644
64 20 0 1000000000 4
48 4 0 326640845 313499366
52 42 0 1000000000 5
92 1 0 682385716 677015561
69 42 0 46887 510134242
77 31 0 59949 890791532
65 40 0 15623186 873227113
22 12 0 1000000000 8
18 83 0 2031227 889856071
17 24 0 1000000000 2
95 47 0 1000000000 2
94 58 0 282104 252728018
16 45 0 66088 976546504
77 30 0 77 1
63 90 0 91517115 6
85 27 0 1069717 12966834
0 95 0 1000000000 264205521
39 24 0 799325155 673692988
48 9 0 1000000000 5
31 99 0 4187189 535578088
34 93 0 552280644 775072243
77 86 0 9214 428505484
83 21 0 581 264039153
31 11 0 288117 339805571
57 78 0 826270790 2
30 73 0 68654243 2
53 88 0 45381386 306061338
59 41 0 920 166197938
8 61 0 1226331 56560140
60 10 0 18455242 313740650
16 58 0 1000000000 223700714
87 54 0 32559 89467028
92 72 0 6813 135164745
1 17 0 17322039 112886438
50 2 0 246568 381307481
48 55 0 81855133 336612840
9 41 0 23180577 548596896
9 96 0 1515830 401703828
84 46 0 110010387 162447801
96 78 0 1000000000 1
59 91 0 900640947 455246050
85 42 0 1000000000 8
45 55 0 777115279 101281484
56 80 0 705282781 825396219
86 52 0 1000000000 2
94 16 0 876192 599149591
10 14 0 6580572 868518932
39 80 0 1000000000 8
80 81 0 17618127 504612776
44 97 0 119646245 502521247
2 57 0 896944499 1
70 33 0 1548039 399243105
10 42 0 808946629 730717647
88 80 0 293428 683565708
89 6 0 1000000000 484656339
51 23 0 1000000000 166666666
12 45 0 87 762456137
14 57 0 17816394 228967030
1 72 0 262996 346471545
81 11 0 618817603 1
49 88 0 1000000000 4
13 58 0 1000000000 166666666
69 14 0 520 164889532
69 84 0 1000000000 4
81 93 0 1000000000 503582329
23 92 0 1000000000 166666666
77 43 0 31623 500000000
46 36 0 1000000000 5
29 99 0 707 975980920
28 78 0 1000000000 482102793
11 28 0 1000000000 166666666
25 21 0 1000000000 166666666
14 47 0 201195293 218307924
83 28 0 56321 632101163
37 73 0 1589 211486158
36 72 0 833 714937308
44 27 0 230 303479737
73 74 0 1000000000 166666666
73 25 0 1000000000 0
79 70 0 747830834 189986488
83 90 0 62624346 422615121
83 1 0 1000000000 8
73 21 0 1000000000 3
64 82 0 489245 898717035
31 38 0 26593232 615782715
77 91 0 7037483 608119380
81 96 0 1000000000 166666666
91 36 0 1000000000 3
20 83 0 39306 144376610
84 26 0 13997602 767002401
30 77 0 111 3
98 61 0 1000000000 5
72 2 0 1000000000 688459959
29 98 0 16745311 862578965
65 80 0 59259 260788208
77 99 0 212 4
14 63 0 1000000000 166666666
6 91 0 13426316 8
10 98 0 1000000000 3
16 27 0 9647 209005718
13 58 0 1000000000 5
96 62 0 1000000000 7
45 27 0 12837901 859682892
84 40 0 538901 246463401
39 80 0 1000000000 166666666
29 77 0 128 6
92 50 0 100665876 50368590
51 98 0 1000000000 765370976
69 10 0 1893508 568069676
27 7 0 1000000000 166666666
42 52 0 1000000000 8
57 73 0 1000000000 151506998
52 33 0 1000000000 802873804
52 0 0 71085019 107509812
15 54 0 8962 906988660
40 31 0 1000000000 166666666
76 34 0 1000000000 510002481
70 0 0 11384 983957577
31 97 0 1000000000 7
8 18 0 1000000000 794174955
10 61 0 957721584 8
15 92 0 72079445 778235197
4 24 0 1000000000 5
15 5 0 1000000000 166666666
74 21 0 1000000000 3
77 51 0 465467 725454492
20 52 0 9356 780877708
65 59 0 1000000000 166666666
29 18 0 1000000000 166666666
84 22 0 1000000000 0
16 4 0 119992 980640035
56 86 0 1000000000 166666666
69 37 0 427125 239098408
58 27 0 21465 892509733
25 21 0 1000000000 3
86 99 0 114520282 635753907
82 23 0 1000000000 6
1 71 0 1669352 887021661
85 42 0 1000000000 166666666
97 85 0 1000000000 845955343
74 66 0 1000000000 6
19 50 0 43483 835360370
65 26 0 89083187 308797553
91 44 0 1000000000 3
63 54 0 833446273 0
37 24 0 15487752 161627713
56 83 0 1000000000 0
12 97 0 296865 784935039
11 27 0 1000000000 4
53 26 0 204784 544659197
85 62 0 60793 947965863
65 68 0 278157 279290297
87 32 0 17814 559167220
44 6 0 1000000000 0
65 56 0 945866 911859660
33 21 0 183417 339365524
41 71 0 415602822 0
22 19 0 1000000000 0
37 83 0 334000901 8
53 77 0 1000000000 2
24 73 0 5882338 201070868
23 0 0 357659 465308629
67 50 0 4253 179752937
94 85 0 3299 251320507
92 2 0 937 918552949
64 53 0 1000000000 166666666
7 28 0 1000000000 0
87 88 0 1000000000 3
82 26 0 1000000000 0
78 62 0 1000000000 8
29 9 0 7197 483602916
98 96 0 7262 502695401
1 66 0 3891 404493577
48 45 0 690409090 75010496
4 76 0 1000000000 3
56 34 0 938329 52170814
41 95 0 731989922 3
36 13 0 552452990 368396442
46 40 0 724452696 362256448
65 46 0 322057966 555701636
18 90 0 2790 263923656
16 55 0 42973 207837745
10 24 0 2506731 954445889
95 78 0 527545823 897861288
11 25 0 272953135 785681964
97 37 0 1000000000 0
23 61 0 616117313 629876537
53 65 0 455036687 204059421
45 14 0 1000000000 166666666
94 12 0 1000000000 451715495
23 90 0 1196737 819817874
36 6 0 1000000000 6
67 1 0 22835 610379669
70 95 0 3371 128461669
83 1 0 1000000000 166666666
68 76 0 63782040 490757921
4 55 0 1000000000 704603068
5 58 0 5180349 828218675
63 81 0 123123898 11735852
48 27 0 8882831 266373729
87 17 0 8978 547580917
86 85 0 693028689 7
49 59 0 1000000000 2
76 99 0 1000000000 4
59 99 0 7816 714900352
86 25 0 21190 705986348
64 60 0 389368455 91311827
13 54 0 8052940 613003307
67 19 0 812182044 459480021
60 29 0 1000000000 3
14 7 0 114677313 619027603
22 86 0 32378 236424237
23 52 0 11344506 703785710
32 2 0 2010864 415667957
70 44 0 1000000000 3
49 16 0 206068367 589121210
72 81 0 1000000000 5
77 32 0 98 8
30 25 0 1000000000 7
82 10 0 1000000000 167976044
81 28 0 1000000000 4
27 81 0 1000000000 0
61 52 0 509773713 704852403
27 30 0 595483596 403339131
3 75 0 31623 500000000
79 89 0 1000000000 8
7 81 0 1000000000 0
16 82 0 1000000000 1
86 38 0 710273529 987531325
36 1 0 69366893 206273974
19 87 0 557443135 259188591
77 96 0 174 7
99 11 0 672545666 48485842
56 63 0 1913312 261831920
52 21 0 18291 540343901
22 51 0 2555883 259645749
40 98 0 1000000000 7
12 58 0 809960 738593187
33 28 0 10183496 395675398
65 63 0 8583 601004929
1 32 0 770746765 211696929
10 40 0 1000000000 166666666
20 18 0 383757429 629938577
49 55 0 32 931074840
37 31 0 1000000000 1
17 4 0 1000000000 1
70 23 0 1000000000 523498634
52 50 0 1000000000 166666666
42 7 0 1663805 590101169
27 11 0 1000000000 2
59 38 0 38320 48693590
38 99 0 650424808 368195809
84 65 0 1000000000 981229809
81 72 0 1000000000 5
64 10 0 393239 823871256
1 97 0 1000000000 5
30 73 0 1000000000 166666666
51 41 0 22128 311862225
2 66 0 1000000000 994925430
70 28 0 1436 763522948
37 14 0 74160444 343448931
46 63 0 69251 2348133
84 56 0 313869 157822377
92 16 0 1000000000 0
6 42 0 1015254 770561548
16 97 0 465807217 401834255
32 48 0 1000000000 8
91 70 0 1000000000 166666666
89 88 0 1000000000 4
16 26 0 1000000000 7
68 86 0 1000000000 6
95 28 0 1000000000 437771624
71 47 0 1000000000 8
82 42 0 90891048 591394765
79 87 0 1000000000 6
14 90 0 1000000000 0
51 9 0 10228772 367831824
80 34 0 32692945 254885339
20 94 0 1000000000 0
70 6 0 1000000000 0
71 66 0 57144462 192075097
17 76 0 1000000000 5
40 63 0 10979803 593791949
64 69 0 1000000000 599986363
12 5 0 1000000000 692565033
23 92 0 1000000000 4
48 39 0 1000000000 4
77 67 0 1000000000 8
50 32 0 1000000000 958206756
89 39 0 278081 249394874
12 69 0 133750033 2
31 41 0 2233298 945424168
55 41 0 1000000000 5
92 71 0 1595 113252986
77 20 0 1000000000 166666666
56 74 0 7103 389090035
87 1 0 6332046 624824684
91 31 0 57525023 521766572
32 17 0 283529767 637512136
87 50 0 1520297 220526650
21 30 0 1000000000 7
34 74 0 50714376 440552942
76 81 0 406779902 370197000
0 24 0 1000000000 3
44 85 0 11663040 480260771
8 52 0 9318 786197015
59 51 0 448323915 141317752
88 26 0 20976089 255007173
19 1 0 393151 568202699
64 39 0 1003 36819590
60 6 0 301509188 438703962
48 39 0 1000000000 166666666
90 54 0 1000000000 2
14 24 0 1000000000 704316133
76 93 0 71637175 963803717
6 47 0 7882 493679141
42 57 0 6676 310407379
87 92 0 741956197 306488085
39 14 0 184182956 236900824
16 62 0 1507 573390965
50 85 0 867944953 0
59 9 0 170311 292917825
76 0 0 1000000000 0
8 19 0 1000000000 166666666
20 64 0 1000000000 1
10 37 0 314510528 196697484
79 95 0 71 598315995
7 81 0 1000000000 166666666
26 34 0 53388 309540280
33 78 0 1818901 437687400
23 78 0 953 989781586
65 88 0 1000000000 270146933
63 38 0 1000000000 4
83 95 0 1705825 214089691
56 81 0 133109 848987243
95 55 0 1000000000 5
68 63 0 237435434 206716259
56 31 0 1000000000 0
21 73 0 1000000000 1
94 97 0 35990 401033745
9 32 0 1000000000 0
99 17 0 1000000000 0
43 3 0 31623 500000000
49 89 0 1000000000 166666666
85 68 0 1000000000 1
67 87 0 96761508 616919641
18 61 0 15651941 142394566
64 42 0 4067 602446372
22 91 0 78645546 568484556
42 68 0 53358399 0
42 14 0 505973574 496190978
39 7 0 6938346 143402417
39 57 0 1678287 183558668
19 32 0 158 888333016
89 37 0 15762435 562926440
5 48 0 25789 54524480
0 17 0 1000000000 1
60 14 0 4900 310667099
52 50 0 1000000000 2
29 15 0 1000000000 8
6 46 0 1000000000 5
6 39 0 2224835 202871127
42 47 0 18938020 900505544
99 41 0 1000000000 872946713
36 54 0 59160 123161506
42 73 0 19902 973607832
8 69 0 541805221 4
19 84 0 35108225 7
13 10 0 1000000000 7
85 45 0 766018021 216039507
0 4 0 413849281 8
9 33 0 1000000000 166666666
34 81 0 870058796 718440882
56 68 0 1000000000 720386982
53 20 0 1000000000 1
73 74 0 1000000000 2
18 52 0 45298 454786811
60 42 0 159338 197822958
16 85 0 117535773 67493542
29 5 0 720139046 8
26 80 0 9928261 214849554
35 74 0 31623 500000000
46 80 0 449533 497122870
79 33 0 221787 855849113
52 90 0 567496181 611177238
72 66 0 448159265 632037135
24 0 0 1000000000 3
20 67 0 1000000000 4
99 4 0 1000000000 6
97 48 0 75105329 659726788
60 39 0 15517 682461439
12 44 0 29395196 784951414
25 30 0 485887676 8
37 7 0 264350 342672554
33 48 0 1000000000 7
51 23 0 1000000000 5
15 87 0 164728546 482019313
60 65 0 1000000000 166666666
90 21 0 1504412 578654926
31 96 0 40699 413371084
72 77 0 13 1
46 26 0 1000000000 553417747
4 30 0 2414671 406434452
31 86 0 1000000000 885747761
57 93 0 1000000000 166666666
12 48 0 570 994337227
90 54 0 1000000000 166666666
79 83 0 10574384 688272446
9 77 0 259 4
33 0 0 632253117 743228844
33 95 0 30156137 52745782
49 58 0 81301585 629898748
4 24 0 1000000000 166666666
4 27 0 254297175 63160391
87 36 0 819306769 329079065
85 48 0 1000000000 873016060
61 58 0 1000000000 7
58 62 0 5536 865133509
5 85 0 130736 863335112
41 11 0 1000000000 786726813
45 14 0 1000000000 0
15 60 0 1000000000 4
67 94 0 1000000000 166666666
85 30 0 21810 983188553
82 57 0 756 435019886
97 30 0 4489 410670778
51 92 0 1000000000 5
59 31 0 16348174 869032217
55 27 0 1000000000 358719226
92 32 0 15431968 203940996
59 98 0 52840431 957356140
22 59 0 453300428 458419082
0 28 0 112615340 764776232
15 17 0 761 746453207
88 56 0 4463719 723459843
15 32 0 35530 256754480
33 32 0 1000000000 166666666
66 73 0 1000000000 5
80 32 0 1000000000 2
46 51 0 1000000000 166666666
94 48 0 71 331487169
77 98 0 308009 543030428
29 31 0 247412 80741174
22 98 0 2186717 633917839
5 49 0 1000000000 499252687
44 46 0 288889275 4
40 81 0 36938 514900193
5 4 0 668 774437681
91 98 0 714141122 967161676
77 20 0 1000000000 6
15 36 0 261671533 225880642
82 24 0 199533 439715589
92 13 0 1000000000 373924152
18 0 0 1222 216442068
20 67 0 1000000000 166666666
97 62 0 52023 935413898
82 14 0 84204 146594371
77 22 0 181 4
98 99 0 2244349 314481379
1 97 0 1000000000 166666666
13 72 0 40956 114555289
44 55 0 2110 888216225
56 1 0 1000000000 8
12 85 0 59588 778665738
31 83 0 1000000000 166666666
72 7 0 1000000000 5
86 96 0 226841 382123957
15 50 0 148490 443811758
68 74 0 48948 904267069
57 96 0 1000000000 0
9 25 0 426472 736974357
27 62 0 1000000000 151394748
6 7 0 169 272831912
40 68 0 92620214 701100030
42 86 0 1000000000 4
40 56 0 139981770 17415336
10 57 0 7213 269305089
6 10 0 697716816 992962367
67 32 0 1216 857066210
23 83 0 762923483 637157194
46 76 0 7564 995991089
13 17 0 1542530 848991234
21 66 0 233541953 1
62 30 0 1000000000 536267246
83 78 0 49644 803748059
97 56 0 1000000000 7
94 44 0 13839880 124409048
59 86 0 851559 50127022
7 57 0 1000000000 71997078
58 97 0 897809981 25015857
36 44 0 1000000000 7
37 56 0 1000000000 166666666
58 10 0 1000000000 2
14 63 0 728490584 3
88 68 0 975027 940797767
98 38 0 6365504 159241784
78 2 0 1000000000 166666666
20 33 0 1178 134166194
58 10 0 1000000000 166666666
5 29 0 584301469 5
53 84 0 844524889 720041811
77 97 0 210 5
82 7 0 5755 739758408
51 86 0 72181601 332380990
79 52 0 2196847 911794180
89 14 0 14547 471122517
61 21 0 1490 998602071
51 16 0 1000000000 5
15 5 0 1000000000 3
32 80 0 1000000000 1
40 80 0 116138719 842611355
9 99 0 513832161 813538812
45 62 0 18401229 93725081
19 69 0 1000000000 3
23 28 0 1173 456101255
6 24 0 47852 550386264
19 54 0 1255 973849297
15 1 0 780794 882003969
60 37 0 1104716 684368942
12 49 0 511933627 315946986
29 59 0 963178764 336525214
38 11 0 123103787 433077910
16 51 0 1000000000 5
28 72 0 1000000000 166666666
71 55 0 1000000000 4
80 93 0 1528799 465093473
36 71 0 9510 265367081
33 32 0 1000000000 0
68 81 0 1033946 76400961
52 95 0 6516302 368551537
26 23 0 1000000000 3
99 0 0 1000000000 166666666
7 73 0 513702883 921580466
80 74 0 297424 48484981
52 85 0 328863888 4
70 83 0 31511572 78061514
30 74 0 1000000000 3
2 62 0 1000000000 166666666
22 9 0 2159 550125446
94 64 0 1000000000 166666666
6 14 0 146111 767972790
20 8 0 1000000000 722629343
87 71 0 465 634609869
88 79 0 1000000000 4
14 73 0 2149093 93957337
53 40 0 100270 74114210
66 30 0 1000000000 166666666
91 38 0 116265 273501230
62 57 0 1000000000 166666666
46 81 0 213 139801025
24 7 0 510488775 570718519
88 46 0 1000000000 662932794
38 96 0 3061145 844668197
5 60 0 1000000000 166666666
99 96 0 49509915 741174092
54 66 0 1618041 321730512
85 4 0 73650089 328733331
28 77 0 285 2
18 60 0 1000000000 3
2 62 0 1000000000 1
13 32 0 122280572 846921918
69 89 0 556149925 600592575
58 85 0 373217352 984007222
90 0 0 1000000000 180399077
67 64 0 1000000000 1
93 2 0 1000000000 0
93 78 0 1000000000 7
89 79 0 1000000000 0
61 33 0 41116350 936827179
87 13 0 90959286 631443539
84 19 0 1000000000 0
28 27 0 1000000000 4
84 63 0 1353 367144078
36 50 0 12210580 823903730
29 91 0 173952123 450550346
24 47 0 1000000000 141245073
37 39 0 441146015 542344995
20 23 0 1374635 381873603
61 13 0 1000000000 166666666
53 22 0 1000000000 166666666
58 55 0 365881 224587173
90 14 0 104913684 7
32 66 0 75834 568944327
53 68 0 2532 403681059
1 2 0 26458 745734154
67 13 0 156679 153703898
42 39 0 601429052 764375987
70 90 0 322885 783720083
49 48 0 180857 903896941
71 55 0 1000000000 166666666
54 71 0 323272140 271891120
77 49 0 206 7
50 85 0 1000000000 166666666
85 86 0 1000000000 0
7 11 0 1000000000 7
77 22 0 1000000000 156648746
26 68 0 118637119 395793380
19 15 0 1000000000 720653471
69 60 0 897936852 457948520
40 13 0 1000000000 1
52 78 0 64493 951406765
76 17 0 1000000000 4
88 76 0 4949 603970731
89 47 0 1266 510581431
70 61 0 706155766 246629295
50 54 0 824366500 8697445
12 22 0 1000000000 4
5 44 0 118563504 3996941
82 26 0 1000000000 166666666
56 76 0 9373228 701297184
10 73 0 433 424233075
41 25 0 15397512 458001309
88 59 0 1000000000 0
86 11 0 2722489 773462767
45 63 0 1000000000 4
61 95 0 371286 950668349
83 33 0 134493510 450876698
89 24 0 4253 257098825
63 99 0 1000000000 166666666
94 53 0 1000000000 4
18 15 0 1000000000 166666666
8 19 0 428640981 4
68 50 0 1000000000 6
61 13 0 1000000000 1
49 44 0 1000000000 131047254
23 95 0 2313 848290570
96 78 0 1000000000 166666666
24 76 0 1000000000 2
64 6 0 1803421 906953259
82 39 0 127803 218631293
40 61 0 910754786 8
92 82 0 1000000000 2
57 93 0 1000000000 5
91 9 0 600671 199098652
61 83 0 1000000000 255576463
83 0 0 6604218 678564186
41 55 0 1000000000 6
39 47 0 50025476 212403589
36 46 0 1000000000 5
5 45 0 7273 33448391
74 25 0 1000000000 0
22 38 0 1249 97791695
82 51 0 1000000000 4
91 41 0 4801 180494173
1 56 0 1000000000 6
83 97 0 1000000000 2
26 92 0 1000000000 6
63 74 0 2416425 641211078
22 8 0 1000000000 166666666
60 82 0 83634261 851511173
51 96 0 1551 761574441
70 36 0 1000000000 166666666
78 2 0 1000000000 2
13 71 0 6687 493100254
62 93 0 1000000000 0
22 8 0 1000000000 7
86 50 0 1000000000 5
20 79 0 52283189 781214570
26 40 0 1000000000 920169714
68 52 0 1000000000 8
31 25 0 3650 868153135
53 67 0 1000000000 0
84 29 0 1000000000 166666666
33 39 0 1000000000 4
