100 1000
532795629
26518510
83938795
-702681
40762054
90609907
-15302223
-432737937
-17399836
-45152
-121254770
-452239316
-698603216
-340852494
-25868199
4952963
2433431
135776481
166456385
-199953472
-40765009
-138860873
-38035257
160292471
-1658394
-216903662
29522235
7986476
-9900671
280003425
208734286
-778538
-745996819
619617433
-626299701
-102781315
878711042
5520879
830825554
189470480
-38363075
831137191
9073551
-4706
-69381461
-125267106
346526609
18783591
-2732
-886983080
-27808500
-3297491
-53952552
-202543
-10645
-798711754
516396171
-89704081
-73522046
319687282
-331965012
-423415342
-723048143
777527512
63998274
-499959015
-316544543
247494344
26452619
-49180706
9380190
-75551097
523811622
-907310508
761919001
-4154154
-35396865
299483996
488102359
131053976
189924170
480612506
112
-332905337
6071
-20098
28091929
66480505
-43367775
689943017
-115554906
154555018
98856952
-78529143
-69803072
144767
-935127749
-72994017
9345089
25261929
74 65 -999999999 336 -4847171
38 58 -955779251 49888213 -25820
24 29 -3502359 -3502054 50076172
30 13 -570713684 -6 -53787311
13 62 -999989312 2843 -2267033
68 86 -1145392 19546 -1372
14 0 0 999999912 895484
42 38 -31671958 -6111235 669
62 13 177 999999998 194392735
31 67 -967777338 140 -127586669
32 0 74 836409771 168447751
94 45 -701347356 -9343378 412571
13 89 -485207305 0 50315846
89 4 -570111954 -796 -52576347
41 62 525451988 788711383 -970947
62 56 -40 192870393 806860598
43 58 -6318232 807626951 -64043
7 13 16 573679462 -278653364
21 36 -855317938 -704969562 737535787
35 62 12 315314199 282208810
66 62 -955860985 41046658 -42562916
28 52 30906809 967459037 23142
3 71 -999467516 17 -512262226
28 13 -39418497 125540529 2259906
35 9 -999998979 -534 -647277429
24 3 -487737905 7505 7513669
32 47 -904041936 0 913985776
64 62 -965137374 -3 -4332735
88 13 -1860 999999999 2266814
78 28 -999990978 -7 -538389
81 41 -476264903 -16880248 1168529
61 59 -20 999999868 973165530
13 73 2 91942846 -2187062
63 87 148372 175719067 337798242
44 25 224768593 225573042 1290864
88 62 -956627329 258 -2694
28 28 -644245133 67 -155279
29 38 -243279657 6249 -506048905
39 71 39 927980585 52798558
38 39 -814 241316484 26545872
46 72 -28 1352 -829569
0 77 -999158153 449205 -895513
96 52 33406 738913873 -212810
0 74 -192018134 7705820 -1834997
0 4 0 918319258 -879079
28 28 -196781781 92130 -44401
52 61 -1 990530016 528107810
28 71 -966842138 0 43258878
13 14 113 586812396 17305133
63 0 -969042132 119005283 851767
13 4 175890 193950525 377936746
0 89 -141460 364818721 51696768
72 89 6154 476016284 52556939
62 69 -2247 929395964 45941833
88 28 -956627095 4 -2692
62 44 -96824020 826762411 503746
62 28 187230549 290571469 124121560
62 13 -207484433 -7396032 1676425
96 14 7055917 996252625 146535079
22 62 -961916235 -117 3501
13 49 -776298726 -13978 -2271293
81 66 9405 518748295 42547441
45 31 -56326 713436463 160447641
4 13 -24781 975845364 2516793
13 62 -999626308 0 -2267028
14 13 70902989 730352713 2300181
41 62 595 553130356 -1203080
13 28 -708441579 1138832 -12911947
63 63 44717585 239772898 26811281
0 60 -6279 665502477 754145836
0 66 -744248372 -143521 37889841
4 27 25 999823152 731138
13 13 -5478354 796263923 381
62 60 -5 396931935 757266635
66 81 -397117088 16102846 -95402722
91 13 -201072074 238281072 -797115770
13 77 779385 574928471 423646199
13 22 12 576441080 -2268793
32 45 -218503386 35631326 -19340660
13 66 -654688716 -29367963 40250752
13 13 -446643972 -5 -7407
64 74 -255512658 -1 -627574116
21 75 -14418846 -14410598 -18102805
49 79 560295 999984178 33660851
50 64 1 43 4244149
10 72 -37016 6924103 34650
8 5 -2244 998305945 -9
13 62 -729175556 -377 -2267264
30 89 -65 999950720 292198427
14 61 0 278419199 836
9 55 -19517 971152438 34561397
57 17 -647344112 2595217 -84269650
45 56 -34644209 409270653 969089128
21 22 -507206165 -3 -18123163
63 62 -999999998 -88891505 -28859874
77 61 -1037311 282590001 4933
13 7 -776664997 28702272 274976360
0 50 531 972182446 -892101
13 13 -813357043 -7 -6243
23 51 -68 34 -217792266
62 39 -25105 -16065 19118
64 19 -132 799964582 12097185
66 24 0 4573 -42547257
20 64 -919946677 -32010712 4244098
76 61 270705 333239913 -31266
25 39 -744029226 -22198348 -1259180
62 28 -55 460514587 -1740
81 50 -175983 993709395 253
5 62 -999999986 -119375 -97607
15 32 -779134511 -287 -72537
47 13 14664 659449660 -911819967
17 7 27 999896226 300894826
13 28 0 581578435 4378103
57 51 3165106 836948745 -80113148
97 64 -765997891 43389183 2524181
81 13 -967083229 5925430 2271463
14 13 598 804848299 124464520
79 0 -824678212 3776312 849130
14 52 -999999857 -807 25
23 32 -274525110 -274524519 -218767535
66 76 -999999409 812 -42517318
63 2 -11542 269532065 439897611
79 9 -12 867848680 238
13 52 -993726476 2388 -466807986
72 66 -808702341 469087460 42495848
63 28 -999999725 -171150 -40701
80 24 -4638068 -107 -18388907
89 0 210414651 386603735 -48242683
62 81 -197686727 -6 -424625
37 39 -224 999951799 150899222
13 66 -295549876 829832630 42818876
62 58 -115009930 -651508 -11195
52 13 -919791376 9107259 2270166
1 61 41948634 999836653 -137007
32 13 -834781089 1759 2188906
36 63 -179371757 -3651573 -861690985
42 59 -101103 976253232 1054734
13 63 525400 150913986 4377092
56 63 -197239242 202381580 -837688841
22 62 -961909458 -5 3395
0 13 -28619285 -111 1280607
41 58 -999932946 861 -1207381
56 3 192905 483785839 -111769350
96 0 -656566246 -6679005 -19035525
13 32 5391497 60591156 -2189205
81 23 -991734179 -438050225 -276156570
32 62 -253186366 -5655 -48123644
52 21 -1389265 97 18123581
40 0 -85626 911952292 -414680683
63 6 23720908 264967564 567887
45 54 -999999530 -13 -161386426
13 13 -502591696 -89440505 -62849
17 31 912893 868582007 110657631
0 86 -971908658 -661 -22785412
66 41 -476371861 -107100 -42341609
15 66 2460290 734293560 42394850
62 64 65536 687160047 163061524
28 97 -3 999998298 1701164
32 62 1849997 689215648 49273
81 13 -581578141 23 2271852
28 79 -32 999997938 9580
13 13 1570989 581758015 101620
96 35 115257773 974678794 646137162
32 73 -974831791 34147 -68313
40 41 -5380 891768180 -414370309
13 19 1023044 591198223 14092647
13 13 -123155 576314915 20698
73 30 -91339489 112 -114791296
10 58 21912 926207296 23
78 62 -11783 79173 -516733
62 62 -162278943 7802 -63133035
13 76 -1188 964600610 -2239676
13 95 -981629939 -12452 -2272707
96 62 -99939161 -8 -278954
14 62 -996189196 63412 -117775580
74 81 -999037668 -4407071 -5230553
13 13 -199451766 -394 -737297
91 13 -569972271 728355 2236445
28 13 -478814770 -444621015 -721141
13 43 -999995226 4242 -2207584
0 0 54492 970228931 5088
19 13 -648448045 -1991291 -14107995
67 13 -25106 999959221 1143072
65 62 2708 108587993 6152
33 53 -5915 1632394 -76252439
4 66 -625668463 186933487 42530828
21 5 1129099 1513073 -18124483
28 13 5350319 1000000000 162825365
13 13 3003958 579152723 211789
13 81 17 591103688 -2020479
63 53 -19758 12558 -31575
28 13 -590001104 -9840 2255722
16 13 -834800803 2320196 -4169588
66 50 -1038 972190831 -42547275
88 89 -9869623 996859105 55946982
0 12 -846116155 704874434 -859153
62 32 -345082641 9985210 -3688283
63 13 2819 999987720 2228152
66 13 -192626710 12125586 -40745189
28 13 -22135784 721370226 3923366
62 61 -2549235 -2521265 -37902397
62 56 -102265601 0 806794087
61 59 87 999997955 178678
62 0 -450938 801566445 1891674
89 97 53439848 530215310 -50700295
28 64 33 965184023 203219678
28 81 -510028725 -97661 -200314939
32 21 362 861076528 18257986
13 13 -512 575411584 484
56 0 2007359 999909677 -396056525
66 96 -999999995 -7004 -42649890
88 77 -36641116 999949093 15565
97 31 -883301970 193 108878177
13 89 -2616 989492729 53280162
56 65 0 208183997 -806860433
45 13 -359278490 -103387480 -2090358
17 13 -999971933 3448768 2271860
43 97 0 750298123 1675933
62 32 -228501540 1349 77773
47 5 -909297781 -27787 -914098256
62 66 -205357919 71599640 32934398
13 62 97143567 263258189 54388049
7 11 -1686 547775254 -30367025
13 13 8562 178754667 83915169
62 61 -163805003 -16747 -5895
13 72 14087937 586908322 -2236457
93 63 -1 999999983 -69655
86 69 28149585 931065166 155065
70 23 -6637 6114596 149490275
51 2 -996799491 -138848 247037278
47 62 -999334575 -10769 -916142438
62 61 192 369761936 28904
45 0 -828455820 58481032 480147
13 13 -451 790664659 43842544
96 41 1298248 999999400 924392
61 41 334 985944678 1208918
20 85 164850 561876682 47
53 2 -6 999999746 466970887
28 45 -636970060 7234486 410560
35 38 -988118700 -2225743 -646366694
62 91 -16844702 0 -3980
56 88 -187254957 -56 -806859167
45 4 672525872 999995304 -345989
48 89 -476775149 237758 -508126006
57 28 149211 95131039 133890904
26 76 -999999424 9640920 3582
98 12 -1161 39 26682
44 78 -954978022 -488115522 540914
63 91 -845453365 -7563 -404213318
97 97 -523811242 87 -3074945
41 96 -1733660 631712566 -924143
28 13 -908 805247465 2316926
2 13 -893674600 -411271360 -443018668
46 27 -39886 -39346 -860917
7 4 887511 999998702 309061371
13 13 -2426444 813231377 622639
56 24 -188652588 -5 -806871510
56 77 304 999999872 -806245710
62 47 -826146 999954984 970693863
77 0 -749916 999607544 13093777
62 47 -670135307 0 912652615
13 13 -12 359709784 61
81 13 -673738057 1 2196535
21 74 -614627222 -611054604 -13278297
38 85 -7 150396782 1877
66 47 -997468706 -1241142 871550935
62 32 -2823654 0 24307
19 56 83 385725433 790547738
13 48 115753 466123198 564023929
72 19 -2442527 97384952 16305501
44 21 -709988 100 18124486
62 41 -689208202 -256 1132971
98 62 -999997656 11262525 -22824677
89 76 685 280336204 -52560089
13 13 -204939934 -128889874 -1
7 62 -998202021 0 -872152034
89 34 -57939754 34998 144717732
47 13 0 785845301 -853803468
32 28 -999999998 -2724074 -127156
46 0 -91477424 406 -452479
77 24 -2284223 -1001391 34
89 28 7464 94911836 -52519531
27 68 -999971302 0 -28580492
62 90 -279204574 -102948450 93441008
32 42 -13633286 725216966 382989366
61 63 -1458 995808751 43499
10 13 -667038351 -10 2270103
66 0 10179 994610038 -41650110
63 37 -87514 269301455 937131575
63 32 -1000000000 -1 12180
0 89 46 999999959 54305418
0 70 2836487 808773841 68464413
13 62 32955709 153105561 1401114
47 27 23820 998459097 -914084084
56 97 866811972 999999975 -753311072
58 8 71791 971253766 24706110
0 0 -832394610 0 -2250301
25 47 -752970697 12767552 912806721
28 13 -966898324 12341 -27039276
13 6 -990673737 -128029 -1891490
63 62 447044 163409399 54747
91 62 -685037561 848594 -604040013
66 76 -872699632 -167 -42571157
29 15 -732374948 262634371 -51998597
67 22 -47980559 913863150 -1126847
13 13 -204904126 46778 -101247
62 13 -199499415 -41 2264301
28 0 -649942385 100848 -1847769
64 78 125 924476022 -3702637
81 28 22148960 164715150 359353
62 28 7278 196771001 -1740
53 1 -245 999999995 603815
28 81 -34 860218558 -2950
58 70 -707584 998355499 69457993
13 52 -207 420871392 -967699
93 13 -107 999142522 2158116
66 17 -135714187 999997551 -42541325
21 68 -4858627 -4858532 -18123067
47 62 -7108173 102232897 -914093403
59 11 -906112395 319586249 -229717
13 27 4348313 574333347 -1707130
35 16 -998364190 -947247 -646367515
69 0 -197486842 -5227 771218
62 63 -353350773 -23 -2687010
13 13 -46 468791030 5708
32 38 0 997845349 -81967
32 62 -2695039 677111208 -77751
62 89 -301365913 -21730 31805210
32 65 -59 302344357 -69079
81 4 -583098942 -14060486 -38101
45 71 -999954549 1757 52413541
13 61 4474 333033198 -2271499
13 0 3614807 748809970 -1376349
89 62 -999999208 -20 -304124883
13 52 -813348096 0 -718555402
13 13 -487468985 646456801 29561
71 45 -869441862 -22 -58932225
0 73 -284 92642483 -809032
95 28 -999965140 -90954 -162883617
28 97 -117610481 765692119 2522496
2 62 -962122548 -7 -439936531
50 0 -197453015 153 -807887680
0 40 587 467204396 414702565
21 47 -244680 66102893 895973770
0 2 -346041 973063920 610910416
45 63 -341465344 -376 -374706
76 13 4428760 574441563 197915312
98 56 -2530 -2295 806854056
76 28 -7279838 624653198 -28925
32 13 24129 999996899 2189781
13 63 -179123880 2 -2228224
35 13 9306726 875618477 -644092911
38 44 10986357 738285933 215699273
67 0 134550170 887055764 5624085
81 76 -816625 926432842 437081
0 47 -251600416 2286269 884551769
81 13 -494086699 -25930138 2116081
63 13 1027869 999757253 2228302
13 45 9 432830101 -1856361
94 63 -273010771 -4310315 -638381
41 63 -1341738 173358002 8721668
56 14 -129 989557846 -806853450
41 13 -309205 459382279 1119651
23 21 -35799556 205733 -200725705
13 10 27146805 575059767 -2271151
28 7 -693199 237497978 280922425
13 81 572 566866519 -2271848
6 31 -78082 991492992 110111291
60 58 63 831449991 -755040414
62 57 -4503471 653745113 838562136
96 87 -11648601 993569079 369174770
89 13 -212640215 59068 -50320427
96 45 -334116415 964536180 131701
13 4 438 574334082 3122108
42 63 -30484 951611831 43726
3 47 1583 996894015 947796210
24 37 -256258 3130 5940
0 62 -997893028 -11687 -1017889
21 35 6505918 6535820 628242614
39 62 -997542930 -9 -84380
13 13 5 729920195 1
68 17 -75816 1338007 -1415
28 13 -265029 999999137 132432752
71 96 204862 991403656 -52545256
13 13 10 494073283 6903659
62 74 -2815577 -28024 4841350
13 60 14 573717179 752769723
92 28 -999988087 -29177 -396710344
21 84 -416146 24773093 17716190
0 32 -778617962 -727 -949216
35 13 -196970516 1670 -654645028
63 81 3 179371132 28522
35 30 170661 903424663 -590288958
63 62 330 2823577 -38900
66 14 -35366 684050086 -42446033
0 66 -6743 432094836 41837191
13 39 798 999998742 817100
38 38 -193751857 6251435 -5104818
13 32 -2323522 572819674 321611780
2 63 31435 854409543 309129521
0 29 -557 999999990 49196713
0 0 -542449710 9286170 -370276
39 69 -814313193 91 92512
73 38 -243118878 58846 -104435085
81 56 -999998115 720409 781181755
13 89 -310248658 -287562 -28822144
97 97 -925023266 116136584 -125
13 4 -799576502 7954123 -2255519
26 56 5398904 6158243 806862775
65 28 -988652575 -7 -2395
28 28 -382208696 61519 -5304
45 57 -844067139 11300102 67688544
62 96 1674766 658834571 321314
62 63 -113072760 -62 -79971
5 13 2349790 649127696 2271873
20 32 -991246236 16 -423991330
68 79 -88692092 999996945 8
13 13 1832627 785840737 0
62 13 -588227117 -2150 2266306
28 56 -29360291 424955675 807142953
28 62 -562433512 5702 -2191539
29 97 -144498 706890597 -41818008
62 2 -97885 999964198 441820348
35 28 1433 94801362 -352033350
86 77 -700559901 -39180 -6953
38 0 -999999951 -2 889331
81 44 -950443052 476443 -57677570
43 68 -26146242 21215 -63359
28 95 8288 999999997 -3042
76 4 -1209 918230423 70782476
13 97 -124 213571771 -363575
66 7 60046949 635762788 238378201
71 87 -1824914 116136815 285012795
92 89 -539762806 58 36141378
2 62 -901771510 818496 -439945827
40 12 -904173229 39763247 -415542888
13 27 361166 556389830 -2205962
63 48 69225 999937248 560674989
0 13 -122638036 564332755 818546355
56 1 -186934404 -23084 -806883048
13 45 526 576444128 274482429
78 15 -726908 965 -389037
13 61 -999997195 -3796 -10230224
49 51 -1571 999999843 1100518
62 28 -148858252 141549929 -32432571
56 38 -194078301 -576 -806947962
4 92 -141684825 -81315576 16433991
12 92 -250743704 46037935 16413681
28 28 -11452428 650755359 0
53 44 -999720106 -136 -12313
13 73 -987661035 31770 -4190761
39 30 4914550 753952424 56061858
42 28 -809034723 1683115 -9847
28 56 -1095495 117880 806860683
13 14 -985479608 -54 -2271844
13 54 -179168438 -19 8292130
7 52 -384158 936555777 -280917385
22 13 -959761122 -3 -6354318
62 45 -1936200 999999112 414377
13 52 47 17353166 -2270960
13 2 -2 999988850 437678573
13 66 -709618263 -1353435 39669129
10 62 -794863457 22599740 2677
67 2 -926662091 32234898 438812525
24 45 396935 397462 415331
45 77 -477936582 0 -415386
81 48 -12548986 297292339 560718278
63 89 -476958341 5829624 52548537
13 56 -127 178796973 804599261
39 62 -37926465 306127949 -23877
63 13 -570328253 5730240 2168273
62 62 -366550664 -11545403 -403
7 62 -15400 326149359 -280892556
99 7 15245911 999999973 281047500
62 65 -94733512 -708577 -110586341
15 60 332926850 333314243 754888895
30 38 -79510 929891935 -56057834
91 92 -63608004 760365876 174449335
0 92 -423 999988499 153157593
3 62 -999383295 -91 -7508867
0 19 545873 999060005 456760253
83 61 -290410087 283640104 48051122
63 45 86363963 999998364 55109163
41 90 6712476 174598949 95126242
63 89 12331041 354361061 52549043
13 13 -558443969 -33528209 -178497
7 56 0 401320471 557333811
13 13 -494084564 7004 -94
62 28 -23151007 966941137 248565
47 62 -885850 162986304 -914093180
48 13 -639494713 -65 -558446496
45 65 447404 645680276 -414187
81 32 -738654830 -126 78213
45 13 -359316125 593 1856432
28 13 -33796864 38 2262257
23 47 -965646106 -3234849 695246693
73 62 -988575222 2204525 -393530880
80 96 -999986216 189937126 -18477251
61 0 -333375907 -38 851278
47 61 47014027 333411411 -913632971
62 4 -678388192 -930672 7278
62 90 211790882 999902093 96665033
93 21 -921450888 -61 18010532
4 17 1782777 584881803 -16350
98 28 -846361500 -1915124 -6630
13 63 -175545897 109474780 -2463263
15 63 -203 734871029 -86108
65 56 -163012082 -11185624 806863779
66 39 -999999998 -18203 -43064786
15 78 2213 734871787 9601633
13 67 -967732153 -3081 -1143044
2 0 -905075823 -2830 -439045840
91 50 78 760366550 1189
28 32 -550336457 124542 75016
13 32 261753 576440210 -2164024
19 56 -198550079 997609299 790558667
63 62 -42259 996335240 190013933
2 28 -999503616 -87703 -440416000
28 64 -995363179 -9364 4239699
87 66 35960437 998937885 363700787
32 48 53174 725473785 560637910
26 38 5170451 98285557 -317
37 13 5602238 1000000000 2269800
62 13 0 785835478 2267043
0 73 0 970236863 -794290
81 13 628657 134223689 525879731
63 61 -998400305 2696426 -43480
88 0 -539912464 4632 890444
76 72 -3 984956808 12723
96 13 2115075 561785795 1990739
62 62 -16860623 285324 -7019
47 28 10611946 300976511 150792223
38 32 -17792 243228720 831663500
73 64 -831485541 149437 4159326
7 96 -999998056 -18526 -280646464
96 2 -592362029 874241575 445799035
87 18 17997511 77737227 -337797670
13 99 -813357070 -1719239 -2294968
62 32 -41 903792960 78728
38 63 -18774326 -13883668 4014720
73 56 -8469380 394415904 819117627
33 5 -999962416 -105557941 -76321707
28 32 -94738386 6714 -140779857
13 13 -309806 574820448 688
94 62 -932216069 -2019155 4700
68 61 -239297406 -3082537 -1144
41 83 -99328596 -1848 -1152604
61 91 -908 998999189 908647
66 13 -1301 999997937 -40257253
28 19 354061 845483036 16506835
13 49 -999999638 -1969153 -367012644
94 14 -809672469 -8441191 -3322
13 13 -905393143 -75 -425963145
39 20 -347753547 1065 -31849
27 13 -239497705 47387 -344794
38 3 -999994072 -84231 -4215312
73 53 -686780022 104746942 -72561
62 77 -999989429 -521354141 -635590
13 73 369 584158438 -1928905
63 13 -999948894 417685 251384
21 1 -163408 258236220 -17985771
26 76 -194885 50235 31184
32 13 -254134672 -54 2188994
10 99 -10067 940635273 -368
85 63 0 999999412 976096
13 83 628 575454354 -2200833
66 53 -999999997 -5 -81872340
13 4 -574223860 -348 -64156439
21 8 -11859730 16637 -18124394
69 37 -950873324 -60879 -118809
45 62 -704 199298952 -410527
66 62 -736159915 28 -771704997
5 66 -999999937 -59826 23644049
53 49 -59816 983141297 -11203
30 13 228158650 803808726 -42276765
28 97 -464684099 999653438 2598001
56 28 1550 644511789 -802919163
81 66 -260763 519124878 603858165
81 74 37663 614792579 12512341
28 90 -1 891157535 96266273
13 32 -1 999999717 -289903
56 88 -14008 12768594 -806858713
39 65 -844145337 7230074 -4711120
13 62 343721759 896883816 -2266960
36 32 122389 121411347 -755574379
29 52 -77440 645061310 -50074936
93 66 -647384171 4 42433345
89 89 -24115 520799646 71103
42 72 -973563698 -32 -123239
63 49 -842591730 877639660 -40028762
32 58 -951205385 -144983918 -81921
66 86 -171 998813067 200574053
71 11 -72082410 29822233 -52794978
4 93 -999539754 -8 97367
7 28 -3037 637264493 -280644324
89 56 -999730518 21 391411909
32 41 -178796171 -1216 1125384
7 28 8066 290471868 -280123294
38 38 -243118834 375951 -1
51 39 -1538 999999987 -372048
7 73 -612888788 -181230 -283099649
44 93 79386464 981793347 25387752
28 66 9 997215030 42551044
69 81 13201 999999999 -109715
67 28 -984231991 -60 -1189241
94 24 -1608378 -422524 -85
39 28 -303949541 0 -2612977
55 39 -1790 999999998 -34521339
61 39 -286388121 -5263507 -3498476
81 62 3 182985436 4829
38 32 -921790784 11 81948
72 55 28815186 28847575 34526087
38 45 -971348538 1813 414651
49 71 3532152 927981009 52829039
73 62 -92525964 163050 -80789
32 80 -9 999598129 18542879
62 0 -326149744 41 890376
93 52 857428 858796 -112844
39 3 -303949422 63 7479557
91 88 -999249988 -234 -11724
82 46 111 56107244 -26709017
73 73 -8940034 974658914 13394365
71 98 1 999624455 -52699735
66 39 -999947066 -17475855 -42515607
41 13 -34109 999999355 1063825
0 21 -999999992 -331287324 17219349
28 55 769881929 971157225 99534489
95 64 -1458 -1451 4244142
25 39 -754778070 17382643 -51585853
62 45 7 925261199 7050629
66 63 80344653 928588759 -42503545
7 32 27450540 999323180 -280842758
63 76 18 241246831 -4132
61 13 0 665230731 667487803
63 47 -999755332 -614 912394804
13 22 -33828 677984251 3613161
13 32 -730869189 -1 -9597849
0 0 -1 662856122 27
62 61 -330095273 994 -81394208
49 13 -55199862 -15479807 2270823
62 36 -174222265 -943 476390247
97 62 -999996985 226814205 -4464856
28 13 -490546743 33345652 -331337866
38 0 -999999420 0 894732
62 44 -4669324 737209332 26378
91 69 -21478997 732099840 143496
33 13 725175335 999999613 10192717
40 36 -195799658 -78040096 340081478
38 49 -999999993 -591 -73706284
68 41 -117 122 1206621
26 2 -999861369 -44389 439829486
13 80 12855 999986358 23254689
91 38 8051 760261642 -156
52 39 -999949618 -38731769 30728
2 13 1129522 575653041 -437669182
96 66 -63515638 2976 42263617
89 19 21409 310360265 -34464454
4 13 -255929373 -42357554 -60455445
13 2 295 649097309 778544426
4 81 25 584881898 -16345
56 45 -196409517 31 -806479000
13 99 -565738856 -8287552 -2274691
13 89 -491376102 -7498240 46576549
21 79 -452969183 -20253525 -18124456
0 46 -346565719 449021587 -30431
62 63 351 999469454 53135
62 13 -1570762 1701 2245380
66 56 -650484219 -987398 446980154
32 62 -678300830 102455 103070
25 13 -909 999978974 13211293
13 45 23 987467055 -1856458
97 9 -5213435 3786037 -1704118
77 58 -992550359 1859220 -63519623
4 10 116733838 200941161 -15641
13 45 -804739164 -2530167 -1856649
7 13 596 759775725 -278380175
35 68 -118040352 908412133 -646364507
56 1 9775851 999999999 -480067517
73 13 -39720020 25168207 -430170
45 0 -355678852 5 472638
81 62 -946336752 534508681 4302
72 15 1347 931194917 1905029
32 63 33971 603373428 683608
70 56 -206544 196333219 752938528
62 11 -199821208 21584 -35180328
52 13 58 992008382 2344520
89 23 -455516543 -7 166257474
27 66 -999999924 -260498 42542139
28 74 -136971536 999999960 5858922
13 63 -284682785 -11358462 -2228922
28 81 -498119716 1 -340206235
28 83 -62708418 175500 52278
2 89 -448669019 58658 -387353134
81 49 -163079364 95249 954
28 58 -3350 948307887 175020558
63 65 -640960842 -58 -43743
71 13 -924448898 24 -50557191
13 18 -805421707 14 -5660443
61 8 -18978 982580459 -183
28 56 -201650353 -13313116 779807789
13 96 -4055 657143166 -1901835
62 13 0 999999991 2447773
13 13 2 805422253 206873
74 84 -297 393381663 30994549
45 66 1 934371637 42132441
63 28 -998432033 1213 -40649
96 38 -193550333 146 -289241
62 0 -2497330 974143736 1356304
62 28 14 961823166 -1714
56 13 -148679295 72290 -894202504
22 57 -84442951 999999998 116102224
21 53 207721 208766 -18112318
35 47 0 903427412 267795506
26 96 8146312 8596356 282661
81 66 5078 997256937 42547283
62 96 -145066126 -128205488 -113326198
47 72 -931751321 -556530 -914077309
89 39 8 173939279 -45989241
85 45 -565395803 144691 415035
63 12 1406 295124172 -7335
14 42 -990538389 -4 -1720
13 50 -785253879 27985068 -2272077
13 66 -999999847 -5572790 40264686
39 32 -99063 880504742 133345315
28 29 -143429946 -27687819 50073109
10 3 -1331 843187762 33253271
74 26 -36 247806902 -4840983
30 21 -13329506 -13280508 -37934683
10 28 -13276 70306616 33096
62 29 -113567660 761372 49546074
8 99 463 593956189 -88
28 73 -21872126 208454 1190
14 81 -988668215 1775 -5608196
95 41 -459383892 -6 -52709425
0 13 72762252 539961281 1782960
81 88 -2536405 612262203 5974
13 13 -984462 585348536 354
77 57 -257042141 442972726 83522776
62 35 -998783274 -103107998 646362260
3 79 -662 961769724 -7495002
39 89 -703773006 -194634035 47779416
77 38 -170864449 486340 683
16 13 -992963641 0 -205378337
13 3 -19758 997290100 5241850
96 38 -64865933 16 -294291
89 4 -35360540 485207426 -46029436
13 27 -988665562 57225 -3758846
21 24 -2043698 154 -18124452
81 13 -2662 714320553 7577240
56 63 -27250 497299037 -805208823
13 64 0 377227035 100773791
75 62 -18564569 113059147 1597918
13 62 -998137468 -9392194 -2267038
84 49 -999999999 -21 -46961946
16 13 54 999999977 2271925
62 26 -136 1000000000 16815114
0 13 -243237531 956109349 -421345598
13 63 308510622 359709775 -2212251
56 3 -401629992 882 -799377696
28 32 -186081966 7844965 -895097465
28 0 -39474835 -50789 891399
85 28 52 767052470 57984323
3 88 -603270 999954274 -7483715
28 73 -81304374 11253444 85174
22 44 -913936007 0 -3530179
13 94 18038737 196793546 18986938
2 21 4224129 10118105 -421816866
1 41 -5839897 966884407 1069430
62 62 -77320252 -6996 -2930
89 38 -6 480373319 -52591529
62 70 -11715619 996917394 69386852
58 28 -998123636 30605592 -62929
56 16 833852 839315 -806863755
18 62 184739495 326097593 743526
61 28 -960476551 -627138757 -46664550
13 28 -999999703 2 -90826077
35 28 -895935248 -18 -646364017
13 13 6 603291787 7
13 0 79643360 439344385 -1375904
63 66 3112435 259833395 261363819
63 62 -71349 7472 42675
62 56 -2796960 -247765 803290668
79 72 0 868942588 35333
81 96 1975347 650477755 13716673
66 38 -872689992 9588 -64017737
47 62 6826 200037664 -914093385
15 21 -38069691 -37992789 17972040
45 28 -907858787 -24736 -412610
0 69 -999988444 -17883 -27058802
38 52 -7009043 985894323 3505
20 13 -682674468 -8916214 2271865
14 32 19 999883344 1041476
28 62 -360870935 391 1732
28 89 -1471 999999923 121907846
13 38 231 975793549 19597573
56 90 -311 143841 -710603343
13 13 -800617863 -2398795 -68483959
62 5 -167471956 -13043790 -19575
39 97 -11 430053 1672492
0 81 -999839443 -16181527 -351292963
4 39 -895105303 520012775 15324
39 97 -1484 769735193 9630999
14 62 10227 678402403 5998
5 66 -426753549 -29063119 41973729
29 66 -999999933 -12950481 -7528920
63 39 -3 814355738 -11837
52 4 -902416063 250 -6159986
15 85 -52233 1 -152399
45 74 -255512737 -17403988 -9738235
29 38 -985991506 105848 -50082123
83 72 -973575525 -42377231 -3376834
81 66 -424606269 299 39414025
14 44 -11487417 741821446 97118675
57 36 79491 130590407 672137885
87 5 -999999913 -93 -338598832
4 35 -27636477 949136733 646350898
41 56 20189 176873767 811842125
7 13 -999998567 -357180709 -278653639
11 63 -204492116 745370614 2199820
2 61 -914753461 -4198950 -439956686
30 44 -999999870 -978897 -56062440
13 97 -998343431 -167901 -1023043
28 0 -290356937 215127 892404
60 62 -18 340074674 -674111549
99 89 -310360591 -351 52592250
45 68 17082 906846141 145602580
13 0 -897744272 -14029132 -61147380
47 66 -20762812 718302335 -871547184
8 13 -656797235 -17337108 -1887439
36 41 -459384703 -9 -754452241
72 21 -424859 125 18089124
28 81 -196223549 546087 -22348545
13 63 -561474682 -969 -2232057
13 81 -478299163 204557576 -666890
79 60 -536944 667498043 755041335
62 67 -151808160 -9373898 -12080359
56 87 -401630524 -828583 -624408882
89 91 -646 476264802 -52355682
13 15 2 999999990 -2115937
66 89 -2447873 999999794 10044989
63 13 -999999501 159995298 -226690154
4 28 -999999878 -6420980 -15496662
32 0 -173703654 784741358 812944
13 89 -148156555 -424 42904746
60 63 -666778783 91 -754997611
38 2 -999996089 89 429547768
64 38 64892286 988921718 -4243433
63 66 -999989646 312204 36626104
20 56 -174241151 -1838 806863780
4 13 3602182 899034965 2259383
2 32 -26932 890095001 -435412304
81 93 -32 920089089 339127
13 62 14919682 141422399 2718400
0 10 -836443945 -34423 -894942
66 14 -860880919 57 -45144324
89 56 -319 37014643 754271505
62 60 -447473 629272339 755042430
32 32 -1235 253590026 628
97 0 -5587010 361883744 5083828
13 97 -367483434 -6682 -567757
0 15 29758151 148949038 -743066
45 62 -35066335 552772512 99790984
14 0 -12404 6010 895475
89 27 -246 569566900 -52586493
89 58 -971182321 -165091032 -52593837
38 13 0 999061622 12468736
63 13 -574333168 -5 1234090
39 37 -999999993 12 -25712
14 19 -903290957 -103189 16338807
66 13 3 613585819 -40275422
62 0 13167621 999858004 895866
8 2 -982061193 8452 439940463
28 32 -196612016 3369 -188541446
5 81 -89 947113484 5
67 62 -369 17376258 -1123985
65 4 -575458616 12861 -10229833
11 77 -169059 997807831 3824
2 13 -972002121 4822048 -816221814
98 45 -999999888 0 405638
39 13 4685507 221448600 22960382
77 13 20 139673909 2272109
21 54 -418 48378569 -7108338
17 62 4243 163918600 29097662
64 0 -805879636 6138982 -3349009
56 69 42476761 125999132 -806739516
96 28 -120167573 19403 -307333
66 55 -10 971155623 -7984696
62 22 -676843079 -48313 -3515
39 65 858988325 1000000000 1622256
61 4 -961133558 -655816 16038
35 32 -897216516 -2 -646374536
56 62 -999992755 -35859699 -806859395
13 2 1502188 566338174 509883672
17 19 50 865993698 17081293
66 62 -42178 228289597 -42238965
28 28 -529528900 1 0
96 13 -657167477 -10709 1988160
13 13 -566865900 -12520 -3419
0 59 -12795 2906 -716591
38 96 -999999947 43677916 -81113272
75 47 -960440617 -187 914064900
81 13 -904331291 -3251 1335603
18 66 -4 999661462 42547386
13 38 -38405765 942204248 -2250018
26 97 -98 0 1703171
4 21 -310288308 305 18108132
32 47 77899 999999971 914063054
7 38 -21264765 112260409 -280924803
56 53 -77712 659860712 -802749493
13 38 195010 460324897 -2269415
21 9 -529851007 221 -18124440
22 44 -679499753 -1654872 -6230
62 63 -199842803 3314 25117
65 13 -566865986 14712429 2271864
31 46 -2121 571994 -109717422
45 65 35 713637486 -415358
57 89 -999967357 -430395807 -30930136
89 62 -20 324681047 -52574174
13 65 -4353 446982215 -2271837
62 57 5654 654146388 83623690
62 56 -314164623 32 806858943
77 16 -1 699964710 3569
49 21 -269 12457738 18123524
18 21 -285632 1465663 18124479
74 28 -999999909 8603270 -4845163
89 62 -829501217 -36949 -963375139
68 64 793 1000000000 4250254
28 0 -95110153 -201 892412
76 81 -23990841 357346361 351119
57 5 -462880596 138 -94436258
73 13 -826609885 -815503049 2187133
44 27 -726869122 10397705 3245
32 13 -56416301 6543496 2189151
13 35 -309 897218376 645417372
51 11 -999934148 -22 -1023982
13 28 -15 518020475 -2268201
3 48 -999993730 -5458 553204545
62 26 -11887 -7 -4646
34 8 -28516 34 -197384469
2 13 -906800569 -71887314 -444439188
89 62 0 569541132 -52587437
38 45 -713637445 776271015 406519
13 61 -867202457 -328476 -385538648
64 68 4595382 10627842 -4242733
39 89 -42 960307196 741072355
73 55 -6 971079731 36997528
41 13 -333669295 280897730 1063824
13 66 -502718205 -5978988 40275349
14 13 -201818190 -763710 2271396
13 13 -4019785 561786928 971799515
64 45 -680256516 -16 -3828796
6 21 8368726 8369560 17612253
56 81 -996344443 -10359 -806927307
96 37 -644241879 3709 -23151731
84 63 1273 997413581 141715620
62 13 -999995226 -802 2228974
45 45 11693594 458569114 30754038
62 73 -334571598 -2540050 79717
94 27 -27227772 873219448 21856
51 81 -999896095 6451 -1852505
62 14 85912724 987965045 564797852
28 13 -290364564 0 1284332
63 28 -999995755 25263854 -518899398
13 29 -226051152 -27 47804126
28 37 225783 999999996 2057904
13 13 -6295 282366674 20104011
84 12 -999999386 2064 -63602667
13 13 -800649748 119379 -526702
13 62 -376513735 -3393497 -2267076
96 13 -500044283 -34 1824994
62 72 -197373880 475 -158612182
4 13 142 583096816 2256716
62 0 -539930043 13 -491748964
62 60 -114328985 48 739327998
81 27 3879556 999999977 44063
62 28 -106515268 92266046 -1730
66 75 0 999999963 -39967235
81 36 -293110881 -97310314 -31482597
56 13 -16 497299209 -804590715
13 37 -25472286 2 -8120223
48 41 95 289216422 -555132309
28 25 56637 783131775 1291717
81 0 -828453022 2425 -92682357
28 45 -404580655 -652 -1134061
56 21 -930200289 -861400305 -788739294
66 0 -982488010 2 -41652767
65 58 362451759 997426877 783
89 28 -241045 94789250 -52582125
45 67 -119338344 -114140469 713461
91 95 -233169 -233012 -850
72 13 -552937 931183147 2239251
62 73 -139738031 194833448 -4665512
98 0 -12 911723420 897402
39 87 -40 987619452 337811552
47 64 49927 998524341 -909661260
62 21 -142019 129199 18119649
62 34 -687369990 626264704 197379717
11 23 -215 -80 218816246
54 77 -10743 931460379 -10997157
13 28 2787 576442629 3521661
