100 1000
1517423
-944886
-52367
679381
-28391
-193878371
-3323742
118835203
-312427896
-1912753
3252065
-56712986
-664213185
820803261
-51158302
-61966689
-14013770
538127969
8742583
258073240
-13337560
130644536
823977016
1212244
56008737
-412382519
630273202
918972058
-18389965
13256085
-516666788
-141918206
-124990921
-323326619
-941923
40877290
278329122
-5958977
-49003748
-542290667
-62078237
575653081
-468264482
-360633204
-584868941
152682618
530673625
65217983
-36658106
-171414359
-140019007
-5611
860578431
74852505
-787346589
502494618
-815968486
-534105024
453671
-8580910
-22220106
5674
889004307
-22415979
226761742
4187498
-773379775
108803824
16465092
11974753
160477898
-469747684
-734030476
12771935
3246184
-6383811
-87727085
633575930
-221985942
7042392
-17261183
370094116
233740
-46145132
-22228733
981425544
68915068
-243682122
-5200028
495200642
-36114453
5145760
-187909247
28118547
-707337692
-33910675
1868329
-409660681
-48318283
143936352
24 41 -937 771554688 70
27 17 -14330427 66670151 -867264
78 24 -645965972 26 -78486749
22 42 1004 995729611 -183254822
17 54 -646886597 -450 -10968
36 45 -999999909 -7683221 584152888
17 23 -378679146 -36527 -182612
17 36 -2847673 577837889 154675950
17 27 -148356 998610878 37937568
62 76 -999851203 -1424625 -304745238
69 54 -793926286 89 -44259
17 87 -1045523 632944888 74074649
17 54 -333192841 185251753 1480370
87 50 -429376 859546003 -11056186
35 17 -235 959121531 113125
72 36 -42 990707387 154346738
73 36 -35784 996918213 154581904
57 5 -633987574 7 2693239
81 17 -78 999996696 366794697
61 57 19441 94572207 83285930
19 68 5083005 5106895 -44
60 34 0 965111814 128471419
57 31 -259500186 -1324 -939745743
94 64 -310273607 916477025 553717
54 50 -417374546 -12 63024484
54 17 -951012195 6544 10964
17 11 -999999562 -157159 49122101
17 84 20218 800853841 556875951
17 87 -667296232 11408378 72898741
88 34 -974334457 10 -5179246
46 89 -606343 76244968 -5422717
78 10 -373321 999999998 10338
49 22 1 945444591 176604554
17 54 -646689993 -824313 -69749
94 67 -16 214753353 2343069
15 53 10763 999964047 -7280
7 40 -933099157 1205 74586
77 29 -69 999986795 535692
89 64 -62166811 55953351 556376
41 78 290890 543319963 376
67 17 -4 834443076 50586
46 8 -999999804 -459340 -5332826
87 85 -998755687 0 -74080851
41 17 6 1000000000 12959
17 54 -1345589 549505274 -10961
41 17 118697782 543044458 11005
62 57 -999996221 11669112 -428739011
86 96 -999980784 602970 -177321961
57 35 -129798583 2741 359
89 0 7673115 7979170 33386459
81 17 1616675 697440263 -184093
81 57 210 493186862 -194965
41 25 -871500 525108904 11264735
41 2 -994883470 -3 773316927
31 21 -296422687 1 -5249332
17 12 684251508 999995549 353083077
5 17 -791289796 -2357766 -2682775
17 31 3536088 391258195 2311169
20 38 -986663256 5 700350699
50 17 -738065883 11 -63014185
66 63 -999999878 -111614 -316221
92 87 -804884727 1410054 73966800
87 17 -27 205277998 -73032828
77 54 -2119 999999662 -34492
57 22 -365544530 -5 182835444
34 83 -845062456 40616 413752
24 31 -916649207 -24302016 7062
87 94 67921 292730141 -74078022
54 62 -109570691 41 304842819
17 21 -336819 93602932 -8789
54 17 2768348 976544895 292366
87 5 -11424 807672346 256851817
54 92 -373634 849679152 151648448
90 48 -999999999 1309773 -946110
54 31 -377555530 -277697657 -9039892
79 54 7067568 999999627 17878790
88 36 -26189658 276 -224152588
57 36 -33044219 -1 99509070
33 1 -178152889 414717580 -879786
45 54 -639195016 2439735 -753843717
17 7 -615689466 -1512 -11035
87 57 -999999963 187 -74082266
50 34 -2676 6749035 -828935
79 45 -7 511759223 744419827
17 38 -999999949 -62859 707823083
99 43 143761010 143777365 3118
17 9 -7693 941165881 206747
57 36 -34853988 999999124 155447295
54 17 1816388 648704141 1325381
57 25 0 526163204 5522779
64 22 -164143296 -476 24841764
87 31 -93705 999999998 452581909
22 57 -19183206 141339769 -181473662
28 62 -74838383 21022601 304842846
28 39 6701 436762956 366604
4 59 -17784 999999900 748224489
41 54 3 452736607 22072
39 12 -263936145 11072100 352691645
5 76 -251359 933057999 -907339
54 86 7145 547141849 200228323
54 76 16440485 765990454 100390
54 64 -237687281 87039509 -162216198
17 24 -645978489 -11077 -14194886
57 49 -115149 814347794 15446378
21 57 4557329 51642918 6734
62 87 43 109549807 -228553805
10 36 -920570086 628975 -49085646
57 21 -132320078 -42288551 -383222
57 7 -184189657 934746558 65
72 92 -74783525 -89147 -539942065
35 82 2 956407280 422405987
88 36 2676979 998864747 149505138
54 10 -996738320 -57 -203526
87 31 0 858080983 223008158
17 11 -999811835 2 67513872
85 36 -10 999978792 159295389
63 57 -726607467 3438 -198241
88 54 -994799879 0 -5140931
5 63 -1000000000 -36927 -2815813
3 54 -671007254 771317 -27
17 14 -15 824226583 8917
97 17 -823 999996099 10871
78 68 -28424851 -20117091 -299
17 72 -999999980 -696 269443
45 17 -967625 846648014 -753818519
71 59 0 999999993 71845
57 59 -152 999999999 627274653
17 54 -999999995 -3831 -1153755
70 78 331597090 971533347 -15595
36 17 -730687995 306 -154616219
57 94 -365558997 708351 2779
62 21 -451404179 -86 -314159519
56 17 -19834151 822800168 -217250
57 36 -88061328 120073946 26823983
45 21 -802776829 -522810 -755029295
68 34 -1210459 99625033 -9
45 72 -9093 58622136 -752275249
77 87 443178 994061535 74046416
62 15 15158463 60400244 -304835160
31 81 -953193826 31 181063
81 25 -2 567541762 5319563
17 17 -222836755 41172417 -427864
54 31 -16 468892983 11523
72 41 -59946742 43885 -281534
57 17 -245437261 -2593990 -8767
57 24 1 999997246 146628420
87 81 178863 985976550 -73885740
1 31 140378 666856125 18316
22 90 -999770233 0 -182826743
92 48 -33770 -14637 -54121
17 17 -698437533 11 -888165343
54 31 -4 385960122 1313254
84 24 -7919605 999999844 -42030747
36 57 -894259412 5760677 -154627243
57 50 -84778229 -25867 63024390
35 54 -992350951 51221018 -837
37 17 -4686875 988128464 430534364
17 75 -842684444 44866 23675
89 97 423323 425532 125
57 17 -494052098 -74408 -10207
98 65 -937 913413332 -38985424
28 54 -955835908 -166 1
77 94 -937040174 396189475 -31735265
21 60 0 859961917 1907771
15 43 -161009 -151338 -4086
31 57 -752724165 43 -886443231
87 85 1 831378414 -74054689
2 48 -53440 963287923 -772780074
30 62 -6831 999998219 304839380
6 36 -1200336 999988681 154627153
17 36 -2528182 397304376 154624393
57 54 -232315724 531522055 -2380
31 30 -374910452 25 -8055
72 57 -999981387 -11980 -285739
85 43 -999912149 733 -361
72 62 -59878 988935630 304562413
76 49 -979865468 -54478909 7305995
17 57 -835840296 -2793 -24765719
76 57 -236951 261656271 -98569
31 87 -17529 826314295 74069348
21 89 -2797 75503 -2183
26 72 5339 270550152 -49259755
76 50 -910406969 -320 62825283
18 36 -29301048 37837 154328101
14 17 -37612284 999946097 9301
76 17 -399724504 470 -87692
17 12 -295 243574414 353046265
28 14 -974928572 3964133 -429455
15 36 -6563 999999815 157007414
56 31 5501667 752723932 -218097
8 87 -4651666 968884194 73990926
25 36 2019820 923650280 149112564
27 54 1645 75948271 -846334
17 7 -830221244 116 -168622
36 54 -773184322 729321746 -154628557
62 57 2613 75994208 -304504388
63 41 -55 955609019 3529324
17 57 -948845770 -34454 -10991
11 85 -392777427 169334 -67525001
51 55 -28604 19171 10370874
18 31 -999999999 -713829 -12821943
17 54 -999983877 -58305 -21964
17 24 -799518504 139938 -45694
53 31 -164022 789785816 11532
89 17 111568050 438289071 10996
31 38 -999999762 23483 707580219
32 39 -8557307 449136409 359531
57 17 -130431687 122 -311656705
62 36 -840413277 106697 -150215677
62 50 -10333 99240683 -229187352
31 36 446828235 1000000000 155042057
57 87 -105712254 24719388 64493017
48 81 -12286 999345730 194957
62 57 -999999665 -3975917 -304849580
45 17 0 933438674 -503683090
87 57 -755884885 687096 -130232067
36 92 -64715210 208193099 309312902
13 92 -9650573 -14351 43685
5 74 -26756793 24503425 -2693028
45 87 -909987396 -4 -707019105
17 57 -993528187 -4487821 -10987
17 62 60427854 246802000 304831889
68 96 -427441193 59484 353
81 17 -189 953804650 81566033
27 36 -460067932 -67045611 153748230
77 54 -999993588 -30 -903151513
17 24 80132092 810662790 -7697
17 17 -399540208 579 -160
57 5 -261364379 -29575989 2693400
17 41 -999922349 -38 -11314
54 50 -53417 859038189 239162535
92 29 -140571623 -13279341 514190
38 60 17 999987169 -705965697
17 45 -43 400042278 757134968
14 87 -988943366 0 74077959
71 23 -749538 999999999 3107
17 17 -66271 626507631 81558704
54 57 -2776 419375831 7699908
54 52 -91687279 -357717 13520
22 5 9572 171917867 -181055958
17 76 234 579374411 8697289
43 81 -415 999111261 191908
81 25 -94 31808764 5319552
92 50 -2125 374578794 62971246
53 40 32572287 37386979 104556
42 99 -51956 15 -494385
89 81 -1277 615805706 5957153
9 35 2702268 999999807 -217305
22 17 -738063012 -69804 -187061398
28 92 -1488941 -1485352 54225
81 62 -71681661 4312413 183741011
17 54 -646051691 0 -10969
17 50 -999999437 218 62490118
62 76 0 109539570 -304540165
31 30 -94350 797084716 -4332
41 17 -6999600 558138861 10977
45 36 -32327221 -33 -599202327
43 0 -5171 999810118 43847845
14 62 -8 999676852 304851957
17 11 -914917454 81642688 -23209570
41 57 22283498 493166592 443
26 57 -999997836 -27 -316968887
54 17 0 999997669 208958117
54 36 -4 961635858 154778564
54 17 -324367942 999947971 412090
54 53 -769205 975511906 1904
3 21 236 999793773 15600
63 24 -692729752 250998033 -6650204
49 53 87 55089321 -469871
7 5 -118382729 -50574278 2693623
60 54 37576097 268156702 -1532034
39 52 -677330109 -537908540 -65353823
43 34 -1440 998344326 4459
12 82 -1075446 -1071509 69348714
57 62 27468 999999777 304844599
24 81 -16 775919006 195035
17 85 7542662 999782381 22690
13 57 -1718948 130254614 -10490
45 17 -797913 999999976 -642511858
17 95 -999999866 -2 -589231
92 11 22144 980539217 67471353
99 19 -195920302 8046 -72
57 24 -12 999999969 157
54 87 -998172853 1245911 10997422
80 17 -425428397 1 -98076842
31 54 -647389374 0 -67970
57 54 -721136518 24595 0
66 17 -999999728 -787676355 -342658
36 31 -999983723 -3 -154615698
57 21 -493984116 -1 -286811615
17 54 29 294815103 -10828
41 90 -972532736 574699457 -15895017
89 62 -203162717 54053060 304842841
54 36 11 999997605 470957550
87 54 -63951 820712526 -57691270
11 15 45997141 984025924 -67517663
87 76 -972499657 -26 -73982636
41 48 -997856912 84305 -29337843
87 45 -85437998 999997500 679764271
87 17 -16191423 1000000000 -74069519
17 25 178 588408513 5513796
67 17 119721 830672208 10986
17 59 -761799349 -79810 -8895096
31 62 -2838503 798034757 324751332
78 22 47440 998658585 183770317
36 36 -37503233 2429034 -9
83 80 -34884122 943102869 -445349
50 10 -15108 1418294 -63024475
60 89 -1168 -7 -1909906
24 77 -9 791978912 2394093
36 45 39977791 385273781 603895869
87 57 -42947804 78634608 -73200257
17 36 -38581921 0 151166759
85 41 672 999998329 14
17 31 -999999969 -661778204 -1794422
17 31 -410 391163277 10765
14 62 194 999998037 304861533
36 17 1 350007516 -154353946
26 54 -204906 280670189 -49345402
78 21 -94886709 999818317 4030
36 17 -953 208179801 -154615305
54 23 -41 991024207 297436
81 62 54 697535110 304647868
17 71 -999996337 9083321 -12722
68 56 48375 48416 229614
24 36 224603383 229913879 154627086
50 54 -10 98737281 -60173640
17 47 5 255875145 36758301
1 57 0 346642621 -108
17 77 -999491926 1357495 10522
22 87 -5 173587038 -109655736
52 89 -14 7841498 -14365
39 87 -92012 999999996 73780762
17 17 -300914352 239471 -31
21 30 -999996084 -9292222 1289
92 90 -90 -59 889019
71 19 -240171318 -238430365 66
45 17 -574335673 56893 -753818544
17 17 -579037604 -6 -8
0 20 821 984760415 -29819109
28 36 372462 999876270 154671162
54 24 16403676 999998531 350
92 17 -584496315 383685 -435055498
60 25 -779359351 790873 3602228
57 82 -55505631 115 407405406
39 17 -933454907 53739651 -354606
57 57 0 84057223 28145
98 31 -951568109 1 -38973943
17 76 2 296699937 2561353
68 36 -3 983534843 636585938
45 45 -907547669 -3923 -18
53 88 14407375 959965658 5202392
62 21 -860060740 -3 -304863008
89 1 -1827854 -1419015 112
53 91 -32628 918399626 538441
56 31 -203121644 26 -218120
34 57 411312 762759398 813
36 57 3 416087834 44069627
47 17 -131857 824929632 6967989
54 14 -839226760 230 482
72 17 -580593890 -10783 -11346929
54 62 -240740876 -11063630 304754176
24 55 -774209972 -276604380 4774337
77 71 -872129183 -5 -27526423
54 54 8 270516356 274945
76 30 -909550557 1297300 -95178
1 85 -49123006 7440097 -124
24 72 -4128 74694997 280563
48 87 -987892747 24 73941491
88 54 -976067736 245 -5145305
0 17 -999954584 -1 -86568259
26 48 -992534645 87340104 -49540386
17 28 -998556265 320 -39300
26 49 309 813475233 -42120277
62 17 -391526767 3230 -304831881
54 45 -864858828 -4676 753344047
79 17 -59 999863635 -9399002
41 17 -1 999999982 10984
77 24 -821437267 -1 -133852583
54 79 -714 999999779 9409983
17 96 -999999217 538367 -11352
36 57 -38 26184743 -154618329
57 89 -40545560 16294921 -13113
41 33 -999999959 -4951 -31295429
47 30 -996208706 33243756 3407
0 87 9194084 999722473 40834943
11 36 -331838 999999925 858668663
68 49 -3265096 -75576 7404635
60 22 -3945415 960777614 181840740
3 95 293 999226148 14365777
3 36 -207678291 215513 154533581
17 24 212 243519392 974918401
43 89 -629430150 -215692917 -3239
24 57 265478 127490102 -101
54 22 -17733703 999838965 183801659
11 49 -1409868 814364382 -60120328
17 50 -999999774 7 63013563
20 95 -36875 412 -3567181
54 17 -3537121 544324129 11227
60 95 -999804618 2410456 -2781006
26 92 543494591 850199559 -47149546
36 17 -996976304 -2432320 -154616374
68 50 -17723 1625 63024587
57 17 -223880819 -6829 10975
77 54 -930289373 288451773 -34538
75 59 -999853636 -6297598 15885
17 36 -25533 226280852 154616346
39 92 -9924 11873177 -311348
17 57 -127531736 994745319 3487
59 23 -971004448 -480 -52861
36 62 -3 996645041 152186940
50 62 20559 999996115 241818308
21 36 -4508 866074102 154624999
10 63 21387 124270113 48
21 57 -999996035 1631 -501323
60 77 -71 854903718 -1875284
82 92 -1153 687578422 -422230538
17 86 1924 791426795 8426387
64 10 -915960651 484975 -556257
17 56 -998599970 19446 218028
91 57 -997546337 -83526 -33927
25 46 -545734408 927455686 132094903
63 17 -349789393 -273340826 556
95 22 -76504 583847807 608292617
49 87 -999588194 -240206560 66667333
54 36 8 639872711 154627349
22 54 -630756 995580125 -181383987
17 59 -999998891 -998 41825
31 36 115 999591903 155256775
17 81 -78961773 294193289 184097
68 22 -3335216 241216633 183749657
60 17 -911533 761876604 -1200368
22 93 -971441383 432316 -183048300
45 61 -999979604 14131 -691967393
54 45 23683102 977728208 762123848
17 36 26644692 510748641 154617388
78 87 -544716340 175733803 74080173
36 57 -999676649 -330590 -154627395
5 54 -803665199 -97 -20527999
17 36 90498551 130735288 143069763
87 5 -17 819764350 231780435
25 36 -38575756 -6058094 149112556
17 59 6180256 999999998 419220
23 30 -1000000000 -34397 -1440535
97 17 2 999984078 197307728
69 41 -999999800 -1783249 -44420
97 72 14752386 74557713 2072324
92 26 -3155 13761748 49485991
31 70 -79733 232757579 4405
54 70 -570381934 171339581 15791
21 24 -13432 857621035 -2089
60 78 -999979931 -57806106 -41928227
77 54 -13 654873442 628393103
87 41 -975861803 -64 -74081839
45 50 -907793283 -245661 -690836714
57 36 -27862511 3 154626374
54 95 -999999991 25749732 -578051406
45 50 -5965 999997802 -688796084
86 62 9 931678836 304649717
50 71 -22 834756678 -63024548
50 57 -874859079 6 -66786974
88 22 -791 749728444 179005800
20 46 -329195095 -31472 322674
13 71 -999892161 -59609523 -10569
62 24 16475134 168194805 -304842545
42 17 -894830744 -468458510 -2645114
71 87 15722251 782722108 123864515
36 87 -997104103 -14171 -455836548
54 31 -999862230 -81 -922642796
36 17 -999611782 -65548521 -215799913
13 17 139384029 981336413 123576472
75 92 -41046 1148679 19424
76 59 -47 104005618 378292
41 90 -971104184 4637 943157
31 94 -752515006 -343 -36022
54 36 -1704 999998655 154627179
48 77 -285444040 413 33865
30 92 -90646 -86871 50759
89 58 -621219008 -484315 767
26 10 -999999783 -8 -49820067
36 36 -205019011 49 -829404
81 83 -27 614102190 252863
36 36 -55619098 -771 -748
64 76 3146063 929370306 -457204
59 53 -18761626 480999378 -52788
54 17 -275933783 -270180 -170205358
38 92 -208882 697522183 -707822838
81 17 1240 951883249 -147375
85 17 895381923 908414804 346138711
67 85 -999999282 -6 -235
17 87 -1 245338243 74103591
10 56 -957401560 -135172 -1964612
85 45 -847382174 5 595942517
22 57 -999981925 14501901 -183928434
37 36 -26190710 2 39729054
24 1 -735337810 -1169718 23
66 54 225 999999771 -312580
47 45 -842214543 -1170 744437382
17 70 223553 202362011 23911107
26 54 -1513820 285611930 -49539433
92 92 1 850401766 23360
50 17 -2845 999999497 -1095990
17 31 -763396788 -17 553
17 17 -734731402 -356841 -1957103
82 26 -363625408 -1604702 -372865716
57 17 -129469051 -3707 10985
56 74 -146 134 -229029
36 17 -723650286 39603 -154618571
17 90 -999999925 -537368950 -220972
85 87 -56991958 -712479 74080357
41 89 -267532 -1443 4
24 70 -666541443 8369 -854187175
96 36 -713392870 5193187 154626699
39 35 -449191636 10 -365250
66 89 4918 35717 -316368
99 92 0 838605980 65998
36 85 -999999940 164 -154627434
17 71 745 258601957 -557
24 24 -645978489 -980109 -20012
17 22 -260276683 26 183735896
44 43 -183 318592451 3101
25 36 -32236459 2284029 143851209
17 54 -11150470 242843801 4352481
91 41 -595753613 726 -2839835
20 38 -999224345 -45 704309370
89 17 -561787849 17534134 -52819
32 36 14474236 992839416 154617649
57 17 -115967361 0 -115475
35 53 -7638673 999996994 123
57 43 -116137254 900777 3251
10 87 -999581637 3266835 73985552
82 58 -999523243 21862 -422669841
31 57 -235136430 0 -160247
17 54 99743164 298386437 -10868
17 57 -999999975 198533 -3662302
59 17 1746 775695466 -41785
54 47 -839134996 -2309 -2966
36 54 -638357570 -1055928 -154627168
59 22 1018746 999968373 183707899
89 91 -1306424 2631390 26494
59 87 -12 999999999 74264486
81 36 -479368183 -2 142043069
92 84 -146 977771083 228001184
80 14 -999571703 19598053 -3860
14 47 -973861303 -42 -1785
54 77 87418528 998647163 34933
90 60 -963885432 7 965711
21 90 -203455 978759612 949374014
57 21 -31736 999993134 6439308
4 69 -1356770 752511409 -120107
17 36 18924 579003536 154701150
13 76 -18621 922508681 282855
63 5 -503096731 -3813 -24212466
85 54 -427275 1000000000 306
54 89 50457 97504 -7
17 60 -964863241 271846 -6589472
77 33 -1914 654871910 845374
17 62 -151524679 -777 284957163
34 96 -998337843 -4535 315
31 17 -390802584 564234 -6519
3 57 -975016373 -310275 -1221284
17 57 -999999999 -1161706 -59960029
81 65 -999540492 -1996294 -76146953
17 14 0 202396912 87601
57 17 1795 998457980 10986
7 17 -481977624 -134851 -310783
17 92 -612645725 134 -426628818
17 41 -999101205 10595 -370478
24 62 -817313 765278835 305946097
30 24 -481299013 872716422 126442535
42 52 201443 999835251 -479639
57 36 1750432 999999997 154634811
81 72 -966797813 5 27039
18 89 12911158 16790699 -167390
85 57 -999825732 -303 -23
31 58 -378131878 8783 -10836
94 17 -296925112 -51 8181
87 87 -897322464 -4 0
83 98 -11220459 -11219556 38537532
90 87 7 999798625 73820564
24 87 448782 836523193 116343817
28 36 -514599167 2333 -286879676
45 40 2894 959346432 -751896380
54 57 -6443804 999330574 -15
54 17 -228278783 -115 3510
24 31 -999993338 -264299 2528
54 57 -744400697 -362403 -30883
32 85 -262440284 831271241 518047792
39 87 -449195240 -3404 55319216
24 54 11584038 280052456 25554
23 39 336358 336405 365566
65 92 -30546 150673289 54240
85 36 -208399118 83819 62112650
92 93 -49994124 -25808964 1612515
57 33 -391250 5426 879910
63 19 -270921 -28458 -97
56 87 -184117555 -86049 73851192
24 77 -965707050 44706653 -115373328
85 54 -991552547 -11490 -822101662
17 24 -791780148 59 -32264729
24 45 -3114433 831610204 753829602
31 31 -13949 394009332 960
54 31 -4 896570430 11536
17 17 -734365316 2338 -17
27 17 -736063815 220 -904712
30 50 -482996787 1017 63020681
81 71 -975857070 319778641 -415504971
57 41 -55505091 860360 -951
21 81 -866285684 -62173136 -4412055
82 17 -1172844 996988591 -422394825
25 54 -410902857 71340027 -986942968
16 24 105099 999999908 764608705
23 5 91521 842872840 2693632
54 57 -377490655 -844 -36388329
54 57 -19 117032626 2029
45 31 -244629678 -5197 -753884647
57 95 -363643746 -123548 -21945
26 77 -94847 161351565 -49505679
4 36 -212836805 -8322 153364073
29 54 -23380 417340874 3549210
54 17 16 647764485 10966
85 4 2318 999981803 170152
17 89 263138 245699493 -10969
62 31 -999906780 74875467 -304837813
54 72 -77464769 925193726 266969
93 37 1261530 57707453 113231374
13 54 75923377 863870478 -6362
97 72 -518464342 -217553412 -519332872
95 92 -963777259 -5796861 52161
41 54 -27544805 401239110 14
60 57 -999999358 -3448 -1910046
89 11 -40572 -36334 67524988
9 53 -4622700 -4620623 -217689
24 64 -989262883 -2 556273
36 9 -997026861 22 -238275502
36 9 -999999981 68 -154466597
16 39 -5701380 -5698982 365580
41 54 -470 595707982 2088872
1 54 0 999999690 322477
36 17 -593796957 -9806 -154965021
10 70 -664746766 219 15532
36 49 299 335653089 -147222526
72 17 628 999999991 5395619
18 2 -254480016 167992167 773149543
54 17 -5431 842674727 10986
62 19 -754184816 19 -919622633
77 81 -697486223 60245 160516
88 87 5142323 995642463 68940037
48 87 -7 999999928 74469239
87 37 7893 993896015 40817329
63 80 0 999948746 271
17 17 -330696 626495733 6117497
57 27 -104 999984237 1660105
36 25 -999999998 7345968 -180252953
17 48 -1474 816463084 -10060
36 87 -992689386 -5431863 -409869737
31 96 -997249868 4072 -13801
57 53 13 999507760 35775
17 54 74 276540075 -2288
17 48 -999998784 48513 -11733
43 75 -639326868 302 31341
17 85 -913916864 -59125 -1533454
15 57 -443454 140598656 322611096
86 99 -2590 634189 -193110
32 98 -169576 2117 38975515
1 72 5 269426186 80884978
17 24 -1000000000 -916 -11003
54 17 -733608987 3 -3878
76 34 -909781989 3 -49483544
98 21 -998600180 -59822481 -46423250
36 54 204721815 417362330 -154440955
44 24 -438624608 10 -65278
45 17 7 999942407 -752219468
62 17 77852736 246053000 -236206421
31 42 6413 531728496 482983
17 54 -433188222 311 -171551013
24 17 -292637770 1697832 10756
17 17 -240043432 1 -343424
21 54 -21 276597775 -1813
15 92 -223657 850414778 255112124
62 52 -999999999 -6280 -304828732
7 28 -4503619 951738378 8601
17 56 -388564578 0 218625
60 24 -81798 872608139 -596742
34 62 -109571303 -234 304842849
54 70 -667958980 -17 15910
45 24 -775800151 -7 -753829423
70 65 419309 668358791 30131759
25 13 -203 999999886 -5503977
30 17 -739650267 -11996616 7497
87 60 -828671798 -23708 -72365157
63 10 -699 999519294 53475595
22 47 -999150050 -1458397 -183751173
17 65 -472813988 -111 -10987
92 89 -121600013 -121590174 -54231
76 76 -929355907 336165647 -30
69 54 -520116085 23119 -44288
57 17 19429048 960208051 11120
85 54 -831271222 4 -18942993
85 25 826538 524416507 62214910
17 45 -5920618 580589881 753857388
54 17 -679340473 -1575 10963
59 57 -999998172 -10530606 -65440
98 54 -712447180 1 -42957385
24 36 41632 771554898 195057351
24 50 -999999999 -37434 63024475
41 22 -11994 595804199 183749671
74 73 -35439515 1887456 50250
57 21 -128062958 10980 1677
27 17 -520412138 231224852 -6499912
17 81 -999987048 10818516 1800
8 87 -673298432 -721457 73990902
88 49 -361420336 -64 868098
33 92 -995488722 -319644256 -825709
32 50 -735437127 125652296 33161250
17 59 -2684 824060692 41833
36 24 -828138263 -56600119 -296583025
17 41 -824913123 225 -10987
99 24 209 856139876 52813
24 92 -995593005 -11069693 53946
25 39 71897582 71897702 -5149039
81 94 72351 951882012 596414569
60 90 -778311360 -66 -3402483
45 87 -11 943836839 -679641043
49 54 179 782600453 -7383944
3 74 -758262474 20207190 578
32 53 -9481788 966574092 6107316
54 41 -14440 990247966 46
17 67 2057742 254815188 -7091
17 54 -813169343 36 -12047
84 69 -13713923 998142418 -41386047
95 17 -736002595 -1 -413642440
97 31 -882967508 -292713031 -2751924
37 91 -994011087 165 -115264559
7 17 -239245022 6109806 -122882
77 17 -718295421 -20223 -3062838
17 12 -12582 254269075 353046281
91 41 -999905558 -757 -7918097
17 81 -763396564 -513 184093
78 24 -464 999979490 -220
53 92 -4 0 54236
87 17 297438 827373050 -74069823
36 21 -684845807 85403 -154633879
44 62 -79671 999999068 304842757
39 80 -38198 1594 -365157
36 30 1762 479461762 -154611139
22 80 -999999982 -1087917 -183749245
36 57 -999951780 -4355 -154627221
36 79 -992951209 -3542 -145222936
31 36 -477106651 -726 -94423263
54 54 7507 417375213 2898
43 17 -323785 999999987 7734
17 36 -385436001 62487 154616201
65 45 -958285596 450388 753829507
17 57 -247 365517993 -10883
87 89 -119109159 12107206 -74080817
21 71 1841 420141976 -2194
17 36 -721670804 30 154592477
54 62 -74986129 2 304836329
27 34 -999934693 274 -42583386
24 71 -1 757606217 13235431
17 76 42 397816486 374141
85 87 -2 18574596 74106402
17 17 12317 763386624 3516934
17 54 -615676545 147687984 -14166
87 92 -109910485 339790142 -73950773
50 36 -173 999999694 96951172
36 72 -999999780 1673503 -154346891
68 89 -21125427 -3373230 -10
62 17 -580863653 7772 -315606554
17 16 -999995959 8418185 -14414
17 6 489 734731910 -7103
31 17 -29 524802940 -502
56 54 -181412472 -13514 -199035768
56 82 -183191294 -1809057 -546676770
81 54 48629 999999959 7289783
50 57 -12427 117398374 1321195
67 85 167532103 999219207 0
41 36 -477106006 37671151 137612908
54 17 -999999997 -5129700 -1496571
46 36 -26189999 -15308777 58695589
23 65 -2347 998280647 575
17 54 -548668801 868 -128971
17 87 -993205789 -172 74069804
17 40 -10 824226642 18101742
47 77 -13162 422731241 34599
92 94 -13 20477 -51439
89 84 -526416 511677544 42051740
24 72 -375 57140798 34866089
57 17 -34807 872459147 157725
69 45 21008 58694 753785254
54 22 -996664409 -1131485 -522346353
54 40 -999999993 -1025 104540
54 67 56752908 999999999 1392
56 17 -2965058 658618977 244722308
57 54 341134 999999995 26456
17 50 -999979795 -96676 -282848318
61 92 -156671045 42677 -61968427
45 57 -968464066 -59694014 -753829513
63 17 5 999999998 10822
28 36 -361891604 -46775951 143127426
22 62 -74840133 5 121091817
12 55 -998922735 21098585 -342404065
59 53 0 6 -52803
54 31 -132356244 723359061 15722698
17 27 132 999897517 891628
81 81 -616966667 30 -25
28 63 -951738675 -24 -86191
62 17 -142 39749973 -297837678
24 92 -962759002 890 -2332064
43 6 2122826 2122917 -3215
54 13 -3 433652015 3035742
57 15 -261226533 145 -459002
45 11 19670343 994513389 -686257041
81 48 -295214713 9 -194987
72 47 -4526914 999999995 176071416
63 17 470481 999999998 10840
57 54 0 999999996 471374
52 57 322507342 363655440 91932916
92 87 -28 999923364 74029938
62 24 34015791 105701199 -304087476
96 21 -2017 1000000000 1901
17 87 4108441 300912962 428289111
48 62 -74828242 2 304842740
31 24 -1 952772267 20782574
60 38 -5157 913776787 706813342
87 87 -829565491 562646 -125
97 56 -590260859 4 229313
17 81 0 1000000000 185925
36 45 32 975531966 599382613
24 23 -999633965 -5055 -84
54 67 24 643726191 48663
10 10 550125 997058687 14
17 19 -665135428 -14338197 -10919
59 64 -954178341 101718 499124
14 17 -28868 431053467 841077
22 36 -203466494 -3 -29131864
92 17 3292968 999988827 113402854
38 71 -124564379 62 -707877086
50 32 -15467970 873311480 -62985721
54 34 -38 998453106 16218
24 22 -6019333 660233723 183785268
54 77 -38845 637383977 4986705
53 17 -16197010 881645109 11001
0 31 296128 379002350 -33366671
36 39 -999999987 29918 -409156961
24 21 241 799514373 31343119
34 87 -999058541 0 63461672
59 17 -493471555 -18 -876808831
47 59 -993343117 -5577 -768079
30 72 186 231533745 277059
21 39 -999999996 -19 -679778
81 21 -940357011 42964 -5986665
91 17 5195814 999999701 -15058
87 62 -1880583 986005390 267912788
8 20 14994992 999999833 3478145
98 71 -948543316 113587 -40467916
54 45 -944328464 -1713104 748236321
17 87 36771 723688681 74070001
40 47 -962625297 -24825970 -118336
57 36 -5245733 940171371 154678410
54 21 -935510815 -2 2164
87 24 -7157 993213249 -74080726
1 51 -729968870 115505 282449
17 17 -730687998 -7 -1539
17 85 -827322732 27372 -796162616
24 47 2 792339498 18975597
85 83 -829807654 -1 -1601577
98 89 173137 184191 -38985438
76 17 -503792213 -11926 -87676
35 72 -1 270561140 281777
71 50 -73169 859447905 63024615
5 34 -806380528 -262615 -4337981
92 27 -922863 13508685 824329
76 33 -925401164 3981117 -880686
31 57 -999996739 7043 -5064198
87 17 -585776113 0 -74071142
54 72 -421746813 -305019 280364
44 71 -432036643 -23525927 -13511
71 36 -374080 999999325 154632156
26 36 0 999998421 105089067
73 81 12941893 973386566 700806
74 55 -663400640 1 10633907
17 88 -999999995 -6993806 5129882
72 77 -58631062 -5623828 -529186
54 41 -422657582 474603 -64
36 57 -47852 208135256 -154320357
31 13 -764333910 -645568363 -693270
27 21 -991021875 -21907 -1057873
27 87 -973949609 -16290 73199707
17 31 -797176902 858308 -76516
69 68 -795 -98 -44237
33 89 -41509894 297280 -880217
87 62 -40 575013251 230767008
57 14 -9588176 980830077 1405968
36 10 -17 30143187 947182557
36 13 -903342 479866652 -100982164
85 60 -10672 982344028 2643733
57 17 -27304375 997411829 15859
17 85 -913892937 21 -154029
92 67 36491 774129163 -54243
36 24 -662370701 -50 -154636598
17 36 4279 296803126 154616307
96 65 -2156730 994886675 -227
85 54 -87774 822406919 131303765
31 57 -999947540 -4891 -11545
24 62 0 940567041 305797485
31 92 14 809489658 44698
38 80 -3431530 978219361 -707876644
24 62 -75991595 -3673 283160252
54 31 416271784 961374170 367590
41 45 -143052353 452724762 761975983
36 91 -997275075 -3546 -154621271
57 54 -43993629 820777283 55368
31 31 -28484 999929760 22754
87 57 -920689169 26 -74081490
94 36 -26272 999983222 154797782
47 62 -75170687 -327480 48386873
80 72 -9 135 280021
54 26 -1 961013767 50032009
17 54 8 738015099 362751
38 97 -86199276 796769939 -707875004
36 45 17 28015572 785107886
55 5 246708678 999999983 60886182
25 85 -39306 828129660 257570199
57 62 51 999997600 950005171
84 57 -999745554 -591005 -42051857
26 39 3221 369578402 -49150817
81 66 -14467320 999894051 121303
54 62 0 999770899 304842846
62 17 -2 95865632 -299749090
38 5 40577471 848807182 -626336155
27 54 -138174 998928998 481362
29 17 -296804369 21 -585958817
54 54 -15 225929165 121573
14 20 -505795 -132 3565675
14 81 0 978154929 193408
45 57 -865281401 66330 -753930196
50 54 -986962429 121921 -63071949
17 57 -999999940 -286189 -259135903
74 81 3114602 901276545 194472
32 55 -104678 998913753 10643587
17 18 -88515 511122279 480997
45 66 -814570828 64799 -753513276
62 81 -24 74986999 -304647595
99 87 -830239715 149929 -743130531
17 54 32 233681338 -10537
36 89 -23349 352315899 -140886186
22 31 819685820 992286043 471612470
36 45 -944359035 -31172 599198220
8 36 -322479679 999988333 154537700
90 36 -32534357 -294974 -599085402
63 18 -726453397 -463922 167124
49 17 12810557 999998502 -7392847
86 17 68321972 1000000000 -182258
49 17 -97581 604611346 -7388441
62 56 796829710 796829726 -304613228
85 82 -831370165 -107243 422405940
80 77 -76262797 708969413 132770071
17 1 4467700 5254685 -10861
57 17 -105684338 -8 -593265
35 39 -10111739 5459 365200
38 30 -7 989854042 -674763309
14 26 457867 999999999 49645930
17 81 -763091447 53354165 -4685577
17 18 4164298 296802056 164623
57 81 -482957840 -3786 189377
45 62 9789380 841096303 -448964506
90 5 2273 819724897 1750373
36 31 -999604247 6729629 -154629331
8 23 -37397 -29345 -89878
47 39 -252561509 962392 365577
9 59 -994229587 12 -193293656
94 36 -292730229 -1 154623900
81 54 -999999994 -28 -195064
10 17 -421969 999300175 13510
24 48 -999999997 -52246079 -383
20 53 1688276 1723809 -3567354
88 89 -531786221 -5604138 -5140857
47 17 79014 934795072 73639
54 32 -999999999 3442 9625
92 70 -653955398 46227 -40929
93 79 27853 58577 7743244
48 88 -474272852 3 5140725
47 31 1561694 754425541 6180204
27 57 -866070474 768226506 -1131387
2 36 -474012761 1069 -626359001
13 76 20385231 20385864 88103
38 1 -161617516 4951 -708341641
54 31 -839249752 1374631 -73701810
87 17 1 999326488 -46281980
59 22 -161559275 19365239 127129572
34 30 -995486364 -1844057 -38452
17 44 -999997625 561263244 -1284297
36 71 -24 319264423 -154627095
17 97 -139853208 -78295 -29153933
55 15 -999998346 -4466 -10651859
48 55 -774389638 -179664 -1888950
57 96 -7 999430738 403
43 60 6441 984723982 1931858
