100 1000
-57582608
-566604884
160198859
173087450
-48546315
-474146761
43127686
890342578
471210386
-168821856
351063661
-45389353
72599042
-799816
164976271
439944307
-3555061
463020839
-884248476
100901067
-354059128
-221910784
300547049
45319458
216816
-191974033
-284447827
357284560
5037725
-360037989
-3486366
978877672
153151
203178604
364884108
75219051
-368313253
31817965
540317078
-4872549
-909591911
216159743
-71161797
-266
-66931144
60973856
468063523
-300339722
-879897192
-110788376
75344441
-16204996
-722779133
-100480344
97801194
-706701239
12701011
-3522440
258966009
-823930688
-285313652
188763122
-1631150
429664579
376134163
446137553
-1710794
-250983015
95152177
-996331561
205754668
-135889
78392207
501963905
3507
275766642
21022553
82595484
92655672
336951923
-116694565
34163348
-56845151
644957799
-965947237
-19986094
220070273
27966843
-123449520
-521929559
577620078
-651506446
110
525507731
860628925
96066597
369179066
-865610214
-304073992
2821061
38 25 -2784563 999999998 155849179
64 6 -869545422 8429687 -140922631
38 38 -836192374 -74960590 -28304274
59 59 -346866429 -73 -86342725
98 16 -465 23380744 15032
83 40 -2707078 963499180 752155739
75 70 -500931 -489320 -5683771
91 76 -135 999874219 -53065850
30 94 -3010074 -2993441 -45092
88 36 -52948 54007517 617215
24 67 162043 851166092 1678815
78 94 5 411584471 4007
83 54 -457511904 154111 -218496
25 64 -949060215 -794 142046326
52 38 -61935 999999857 3219273
84 38 -417683 184421122 -3375243
40 3 -224967422 -21104208 -1369036
38 48 -909980102 33362101 153900098
85 17 325 1277 -17
38 73 -999982626 -12 -126242
3 38 -507197542 46893828 77130
59 84 -999999991 -13538 3397668
78 83 -962962683 5082136 -9823
3 67 92406 652081367 -1937
59 33 -177569458 -24343 26500
48 2 -999999933 -211772509 -155251921
40 97 59 999914261 641431449
38 41 -397139842 -1624348 -38050290
75 96 10704 702453154 -1147008
20 58 -251653761 999999997 -9421
56 25 -8 999380738 479988712
38 30 -827058658 492620 -33668
67 46 69780 518843628 -5127
83 76 -128 1000000000 72940
7 59 -34348883 450658876 -12682
58 41 -321576 -276216 -113146
27 48 -741421415 168585007 153959422
11 28 -103 999984213 139455
52 57 -692224703 -37450951 343
86 60 321065174 466075982 937648682
40 83 -29508 427517397 817266890
83 38 -461496720 -128731 77382
89 94 -534707861 -532594901 -7660
26 98 240005661 689041396 -2839692
84 40 -50709766 39214 -2075621
84 34 6601 1000000000 29765492
56 59 0 442779667 3938
78 56 -999991368 244339 -2629
66 99 -985633878 7029 -6314442
88 38 2496 192437499 80679
83 64 -580739616 0 142047507
84 64 -921884973 10670 138272701
27 20 0 602589891 39382785
84 20 -50695525 19 -3387824
83 38 27 276633220 401795375
40 62 13210 296996 963644
70 42 96544046 888380262 109243461
79 73 -599226 360588321 283
40 51 -966206626 -134975 -15044415
80 33 -201712666 914980378 76823
34 40 0 90407269 -31757361
59 84 -445080687 4 3025446
38 46 -178893799 -34 -47408968
87 38 -45 266468206 19121788
38 50 -926240462 -7 314590399
84 87 -929261240 -115 -3448790
93 15 -147949 565486863 24557187
98 80 24100940 24419087 2
41 94 -464416500 3056 -668475
59 3 2022 527922925 22519
1 60 0 714686345 134056
3 38 -998893087 23559 -358438
92 95 -14 997945336 16090
89 38 -438665796 1775 -11295736
59 83 -434394206 17 -499
38 48 -553442183 9 -637289225
84 38 -44474151 27583 -5921129
96 40 -999999991 -526 -3189229
21 26 1375755 999975320 1378223
83 59 -999999812 987391 -561613
78 7 -182568127 -73289621 121153
93 78 422522574 949273720 -1152
41 38 23 566477463 1460724
11 25 -606753303 -39 -943
7 14 -1443 178103084 5674128
97 38 -658985441 -213331631 -642799162
14 84 -990427454 821 455606
58 86 -126033341 478792564 -113173
59 14 -353086868 29519887 2879059
40 31 -8656815 999999762 -1370790
52 64 -161065482 84 135494158
21 40 -218831684 421610948 -94180
46 78 -518850581 -19 -29658
69 74 -221367840 21990031 -410360
38 61 -846354257 -35118187 -210880
38 27 -553885384 3840082 2639105
78 23 -1073979 828964727 83797644
38 38 -2 269521479 6
37 86 -2959016 -156961 -5643089
83 75 -461602 263860259 614121233
84 69 -207028 501 -3041771
10 3 -1388996 155081118 -35409
19 38 -999999997 -6 -190858
64 67 -237799 837730184 -142030156
2 38 -7827 838104933 -1354219
95 78 8 902015896 25
57 14 -70777 638227835 2998597
40 46 -65 366947278 -1379751
35 38 -1 43794052 -2134160
3 40 -999999993 -4322141 -20791591
97 21 169179 259547 -641332238
25 37 -999389594 -31903496 4748383
18 59 -106662328 -73916 -18956156
38 59 2 492770071 458838872
25 75 -143551751 823257621 5683767
40 69 -631726657 -4022 -3095214
1 97 -169909 998033356 642801237
67 38 -35451475 234389817 895687
84 78 -33968963 -70471 -6270056
97 84 106 49663359 -639355631
77 80 -49573139 186578886 -7
46 83 256487 507218096 45021177
90 38 -503383984 -1643313 -137659410
54 1 -453577053 90765 -275407
70 43 1513 1603 22
44 38 -32311811 638312779 77648
60 35 -30575515 919756167 2049447
48 38 -475895907 22 -156860415
59 38 25 999999963 79610
51 4 13003645 999290716 478235
91 88 -347505331 -2 -61024317
16 22 -509638 12719740 360017633
9 59 2589 645617742 -160739
25 59 -1 261665945 490
38 55 -227086643 13 -159614278
59 79 -382450695 -21179 -20052
52 20 226 645815261 10709879
91 49 -999760770 -54657719 -67944787
94 41 -504312785 1044 -721546005
46 83 -277474243 51933448 -209
51 59 -999988651 23 -1087675
36 41 1958042 2931823 -617193
38 83 -441663737 -430746642 -13466155
26 59 -499 712996345 30572607
51 14 47653 670353573 3120323
97 38 -909834681 -1273 -651518176
39 61 -10602 987949668 581868
59 38 -193764638 999998725 130628277
18 59 -4573 465826019 -18956145
32 76 -997252165 19 -168199
84 87 -1035 999999381 -3417548
38 47 24 699660275 347057
72 48 5340 120116224 156900941
46 85 -514457659 -74 -200394
46 41 -93279743 838363194 31158
46 63 -6305266 -148954 6573136
99 62 -9178 997169755 2123006
14 98 -7037000 52285071 -2998943
5 48 -952411397 -17894 156679302
59 83 -999999995 -7813 -542
42 9 -10 924629420 -105540279
38 80 630 882807771 150191622
59 38 -908637530 -8609606 47361
13 75 -76309604 7418 5683764
38 78 -554117223 -5 -78672
64 73 -1289332 951918929 -74002665
3 38 -1048829 941260390 67236
45 57 27822492 27890518 245
40 41 -444603732 107 -1392252
59 38 7014 152485949 521549944
23 83 -999999996 -212622 -70957277
67 5 -632450856 -82126 -7669
81 44 33704061 776279872 22229051
59 38 -473348406 -48 -18157983
3 36 -991193980 20583191 -447803093
55 59 -999999102 -801688542 -46899774
79 44 -627559886 434956 -7087
95 38 4250889 907817421 2838682
68 67 -317981478 106163313 409
3 41 34724 941315762 -11381
21 3 -422022571 1224 -1501563
83 48 407865725 523557109 655263404
22 75 -411953 52677 -354348894
25 59 -663158242 -5817283 476
38 6 -144810995 -472712 1070155
27 59 -999989197 -72 -2719417
83 84 -12379513 921895643 5495772
59 41 -395982560 5828 -16679
87 67 0 758406299 13879
15 97 -12766 14 618286077
58 40 540059 443316300 1658860
46 59 -999877700 -66104104 277
38 67 21 851330837 -70979
94 40 -18758092 107367478 97820022
48 17 -599540188 -51686703 -225961241
59 40 -475440114 34 1129629
86 59 -5822880 899831035 6533721
97 49 -460473193 -7117694 -641454111
7 59 -999942928 47108850 -121827
41 87 40160335 321335457 887989
38 40 11948 247577489 1339522
7 59 -4517426 178103575 9130280
81 92 4 66 -5691
65 46 -894537921 -128253905 -204190
15 41 -530327448 54 -24525879
67 38 -6829 184838839 38046385
38 45 -762 999996189 282738430
40 85 -210303947 -654154 -1426883
38 41 -15235 999968154 86482416
0 59 -996615433 1403553 -7185398
65 84 -948879409 625513934 -10261020
92 38 93 999886660 78479
38 46 -578905755 1 -153867
59 38 -611292 264134369 79243
59 46 -999999726 -540611624 -65720738
38 59 -38834095 434490277 -77690
29 38 -131123 996873842 -391437
59 13 -447010675 802972 -35440187
61 81 -438016 -437964 5721
42 36 7 578378480 -104666853
11 54 -63022 8793384 219164
78 26 -748059194 -993606 2839676
69 96 -84818422 -3479984 4122830
36 52 656 577614438 277486447
52 23 -577600396 0 45503
59 31 -13 999997271 19669
48 89 88 376151368 -156671703
40 41 9194 999999197 5319840
41 59 -7876 677362404 3545929
67 3 -854368821 1306860 -1132633
14 36 -970597160 -535 -2381795
75 83 -929504605 9574093 -5696689
86 64 -94830800 67693495 142047508
16 38 0 108648865 63635
94 20 129 62436764 122737
3 26 -708132571 22593219 -6683448
40 38 -337905963 144339641 685120111
59 78 -411387118 -4 -599
87 53 -1921506 10442 -21631
83 59 -540364634 14 -174264580
15 88 -681443493 22296199 -24525134
76 23 -999995229 -109927 -1364936
59 77 -448927217 -12710 -7909
40 38 481865 1000000000 -720081
60 64 -714686337 1 -136007511
25 34 1 304275285 33182018
83 83 -538262049 -405005850 -8018
59 83 2103593 540365816 8947840
38 59 16648 709224406 -77921
38 25 660759819 999998814 -78618
94 45 -960024763 2885 -1546
84 59 114442 113170469 5432653
38 73 -431542 999919043 -48090
83 38 150 268434903 78649
59 81 55 734721976 199577286
64 26 541969490 999999989 -119108494
90 54 -999999917 -5 -21605201
20 87 -60496576 999962223 567116
59 59 80052016 266847225 42
81 46 -999999998 21368 -804954
10 94 2367175 987112904 31879771
77 40 -999724867 0 1379961
96 84 -999884823 7 -1081059
52 8 -999822719 -472769632 -1648212
46 87 -3389 978579790 21557
59 73 -498070411 1 -1234
48 41 -199437479 -93446137 -890067896
83 96 -3716 999989214 4536643
59 59 -854489211 -4 -319
40 56 3897973 895322649 -1379739
40 59 -104934 295741823 191080770
84 40 -676 14852351 -2075618
29 85 -10943 16253427 -469839
0 38 55321 982218768 79004
5 83 -407548551 457662548 50
46 63 -442475800 -17896407 2032802
97 33 8155 999824747 -642733641
25 36 0 301542873 856032
34 36 80688 631767079 -23951135
38 40 -28439757 400819170 1301520
38 48 -266736363 78477 156599649
41 90 42271 105934382 21824384
38 41 -3 996502851 -73287
0 40 101 210422632 2021102
83 38 -1 131951677 78669
40 34 -45797736 440003665 31802052
48 64 -999955703 -7226 -14806055
38 41 -566477437 -169331026 -237225
48 84 -999999691 28615 -153224235
84 34 -787484387 -1170047 -97267431
25 40 -956704011 -61858 -423576
25 1 -999907455 -51766336 43634
40 23 -616005967 -368748482 -1583236
41 38 16552248 423760626 78625
59 59 -346927951 60 -202
36 83 -236066522 -558505 -360064286
83 3 -314043838 311425 -10425775
83 69 230518911 234187264 414070175
60 38 -653671935 -21979 -354337833
84 59 -52204918 -43 -3455108
1 83 -52 948127039 -7214
32 86 -779418545 152661 -81663
69 3 -3667798 -2 -179683860
28 59 -999999923 -5059965 -1320168
1 26 -349805339 -13175894 2793670
7 58 -12740558 -12596685 -9099
25 75 -11 58 5683767
25 63 85 822876252 80529286
20 76 -651739040 545951 -50552
5 38 -66514565 990920086 140359453
77 3 -232690 970790804 11406
87 41 -1 971987427 3790610
97 10 -978410867 -335844973 -642776094
38 52 -1617 285904258 9756948
40 59 -25086098 152594029 -1379436
29 46 9006371 999999988 -358071
38 59 -867125727 2903198 -78153
67 13 -851239411 16 -7713
38 59 -993131349 494836 -83649
58 99 -181604365 -2793425 367406
3 0 -6059 374588605 360010
38 42 -161946051 3 105623122
40 20 49476832 652292443 -1216847
82 26 660 130857269 3918516
40 12 -424524237 -61895852 -1380150
59 41 34919879 945459991 -388
59 34 -212035737 999985864 33181791
40 67 -987697946 -5892 -1373389
31 59 90019816 116517565 -6093
48 21 4395312 745904154 -155199315
15 59 -36 495197803 -24521368
54 38 -897744211 201288 -144809
99 35 172 456403334 1742768
59 35 -692797466 26844 -170837088
59 49 -945405334 -2642 1355704
0 34 -744342670 124479204 12461381
41 40 -999106671 -41458841 1379176
27 59 -37027168 405135393 -2719392
11 84 -603394389 2 2136623
25 35 -1391 301577295 2244359
21 75 -998856104 -108934 -31036881
25 84 7485 41195316 3460687
84 72 -1000000000 -78122302 -3207611
49 46 -999524526 -63541 -1357178
88 29 -797188071 374706227 -216642580
88 59 -11617 177655646 2248
53 48 -421036315 -1722575 156678732
38 46 -90893 461192278 -78529
15 59 140089624 435826108 132573229
88 62 -15325963 993113611 2343614
41 73 -4 414282326 252
18 9 17 943114286 -18788527
25 1 -988362637 -1823 -11329617
19 22 147407348 158360429 359764545
41 4 19906091 586380450 15517492
38 26 -441356032 130 -78229861
25 48 -180 644269310 157499949
87 68 -206242 939658174 3515606
34 40 -999987432 0 -31802057
91 38 -349612496 0 -53094850
61 4 544364 6740732 -135
40 83 1439 999999993 2624136
59 35 -6 997005347 2225619
83 35 -84446 999999999 381721912
38 1 -29 433395086 55296787
59 80 -998598622 -10 -761433115
8 83 -47624 388833320 -191
79 13 -999996386 371 -86150
40 73 -34917 1000000000 -1282274
83 38 -533687 930637504 82796
20 55 -50261228 91760110 -71352
85 10 5919137 6001594 46545
77 90 -278324356 4505 21824371
47 27 -3144 -2522 2718470
24 86 -12 4590987 -16
25 23 -999994814 118353368 -7776112
59 92 -3 999999946 -62
36 59 -632500250 29254 -9159057
91 6 -241331 -239213 -52023905
40 38 -998200896 -633 -3320658
38 38 150667737 638065400 3
1 79 0 867316112 18766004
59 38 229 999184952 80420
38 41 266414 999903905 -78603
24 10 9 999506749 46806
42 4 -988176218 13755078 -454269438
44 12 -938355318 -255174 -16782
86 34 -774380091 -40 30328032
3 25 -14 670529149 18623152
24 33 -11378842 188765 76806
84 38 -53287714 -1542616 -3377149
5 38 -461267068 -2021 -1200790
40 27 -827810629 -18940 1337251
7 79 450817036 994323029 1034202
98 41 -105975481 -2 -3571025
40 88 -391244931 -1372 -298016131
83 46 -531349696 1383 -550333
34 38 -946327154 8 -33152521
52 41 -105976105 -5139 23
29 83 -630512495 -920733 -470279
84 38 -928091086 8830 -3377449
38 75 -98380876 999999513 5605891
84 38 -7167 173185608 -3376942
14 38 -999999952 -5350866 -368649375
89 59 -467384786 112232 -20066811
40 38 -55027048 997549678 -1301301
54 38 -1 839244421 -140409
22 83 -852253756 449399060 -360078515
23 75 -33031 4191 5638239
59 24 -437781681 -330802 -18717
86 59 36 445080468 764
20 41 -167956272 98 -125414
46 40 -117218 -109376 1379865
83 49 -863985018 172503364 1259921
59 26 -2314 597723545 2918812
93 78 13059 994583762 112957
40 38 32 557426122 668755082
34 34 -66 748146006 295
33 76 -223050 796622611 -2421
34 97 -999972972 2034 609629196
80 38 59873358 974760013 90404
83 59 4695065 999999978 447873
14 9 -999999957 111938726 -3648152
34 38 -1000000000 -32766 -33595028
46 78 -416507850 -40339611 1194958
51 59 -986886787 8 -79838
59 38 -7862 930607546 78182
38 40 -403559 999446147 1301337
38 67 59417171 913790046 357944458
38 27 -2478 999615604 2641273
32 59 -999837783 520 -82873
59 38 -194 920912626 18555986
59 59 -5447000 900023842 3
38 59 -144988836 -669 -79988
29 83 -973427228 -8741792 -470110
59 26 -340385167 101 2838588
71 59 350 988042846 -194515755
38 40 -998691907 19 1292359
60 23 26480494 958385764 3451556
38 38 -665055843 39175543 -291
84 83 -3 527605450 619887376
17 78 716 599540963 728
59 90 -482116459 32008552 21660985
23 38 598 234730882 1648899
16 59 -996436867 5157 -14539
38 83 -276579077 0 -95071
99 38 -20 773518896 -401928
25 41 172028987 629421605 457655
83 16 -19160958 4954321 15028
61 52 -988299482 42788 -26836
51 28 709234 712003 69906
12 94 -6451 6423 -4
76 83 -801352319 -371 -11669638
8 59 -594272626 -1160987 -15097
31 82 -4131946 16990371 106429
57 27 -656382910 -13667470 2719349
38 38 -43 930027818 0
40 70 -638389010 33817 -1379970
25 78 -188904962 40 -27278039
21 59 14 450671264 -1477209
85 79 -952395763 -35499638 -723203
87 87 -389702 34310066 1
69 55 -938388824 -94101298 -362441
64 26 -8546327 999998177 -138617139
52 48 -227193 618429853 156863320
88 8 -469362475 527898 -3651
53 83 215 456378635 290291365
60 40 -421372875 39860184 -116648233
48 70 373 952775932 -81112935
29 43 -669677991 -19335 -470095
93 12 -999353453 -5 -1253
61 38 -11785057 193130741 79870
46 78 -930714376 18 -329
88 52 -810456619 4672 -61384145
59 38 12663579 264745262 411169
9 3 -56885692 999999780 -149527
38 84 -1686 44472084 15783228
3 84 11237 25517163 3444788
17 11 388752896 397626827 -185
19 86 -685 899085147 358535
36 3 -3859 998207280 -605810
38 84 0 44305448 3376942
46 37 -11 569899376 23052809
3 40 -999138923 0 1368532
38 95 -72840868 4789 -78705
43 52 -1973 999857118 146111
38 46 -827536818 -506 -332755531
87 67 -68372560 9203992 -13994
64 64 -877623468 7004934 -1
83 36 526 269111672 999355
26 59 26400216 709211701 -2642705
59 78 -36790 999999992 197550808
41 38 3649 530331093 78669
56 98 -993418275 3716260 -2018727
38 41 -12482 999978984 -78417
54 52 -59912835 999506289 -205137
87 48 -675226445 -990 156551880
2 80 -71 352074386 -1432885
98 95 -91825292 9088865 3
38 80 8040 999997855 711147
38 59 -500185326 -7323807 -899764660
89 46 70 627116366 -7199
7 38 -999989705 -324820 -6468225
40 8 7 999999740 -1376639
78 38 167497711 578031294 44209946
67 52 -454781581 294280051 -15859
38 14 744 981749148 8339520
38 38 -976416577 -3294 -1449
59 59 -597761579 -29 -597958
38 78 -1139 999999999 -78640
38 31 -26497759 -850386 -206292760
65 6 -50860250 160178670 1126597
59 38 -2629 76362304 1788489
84 78 -45523378 -1070037 -3455587
83 37 -451790102 -110230 -106886530
26 94 -464415922 198397 -2839725
38 38 -710946312 -163444 -33
93 84 -367854763 4985338 3454432
97 55 2098622 201296112 -561839281
23 38 -999811583 -10423281 4325
40 26 -720464798 335432 1444527
27 50 -999999922 -109397292 312192180
98 55 -4135310 221554192 51382
59 64 -436670031 394522637 141023779
21 14 -978411713 -2 -45783173
40 40 -966071263 412192 -169
84 29 -22325156 3170987 -2985475
34 27 -976586622 37358784 -30475655
66 52 3301 285907363 -5573
36 94 -464575688 -346368008 -21353499
86 38 -999996149 25212 32253
5 18 -147874 115608969 18956669
33 7 -132999905 0 45042
14 66 -1675045 773384344 -2986747
40 3 -941642126 27830 -1395937
38 44 -144811945 13 -77667
59 3 -339588309 -1111 7222
95 51 -986056557 1 67583
84 59 -51552389 999999999 518817983
78 38 -942617505 -103 69749
46 67 -514458198 4514692 7549
36 35 -11 999898397 1606296
59 70 -988064643 -107890073 -2481
94 78 -411917802 98 -1144605
29 2 -999999969 -590 959434
57 7 1855681 987259454 122587
38 76 -992754062 -143 -5759
54 51 -900471085 6 -150653
38 40 -161529677 -957 1174449
22 41 -89760 -25 -360032635
38 38 10982 178765121 164
38 38 -798992873 3763 -1
38 84 22959 20491053 3377004
17 78 -411621104 0 -2261
36 38 2502773 488439717 -538078
3 34 -635080795 34996 23489398
91 67 92 749054356 -53165664
57 62 -664471 989190498 2343383
83 40 -999978103 -26074765 -20024297
54 38 -87006027 978202284 -140562
41 97 -999658257 9 642348436
36 38 -199896 21965767 15964492
38 23 0 824810168 29643
87 38 -999999999 16964576 -1488562
58 99 55 742340623 375682
26 97 7 720407970 640434898
91 40 -473847317 -163 -297988656
61 23 -11 824224595 948133676
38 83 -1484 459435244 -78638
79 95 -851123671 -11216 -91492
96 91 -290413 349322095 48636846
59 39 -481641805 -396 -1313
75 55 91 283222350 12112299
59 38 25774 161920804 44692528
29 84 -513160466 81966090 2985382
40 97 -526 723647270 643400333
46 10 -7 233239500 70379
54 38 282073011 999924362 -140207
67 41 -294349539 12245 -18371262
38 87 -144326116 574 -56996
80 40 -725 913972407 3322844
38 25 -22277126 999999209 13701282
38 63 -299736 999717905 6494599
48 43 -618433780 538 -156679352
88 7 52653 985128260 964921
83 50 -924653177 2367 314912093
38 46 -5035225 925614377 6007638
83 83 0 734254893 74325574
59 95 -903928106 -593 -59647
91 41 -885303556 -471255740 -58673989
43 40 -989723171 -15822 -12912044
75 76 -2817657 18734704 -5610839
93 63 -999849735 10688 -16410589
79 48 -626100656 1459225 150160777
0 17 -5327749 -2856011 -1297
38 29 -23244575 6962042 -292894
84 91 -44129267 124514381 49688996
38 36 -998692884 -1 -73648974
38 82 -7737 975937315 18105917
51 83 -262960611 1537315 -69691
54 11 -940007576 -42936725 -223234
78 38 -58 161582282 420836
40 73 -907572798 -500396945 -1618813
38 38 -362532093 361067690 2099968
62 6 5 999994631 -1182002
79 36 -999960201 44 617071
69 79 -610100293 627638648 337278
38 2 -839788256 62 1231123
38 25 -262598217 -122587 -78813
41 21 -56904 503997766 1532295
54 14 -78514 999999995 2808062
98 84 -14 28408158 3455588
82 38 -999994614 -24521565 -63420
5 63 1545 2118 6573227
11 69 15 820175721 413762
64 29 -877736433 -448455 -141589782
0 93 -301980761 -91143568 -2234
51 46 -271 514999947 290080909
84 1 -996919226 680 -5841623
29 46 -999902559 -90128886 -612874
3 53 -1766 129322216 -3822
38 84 -930633688 3688 3371341
3 3 -652224778 -15885 -7
66 56 -668239258 16 -533403
6 48 -6438 6031004 155529785
54 36 -95 631682146 433198
92 22 23 852519251 442874464
25 88 -989873469 188509529 4
52 23 -369626980 208568102 -1673179
83 38 580179 181086905 494900
83 64 -86 786444775 142048164
25 41 -303400342 19870 -131449003
52 84 -8622220 25448785 3474612
35 25 41808236 972715692 13064260
29 14 -669459110 41961 -21285901
46 38 -114284869 126670297 79510
83 46 -454177609 -12841348 -98647
84 59 -51884634 -59 -411130081
38 67 -968574530 -3 -70993
41 89 697600 478753216 7632
38 77 -669579010 -67760940 -96575
83 26 1539 356149498 934769526
41 51 -985361690 152 69400
38 84 -160835835 -9598 -58480253
46 38 -22 302482024 8146377
0 77 -81956094 950142111 19945540
94 86 -70784 957 2
48 44 -117715135 202308 -156678355
40 59 -1362 482090142 11389449
41 84 -999999978 347 3455558
84 64 -57807743 -6776029 138428647
45 83 -9475 939016665 39989314
38 84 294657 168589494 5074543
83 29 -746315562 160817 -69108347
84 38 -14436 132259734 -3376451
84 54 -25494132 -788 -3236445
38 59 45548272 487510129 143489
67 92 2 999855221 8849
33 83 1672800 460415564 -76628
38 87 -665224077 688863 -58280
19 79 -46510791 852584865 -255788
48 3 2595132 838903834 538808239
58 87 -535902 -535839 -91518
21 91 1113770 349611496 51694517
66 29 -996643741 -40066 -1414201
83 59 -14075 274354116 1056806
40 42 -963488148 213 53756380
59 10 -19325118 993526385 142095
47 8 -177271 -137042 -1189
41 83 200814627 734254330 12590
40 79 -1068609 978771126 -1379693
59 38 -693557952 11 -298379793
86 59 -997556406 406 368
40 23 -935292265 25 -1431515
59 38 21166 481403683 78168
27 79 -739882083 38 -3719094
38 42 -992550886 3 105622930
51 59 491 295847611 -66767
30 46 -988577485 0 -44988
66 25 -243558611 3933770 -5614
52 66 -476035788 -95199 2727
82 59 51928 346800699 -60707
40 64 -1120 877288957 147228628
59 59 35 604823254 3953
3 84 -991182221 -7509148 3444127
38 38 -184840842 -7297392 -176420183
26 59 11933911 13384446 -2839199
38 38 8 998892161 141
4 67 -31505 486151029 4391756
40 40 -256694432 1 -45
51 43 -985349352 -3 -885806965
87 87 -972027728 -2075145 -193083
38 38 -461260963 -1901 -398230
3 79 -999807414 -939770 -54720308
52 83 6 451621067 70719
38 42 -152486718 19463 -347154703
74 5 -4174 592286683 -3096
48 74 -8090 999963051 130212239
26 59 -999999913 -7 -2839210
67 27 -847617957 -361242443 -7191154
34 26 13367 794023165 202893936
83 51 -989752869 -33 69405
83 87 -528351968 63 -40893
38 83 -1185 540023583 2201659
75 41 473 761140378 -5095081
59 38 6 999998261 78161
46 59 -999879186 359367306 -9548833
25 34 -858736222 -15943 33182003
84 38 19260 490634017 -3376941
41 40 417 263701639 1603352
83 48 -258372924 579421782 157125767
40 29 39156 653900474 -909836
58 59 -597664326 11564443 -436777325
40 67 -115455423 -4329 -1374410
20 42 -11582725 -11582725 105579040
40 38 9088409 161582271 -1301295
59 24 0 999999977 33232
1 3 -715 957347154 166424167
84 82 -5225465 937877182 -3340202
48 41 -4237965 999780529 -156662911
25 59 424221650 686817491 495
3 52 798344 572758019 -10278
97 90 -420735436 105 -621199196
41 59 -646942867 -1133861 -36094
38 15 23425 999945966 24446586
34 41 -530373281 253461927 -43290987
41 38 -999474514 21593 37303
59 38 -445412176 6136 77479
59 96 -346381128 -11 4536094
34 59 -1000000000 116665 -46702845
38 62 -986244148 14745657 2264820
5 9 -6346 3325 161252
59 70 -794233431 0 -143966
59 18 -93 115752286 18956152
34 97 -999633387 -14396295 563009551
64 52 -606071125 251312134 -153439167
93 40 -995581943 -8730 -37594130
59 52 -452654828 -3021451 -16773345
52 64 -998117017 -597 141687786
59 59 -105310693 475449772 16969345
97 50 -619884634 -2154689 -331447441
52 93 -398029986 -3106220 -36680
34 28 -10806869 783202357 -33042587
38 38 -882695865 71956669 -253
38 76 -262992226 -14651019 -6407
38 14 -1228 998466229 2920370
17 38 -700566168 10873818 78149
17 77 -888559244 3173645 -252
65 72 -264270 999974992 54610570
67 46 8157883 933303721 -7559
25 59 -2757034 343005885 29022479
84 75 -302696870 190 2226486
38 23 -163292030 -1724484 -444134
40 25 176517110 999999576 -1360659
59 41 49336175 998289338 35196
38 38 -178901127 -12 -6
48 18 856 115728744 -89794190
72 62 306 921583925 2059660
86 83 -338090 779586826 602
88 11 -295334698 606075086 503219
29 98 -999988870 0 -5512756
40 85 1317105 958297755 -1379117
97 3 -304630718 868415348 -642791805
98 38 -689026904 -1504 -277736612
38 64 -961382057 -1892947 141947677
83 38 -438457464 -6 -34769060
38 29 -999999998 29630258 -10865322
25 84 2343 25506129 3455924
59 23 37 988128960 45039
18 38 -115675414 0 -18878000
88 25 2204 999953959 57884
59 40 0 247561152 1379506
38 90 -263709765 -37127 -18474036
61 48 163727355 835308100 156789971
34 6 -922720590 1644 -32032750
40 93 7 999999998 -1378174
41 38 13421400 95085770 78644
58 12 -938099071 -10699717 -102106357
69 34 -756823665 1023 32768196
38 84 1984 32576626 3376964
40 40 -911113892 70708434 -75695499
79 83 -158611732 -6490007 -33
69 57 -158 895768982 -410732
43 56 -10690750 121012 -22
3 38 -990334789 82394345 67233
83 25 -528591742 -1458639 -4079291
41 82 -948256311 -462231 114796
59 38 -373623850 -35793996 78148
1 90 -999835098 -608011219 21780725
38 26 -720391979 -598 2760473
41 38 1166 530326567 113433
18 31 -883486203 -862955558 -18948180
47 15 -325535922 -194684446 24523709
51 38 -3091820 999999915 9487
40 0 -202734669 410 -2039275
59 98 -449944603 -1274 -23040943
52 59 -285905571 16 379
78 87 -17 833087809 1635448
38 23 -954708000 -27502 -58480247
2 41 -395988441 -51797212 -1433706
78 27 -999999998 -1114 2674133
95 40 -997499615 40 1379911
84 2 -928209608 1248 -2023397
32 53 -903813196 1 18
70 20 775 602815253 3638700
62 52 -2871610 400352659 -2343193
3 40 -3508243 942766273 125209561
67 21 -809098138 252562 -55078242
93 67 -999999641 -7 6485
26 40 -24928140 243275658 -1449708
64 73 -13070389 245337 -142047245
34 59 -999999122 0 -162897836
12 64 -988188523 -336 142047498
84 83 -807930915 47 -220605324
38 56 -115967080 891212795 825456434
35 60 -128589009 583 -2048434
84 3 -220720707 -176592435 -3445511
40 54 -1056 902731246 -1160730
23 84 -802708854 22131724 3005747
38 17 -601249461 23 -10123165
11 54 9227344 911959795 407148
23 26 -692400055 82 2743812
2 38 -999993318 240063 -1554595
18 10 -1159515 3198359 -18909823
28 97 -3061 812887 642671874
66 34 -3519321 999558419 129434633
27 65 -553852443 10002 -37500654
84 42 -167795365 -12013 102230517
20 12 -651988125 -1095 -136139
59 38 -288924164 47275469 78144
56 84 -838357449 1782800 -99593479
90 35 -969451462 3266703 -19706736
59 72 -144486419 147687306 292085
89 46 -478768119 0 -68007416
59 38 -448897412 9 78149
78 38 -9 411919090 89794011
34 64 6942040 756802558 110022820
40 38 -252444743 -163020913 -1301339
38 19 -495819992 -7 189472
84 38 2162 184845599 -3376925
98 59 -136393 346788321 2337653
25 38 -15833 161899858 78643
0 82 -161040410 1363 113321
59 38 -449943388 -14111094 17319
40 59 -80 177655843 -1379462
23 40 15536445 608733860 28966944
64 40 -857383252 20867314 -140667563
38 38 312 930634945 29556
21 25 -301547367 33716 -1479044
38 69 -991551806 -23862660 -442977842
86 59 -98086178 681377708 281782
83 14 -75042171 999998872 3035402
41 38 1056 342005806 78629
59 38 -1598252 633274213 495717
59 97 -448918859 4757906 -176292407
95 41 -885623763 -61 25
29 40 -999869434 1924 -71825883
39 24 -126161 497378699 7
92 87 -972015734 -73 -8265842
25 38 -926117503 -4519066 78507
63 78 10509 999999328 -6573239
59 25 -800746679 -9214 -47388068
40 62 -16 999986478 963652
64 40 0 407152576 -122110838
31 56 -994793972 164 -71597834
89 44 22848 965356189 538458
96 59 -999999049 284998419 -4540391
82 40 -975408128 -14009494 707140
63 46 -994633531 -426476 -6573252
87 41 -8230472 962805025 915802854
59 25 29627 999999836 13085
38 22 315788 852515949 359954021
77 38 -249 999902133 370615759
5 3 -4289 867127696 12002
22 18 2 4547163 -341076022
88 26 -719926770 -643 2823690
41 38 -999998974 -462175 -2787308
69 25 2073784 2073975 -413813
52 38 499 999999994 20639022
83 59 14660 902555105 29198196
38 7 -591234477 -372968522 -199352700
79 53 98759561 761828769 1285243
3 17 -580 638845239 -11095
59 38 -682720520 10525307 78139
83 97 -461459534 -39809 642811181
59 38 -999999558 5496831 -1380680
97 85 -148603928 -14336848 -646567880
54 57 -940087162 604013 -218828
78 87 -940553343 54362 -86480
38 38 -159809053 947988421 87
34 38 -153819 263566630 -33097963
87 3 2300 972033829 31718739
63 38 -999999984 -207 -762399805
25 38 -575 813613060 79887
39 26 -712956279 -4861958 -65604
64 20 -846286076 -43126220 -162946951
4 27 -1302840 999999962 4176595
41 4 1403 2986 -28
27 27 -977817657 58239 -583858
38 84 0 164305366 563834854
75 52 33556659 169515039 -1314061
3 90 -981347679 750 21810842
51 83 -999916270 55491 -69447
26 26 51 747019400 37686
79 40 -906555973 76001 1370336
38 27 -490612769 -74797 -99896645
25 83 -27941 529878072 0
48 89 -11226389 17889007 -156671148
38 35 -290654790 0 2096551
97 3 -326658 856260464 -633946032
56 52 -104640630 -104622629 7
25 38 -410967967 -37 76641
60 54 -722467725 8337 44312
40 2 -999999998 7932 40910
35 61 -343 7 -2223210
82 45 -961908623 -28156923 -8849840
38 35 -470699238 -6043165 -58314905
38 50 36204721 682982933 315559743
83 22 1105768 356147964 472784587
41 41 1611808 503609498 398
93 34 -783203960 1 33161760
59 40 27 443932759 197357294
70 95 1038 794245264 9661168
12 38 -999151929 -258849 78600
59 38 -709235862 -7338 78152
25 40 -46439 301474743 210936343
38 40 -198072223 -103724033 1301312
3 40 -853872780 13399015 800884
6 94 -155168509 2404 -1149586
38 82 36068 933780493 11106350
59 29 -52 526444467 470452
63 79 -239210696 20232 -6573240
41 63 -999979284 -411748480 6568011
87 98 -999992791 -121848 -47190
85 76 -997823021 -4081438 -309026743
24 59 -276423 449541081 364822084
38 16 -107628428 -1306863 -63614
51 34 -749413976 -127 33102022
38 95 124 999475809 28956985
32 74 -224722699 -48 3455
59 48 -2703 999995947 156679503
77 84 -999999947 0 3455571
83 38 -585387352 8362 -28607537
38 65 223 1000000000 -55656
49 50 405 971 313554948
0 40 -1965 236775680 1386785
38 52 -835403892 -557676 -79764
78 88 49 81 6
54 77 -897947404 14154514 -748237818
83 59 -996767491 44886443 -263538405
97 89 -134389750 8 -642803577
1 38 -433339797 1881 -378497
76 51 -986096712 62 -9661867
98 48 -11969 115707733 156679383
46 25 -351750992 -5557 -1833
20 14 -446762933 -21342593 2876277
3 83 1632 746512537 159948499
78 83 -84 793907262 7
54 43 -313142287 -264 -248229613
78 40 185 411621128 1380154
93 75 -49509677 833970645 5682615
79 61 -997 952161962 49677
84 82 -274 942821121 -3159787
41 42 -51994 530325968 105982203
21 40 -999528959 69 -6035543
73 70 -891585364 -797552 -458274931
83 26 -647819 884464385 4102052
40 93 -3883509 999999996 -1374946
36 52 167 971386281 -543497
4 53 -900156636 188 25
21 3 -729997 865975863 5570054
3 83 -1 532121890 -11402
38 75 -717535194 6685897 5605082
0 83 -264268504 -6027471 -161746
48 73 -9470 952828137 -152159929
59 97 -7004 999999906 643033636
46 71 -1998227 122199594 195316702
38 59 -13332 900004797 17716352
36 45 -5006079 15130283 -617054
51 83 -999999947 -28601469 -463337
26 38 2135 199020753 -2761026
25 91 5276 348498735 53173488
34 59 -3 407806887 231645840
22 49 -36390 1039895 -358675516
38 83 666940 411606259 5498633
46 46 73262336 569898451 440
40 78 -251122782 3788 -1389847
25 42 -848384955 -124 105653604
38 38 -836164157 -2173381 0
78 88 -12 811929780 5435305
38 25 5 999718791 -37312
27 26 -746228621 0 -453914
97 51 -391882230 1 -642742537
92 38 89 152486916 237885661
29 84 63069039 167287735 7280604
78 3 10 834154139 11425
55 91 10545 349332510 595594173
1 69 3073900 28463402 370165
41 61 -1541861 528402406 132
78 58 -40 215525642 194337170
