100 1000
-729112156
-282787736
-413812599
376397528
656815752
26382708
65668543
-272666995
86967006
643099899
-6126621
3102744
265347312
-61574659
-18969076
-252862427
-4240170
-9698629
-43565227
364325532
149383435
-97217255
10036584
-742732523
-334929841
-154979873
-643995962
535963322
440129370
436695612
-596690176
-978735
9817175
195506297
-796064410
-217206119
366331564
387281200
-91295239
183420423
517908101
-276975740
259230235
383981650
187297310
629173016
-7868535
-1103795
425521606
285069106
-266089034
-175205845
73834029
-436263432
-409795870
-316059807
-77300887
-721919716
-282369447
-588463641
-136753198
-459293772
212383311
-767898405
808435787
325029
-141333551
-3128
-78446264
729663482
10546040
743267309
287719340
-536325099
-897935278
22775750
713269855
-101296170
-179192981
213438758
-215778
531163137
-149267863
4192167
-124956133
-480240070
-75620675
-129881229
41184
-375553960
874
630448655
-994326696
374161862
985456804
-260182
64492331
-75429511
828339857
-89656471
56 40 -997104127 -74785010 220637532
16 40 20000020 868752401 641041626
42 9 -549878819 94473 22722042
2 89 31468 75308 -6269444
24 72 -958622595 -328578838 -15485
77 20 -515866926 -47 -351629246
34 45 -333059702 2620591 -243565044
34 15 -193266902 0 -975869254
35 68 -343958 107274974 -723012101
64 34 136 50762011 -30790
34 6 -1582439 69797505 30211942
41 34 -126 342821157 -12416635
40 37 -3182 434587681 -629467632
50 95 -16124 -1717 -239780
96 57 -999417805 141 929
71 9 10981 780429392 29661909
11 8 11592 487607806 -386099929
13 39 -30200 968735862 598200447
44 34 -999991754 -4 -506569707
40 52 -848760841 21 -640646390
96 73 -1838100 569288579 703982
45 60 -517460290 -18 28351160
20 79 -3388 992088824 318607
48 84 9013 952575878 87638003
74 25 -95322804 58743867 -15
21 40 -587421193 -96674597 638845732
39 73 -15728541 563146395 -597432052
27 34 -998960458 1 -9102
55 30 -432864829 89271 -942541179
71 99 -983074511 -1004906 -21943117
81 73 -787903907 743258931 -117667573
34 64 -50405362 1004 -514523
40 9 384177 973415998 -611559691
34 1 42 72899787 150768
77 16 7745343 550137357 -349511997
73 9 -181781551 -7915 11651992
33 34 1503 743439811 -48
84 34 -490895285 -73508947 -536306
21 36 69026 917458 14039
28 12 6 812009996 -516479215
40 73 -21129548 753970314 -640518162
39 77 -993883522 7331983 -246448995
77 34 -716106280 0 -351692316
33 27 -464433907 -478350 -11215
46 77 -999014369 -6882736 339012444
72 99 -418750 711963607 23503
97 50 5356062 5356654 217578
0 27 11801 979178918 -441468
71 55 -6694071 460363251 70721
9 20 -2219 305157835 76731073
72 34 -999999996 -8 -59144
40 34 1729 490819601 -640552381
77 96 -999998048 -38 -351685227
77 42 4303 999997100 -130678190
77 40 -548149127 -230253180 289469942
40 34 -126670980 210790047 -346663778
40 95 -224518048 506275 -641222258
77 98 -214573839 -158436620 -423779976
34 27 -756465004 -30128988 -67254
53 0 0 294181965 31811202
58 34 -346989429 -282305956 -2831700
73 9 -83806423 -5025 28845204
12 17 763 990302103 -6000961
79 70 -999999980 331423 -450160
20 75 -34243398 48164 60818
38 39 -889238336 -110668 598133961
68 40 1093 717271960 641128647
26 78 -1474181 819374739 115532927
6 96 -318 930131540 1232391
84 97 2788424 4117168 22232
17 96 -870707787 2532829 -1487
41 30 667 892540966 -2464322
77 9 -75732433 45888 -333065234
30 34 -891043305 -305 -24101864
8 40 186 999999704 635563960
34 36 -999824550 -3053404 14036
57 9 -310401520 -32321365 29661104
40 54 35872906 421464021 934169236
34 89 -3648 59164899 162233031
16 34 648508 199831594 235195
42 40 -873395634 623 641222280
70 73 -201082818 -444754 496919
77 73 -999943784 264572 -350983229
73 50 -2905872 49446478 153906230
7 34 -1 161359993 -875415588
34 34 71 412297942 1364
54 74 -997850497 1 -14363
0 87 -33442228 -49 9315633
39 45 -333059773 -58 -709757601
9 27 -928915493 -27 -29670601
1 4 -2 999999978 74284
13 47 -80 621515956 -356
96 96 -854833083 -320494 -52195234
1 99 -31485431 874549237 812992460
97 59 -1934821 327550 -22342
85 61 -413619152 29 -3557179
65 10 -999826158 -7 -93562
40 34 -102 155749992 -641219658
34 34 -16029633 2564 -16
73 95 4 97536263 -701886
96 53 -999652647 2 -163945914
55 38 -799884819 -116034334 -140518
16 45 -363189290 10 -191344
16 14 -994173491 46266 -204849
34 39 -152001461 999994930 598134088
73 64 1590 55795125 -668501
34 71 -273591 997441877 14211
12 4 -493 1376239 -21353932
29 34 1198 325613212 68914601
34 48 -2909573 976554216 249781
60 39 -823993440 397982 557487931
66 58 -15718 54854691 1630400
77 42 -775935102 -35122883 -351685022
62 73 -999969755 1168622 -40624632
34 77 -1769350 736119869 548759731
68 73 -914601934 6957598 587672
80 66 -987209397 -18 -32334415
85 11 -466893436 -12662 391743936
56 34 -808379058 2339958 -89
41 40 -517 335213280 627902668
40 50 -2459 703950794 -640980209
8 40 1 925287979 657525249
34 9 -13853090 58586056 29662237
33 97 -900042551 175386959 -198505
73 30 4640806 339562845 10154564
1 34 -10395 974952493 -147405
27 40 -869342002 -40211 640393828
91 45 -52422 369498869 -1159393
29 1 208193118 995789450 326326196
34 40 -998381687 -103223489 84729052
34 77 -106 999999684 359212212
73 34 -1230867 89716871 -702032
42 82 -1923826 770588268 28802
34 15 692387 999971972 3149123
25 16 -183078702 -1 -359418378
55 59 -4596073 219775608 24168509
43 42 -551039541 -17911 -4944
74 77 -5 999959297 360608982
27 34 -866576126 -14 -220
96 4 -682215208 16152149 190331
66 46 28 947886 13
9 40 -434717348 -14226 611046229
72 63 -999754411 101712 88293889
69 53 -907662586 918932897 10424
34 73 -968299385 22792 702026
73 34 -71336083 22049266 -63460440
63 63 -346826522 -43730 -14914648
75 25 -12979639 804948703 -184044
30 64 -103 900530037 624981783
57 27 -322858976 -12505323 -83244040
18 40 -999659887 30 406686747
99 4 -591319203 -6 -168865619
67 84 -3137 -3118 -163478
4 40 -6 18100863 641035398
96 38 -998545363 848 -131547
9 61 -962651953 459 -29660352
34 92 1643870 207216846 612059114
27 60 66402848 996106543 40669380
71 34 587199798 737011477 75692251
73 7 -584428269 8 874713068
34 47 1024523 96482610 1021907
30 28 99621 934287596 527175283
73 34 -799830063 214513022 -702064
34 56 -999323330 -3 -168611
40 54 29712403 314736358 -641222395
77 97 -16796869 6471 -351662752
34 21 -887525039 -14354 -70747095
61 7 -583960881 -465527 875403459
7 98 -639762176 -607847783 -875415533
40 1 -869254860 -2507099 -789891585
73 9 -87 999999975 30062583
21 64 -191565416 -1207 -10521370
4 86 21 999999823 62880
34 93 33 999969874 5180965
77 29 -595646464 -2027 -351681595
0 73 11 824481055 459849393
97 66 -46007361 -3063 -22333
57 9 -550060082 19488330 29661110
11 16 1855967 217082697 -395195099
75 70 -89 614 -184045
61 96 14318577 999966964 -11871
38 34 -909987854 -1283100 -45565354
48 25 -71186 1207189 -249762
19 30 3544773 470731335 10861406
9 27 -1039 18620401 -29661988
30 23 57742352 315009770 -975063
61 92 -228259 208468915 609527918
35 61 -782487875 146265 -723498071
31 68 -998942438 94 99799
94 41 -999999999 -5073044 -225524981
40 53 3 999207580 -641211097
25 55 223540513 230895003 71166
26 39 -355451647 -14 598134071
38 31 -733195073 1728 -105599568
77 27 -367714 863567241 -351684875
62 61 -136250729 63164 -41314534
37 1 -866747773 410854756 -1546580
42 59 -178135916 -6097623 -76
73 34 526188740 823192402 -93083
34 9 -553486644 -182191808 27182761
68 68 79482379 921565935 36280900
94 77 -1121444 8268241 112843171
92 27 -207068852 -28648 -609540571
34 27 21 198432565 846647
11 34 -381 338359479 -278778414
85 40 -489809429 0 606915486
85 17 583 987394096 -3564478
73 53 -999997378 55171798 -691824
4 96 -16404482 1112282 -194336
73 71 1418864 970857760 -701193
34 73 109391626 644215026 702032
9 40 -999994696 109615878 611560183
53 99 -101010831 69041827 -391176
0 96 432914 722801303 -444811
33 73 -970925523 -865 701890
61 34 3031 444666533 -12076
53 27 2 999045091 11686
38 96 -24436040 994374055 1036
43 34 -30509013 4079603 -595697
41 39 21341007 932024536 584812861
7 73 -28525058 -358 -874713880
41 74 -985486468 51 -13321265
73 0 -999905965 -129740 -295915
42 34 21547586 730413386 6448
27 99 -3915300 906034914 64416
34 40 102221 538446276 641948300
9 73 -976396699 827963 -29020176
25 13 12 62313 381
29 96 -377 562153797 -4495
27 4 10791366 833278814 387935
38 62 -816278932 32844639 12072982
39 40 15632351 986541618 43540480
34 46 -4 928027796 5889
40 77 -129 999707243 -284055266
30 20 67445 999871890 -10733357
56 1 -111920640 701366560 150409
73 74 -8558987 92778960 21220
34 34 -35252814 132 -2797285
30 91 -379015901 -4119 -15566652
34 6 -1199 95205588 20
77 41 -813290624 -5185037 -338365453
0 77 -268856950 -3065 351234696
8 34 3 999944135 -2198221
56 34 279131 190029497 38718797
33 41 0 999999964 13322832
96 40 -483138861 0 624031333
45 83 -383718020 -11041888 56731
66 39 31 984626535 598256746
1 33 -26400435 756809555 -147966
34 41 -704485953 202 13321267
34 27 -5122483 611787171 775
91 77 -999541421 -81 303512775
4 39 343 246624415 598186087
9 68 -999999998 457 -29552283
13 16 -934755237 5 180385
25 78 180418250 180629357 -1
72 60 -988295205 8114 40586430
42 82 -559893082 -443697 -152760926
27 34 -9 941715003 29679
40 73 1497 325931401 -640520354
23 25 -636 18 -9881511
73 40 81582009 612630868 640520453
97 62 -966053 1556 41304301
40 4 -1236 903525251 -641032429
34 9 -217419283 -228 29660274
98 49 -4056207 261889086 8712
53 95 -6253 -5825 -10293
75 39 7320837 10045793 597950042
27 41 -1 994284270 13321884
58 9 -62305 999981506 847802209
68 3 -369217680 -101566424 -114108
77 9 -189597746 522 -323692209
30 30 5 936808459 10756475
40 10 3228428 998482105 -593226960
73 1 -581813858 -12719299 -195751195
27 39 -146318252 -2327144 598133844
63 96 -605553 -578563 -88353191
72 19 -469708282 -39454993 -59435
4 30 33490 999935003 11282446
4 61 351 999999852 -100975
75 53 -550550510 11650862 -173609
34 96 1126414 467881563 103643776
40 74 -108 102044178 -641222198
77 82 591742184 999271554 -351655769
62 31 6593 997814127 218820646
68 44 -3771694 1503 506427678
73 39 -970909255 -1103 597432013
9 77 -998475238 78928195 322022358
40 89 503016893 734646030 -641222390
83 24 -7 871 17373
73 96 -1306223 995968496 -699440
0 89 -589356377 -5776232 -450564
33 73 -105697920 782 -112176471
34 96 225931969 999999983 10596
69 4 -321033543 -204961491 111470
34 6 15641 444193295 671266298
74 64 -107105353 -94425060 32893
30 40 -1000000000 60667801 630365333
34 41 -999988672 26123 13320922
9 73 23641 382431455 -28960180
34 27 -457863 76755244 14223
9 65 -993635861 516 -38668134
34 61 87713 456671109 27622
96 73 -649836 921862480 702065
26 44 18 981955619 512657693
33 66 -300 16 -39
73 84 1848 952577488 -701898
73 4 -999844133 46 -383284651
33 27 -921583313 -1334 -166977
64 21 500 142095084 -7022
73 96 -934699198 312 -41455869
5 15 88667 973705831 -21344
30 7 9460149 392125801 864559040
73 74 2738694 49755901 3467886
73 44 184 203802151 505839919
63 34 -36978 999999940 -30126942
34 77 -905858158 1163436 -613936902
31 63 -2340303 346616497 88776160
19 96 0 635674468 -28
9 98 -181434123 -9960358 -30087773
9 9 -926 549878732 50
75 8 -42941361 6474119 5476085
75 19 -430253270 2 -217338458
71 91 -933617691 172 1199586
92 41 -201365659 521388753 -596158870
96 50 -998623212 -7 -940923342
96 40 0 999999566 641832219
73 25 -999817780 -446 -702034
34 46 3135 414807337 27837
33 40 72 273218307 641646690
1 1 -950982017 -2261 -30165256
96 77 305358 980703239 351687386
44 33 -306591 461178456 -253746098
34 96 -999922668 -1 -1
60 40 -80056522 998695948 600576401
1 73 -637573184 2 551902
77 60 -562309785 -9288052 -446017792
41 40 -130 250183146 631504033
71 40 -490719840 212943 640841492
75 65 -211848 1061080 -92665
93 23 20725555 189322583 10033304
63 40 120572 731122267 552904530
73 44 -461485112 362940482 505839106
34 40 -999999962 0 641212167
34 41 -210878029 -65551 13320696
73 9 2937465 990850453 34875608
63 71 -229821222 0 -93092217
34 38 -911382981 15633186 -3292
34 42 -2062433 89836947 608330
25 54 -761268416 6260 -17
9 87 -997151592 129898652 -19882954
0 83 -284205974 -2975641 -393182
56 19 -462599033 2141 -73
75 21 -60823850 241271 -183084
45 34 -524791822 -3500430 -3852
41 40 -458112272 46229 621939124
7 34 -348 999995605 -875393032
33 34 -999919867 47 -25040
73 54 -986688497 1060742 -123155065
96 45 -365837229 -3419749 15
53 73 0 578874209 730281
73 63 234650 125773086 87651159
34 9 -102729126 312 29661686
98 14 19988515 234555260 4195
40 77 -279396413 -1466301 -949298110
73 96 -874424080 -18966205 -734586
77 7 -883411625 -66868 521399704
5 9 -383267150 28 29637779
73 34 -9914117 193370850 8990075
40 27 -999991297 -8 -641222202
99 34 -54909425 999989432 14197260
74 97 -872903936 -803655209 -1529227
40 40 -40 253209942 25791
1 34 28195429 999994195 -149306
4 53 17 323706408 3175772
28 5 -37021 10 -538007472
64 90 -8032061 250878 -33362
84 71 -129 994664396 203425
4 85 -528089006 2 3372278
9 96 13 998206578 -29661408
7 34 70 732374173 -874077278
38 28 -258623339 -115521492 538031430
34 62 135029833 927268626 42554416
34 34 -216795442 66353548 -14221
34 84 572176 72899314 3298
73 40 -639 999999894 678284292
27 27 216429 848039352 24687
28 7 4 374674839 367781931
34 99 -999999849 -213094 -610755
34 34 -901759557 16419 -143768383
39 41 -460 999999808 -461480577
77 18 68 913365106 -156286310
27 28 78 999898612 538031394
9 77 -5528657 568651389 322022947
33 73 -995953524 13226 701662
34 0 -746498898 25932976 -44690720
77 34 -139069 999991703 -351682925
40 30 -970166114 36727 -976455557
77 45 -363205453 53 -351685025
31 34 -72294438 -3 -83354607
75 53 786273 999993868 47816
53 41 -64162534 522781754 7831278
40 42 -775929019 56323 -641222348
79 34 -221 734318287 -38014
9 61 -999999277 71304 -30228611
60 57 -12 317887372 -40644575
34 29 -847874574 -345988507 -6628643
27 34 -95432766 -311 -27255
49 84 -999999983 858537 -53470426
16 1 -110 468233089 26158090
38 9 -169928732 -48068 29662096
56 46 22 999017392 19234
61 77 -56489621 882974910 478788374
73 29 -610380073 -48977921 -701195
34 40 -342824235 3 641205194
80 25 -3914499 -209544 -161
9 77 193 318293171 381336237
21 34 -903161276 -377270 -2418652
5 9 -9 846281737 40196655
73 33 -783113681 6041241 -702006
19 58 -547 473252086 1635595
96 78 -999662770 -8224 -2407201
27 70 -128031 999666284 111408534
63 34 -71469093 0 -88377240
69 94 -224042343 -7997 238841505
96 23 -407670816 809679349 9850862
84 4 12487 2349189 189743
45 59 0 363205404 -87
23 22 -324706511 -10037017 -728342720
43 98 1027 311720615 83
75 11 -995332 -995218 395191833
52 85 -61454 105067372 2989959
72 73 -997246407 -94 -222451286
57 24 -3971 660611493 73839
77 73 45338789 999999879 131860359
69 25 -51765 -41665 -13
45 34 33 363205822 -82
1 73 -999953657 -210676450 465961
89 35 45704060 52449938 723126368
2 7 -337787791 361881487 869146234
40 27 19106695 449729208 -596826890
87 34 -999995960 17373 -241206793
19 34 -10498652 462727545 63
73 30 -34 125538435 10154669
0 4 -972 16149730 -259068
53 40 -59 999985450 646434776
73 61 2 48573476 -688118
84 34 -414808103 0 -2457327
1 0 -680349059 189 292880
9 96 5543 111870087 -29659127
34 49 1293 466750273 21
18 34 -521889567 -30992601 -190674016
64 30 -937175693 -4108 10812977
9 4 -2342 921074453 -29472334
9 9 1321817 101031329 225437
34 0 -999999998 2825302 450270
1 34 -80570662 -5 -150060
34 92 -95386983 1345 609533870
25 92 -25593635 1265855 609540027
4 64 -857905822 -669284964 -156398
29 9 -6854 844335894 29660951
9 34 -4555 202103564 -29532348
62 31 -1436065 -876814 -41314025
9 77 -10 110702628 323266928
74 25 -69210895 24238745 -516
40 71 -47157721 948564081 -641221404
4 22 -999999996 1 -220631
29 91 -554563307 955902449 1195980
72 4 -6699 6503607 130713
24 47 -661758055 -22135 -854903
92 73 -997241556 -791724312 -637656549
26 73 -24716950 2055 700140
49 57 274367884 995085253 5687112
20 61 -396206 999999999 -111053
26 4 130870987 130871007 189846
9 30 -999612161 52 -348411931
66 77 876 517101861 351717495
70 96 -854847060 -29 -110287626
34 40 206 214926202 642478104
75 52 -149184858 220 392239
73 40 -3341491 966504216 640520370
9 4 -1097 16117526 -18345449
58 84 -1736 830181776 -722941
40 34 -892866962 12 -641918162
1 40 -285023549 293612993 88291084
27 98 -44417237 -31369569 -129
10 19 -418236574 152694 -21580
73 4 22430242 218358025 -512219
64 34 -11 50393451 -30437
89 96 -965531702 3939753 -3
6 84 51154890 55753389 103
40 61 -846915651 -2 -641211133
4 30 -699641 427429 10666727
40 96 -58 999980774 -641222309
4 73 -1365542 999647570 512314
34 1 -971267481 12 -316715060
37 0 -773021 994187540 -38334
4 45 -362929644 56705 -23522264
43 30 0 317401520 24988632
9 42 -797770290 -1541 -29693292
0 96 -270876064 168 -461876
48 57 -999905786 422206616 -52526864
4 11 -996180254 915 394596831
34 73 48868 584078811 702033
96 34 -999860869 -3253635 -11
9 65 -990391992 265 -29570835
73 73 -58921777 124356801 9
40 55 -999943092 -394 -641151276
73 95 5311 125770463 13888156
41 0 149129 150181 -12870883
7 34 -73771199 -430622 -875416176
56 4 -10948 4560770 189778
9 0 -2275351 268794405 578251217
32 25 -523 67 -20518
42 41 -27170 95665456 13321201
77 62 -380407750 542392090 -290351716
9 96 -976732559 75260 -29662220
17 73 -459442867 11 700545
61 73 -969438891 34 321402
96 71 -988964147 7 -80
7 37 -720444246 4435 -874912413
27 40 193 202616051 641222880
40 16 -18970 950755826 -641004685
34 30 -999998201 -223395 8615748
24 77 -4 590549295 351610479
40 5 -14 992141300 -641197644
0 9 -271882182 -3497746 -102018976
23 68 -10125 921550483 654301324
9 1 -999847814 7653 -29512217
8 39 -266873 864848421 605963721
26 27 -356908947 -171 179
34 7 -217742650 45 875312258
61 11 -583111368 -1 394217533
35 84 -791936412 104281 -876398525
9 73 -7743 75722225 -26707407
9 34 -999996556 0 -29665350
73 96 -572725135 246728 -702110
39 73 -999999993 83521 -597432058
9 43 5586 110708227 -22023603
24 97 -6408785 39654878 -52281
72 4 -591024605 405 -32726769
34 16 -38345296 466727799 519842055
96 77 -999999996 -156407 349640264
9 73 -999999970 -342678 -28990134
54 13 50719 120602 378
9 97 -215 2273328 -29639868
40 10 -999948183 1380488 -641222393
27 22 3 996183962 5676
0 45 -16 999998657 18958946
29 53 32 311852019 5711386
4 73 -34130 999721211 27425694
29 61 -649922499 -9 -14553383
17 96 -70923 785586251 157007
54 73 4150758 881585277 9095774
2 61 -71609079 989190103 -6254342
43 34 -2557387 26303574 64603
34 41 29579932 999999435 13321278
70 9 -1954 924577595 404090650
92 2 190488 590636075 -603270223
85 73 1 987757952 21309205
27 29 -842196956 -17272943 1627
34 63 -999998174 -28 88353186
40 30 -999670303 -3215 -632866107
60 44 -8 981946676 465920405
43 59 -999999994 606511787 -1603032
9 96 -533480 86831879 8694237
73 75 -459129667 529973822 -500514
34 40 -337483531 0 604728772
34 96 -1232890 998628169 328
41 34 -723021894 -14 -13321281
9 40 -51259 350878177 611560197
63 63 -269384696 -8706877 -5
73 41 -1460 322 12619245
9 41 -285405527 23234691 -16360758
34 98 -1732 198645150 7598174
39 34 -95456941 -80 -978731674
34 49 -720286451 3529 5
19 8 -653287320 -236187051 -878197073
5 98 -7644606 31673 -23995
34 44 -998391240 18045293 506541940
24 34 -665183387 -95177 -76747
52 26 -108427 355812904 -560142
9 81 4146951 351070804 -16460331
34 9 -195617118 -227 -369713593
98 81 235325464 235325470 12026531
21 73 -54 999999996 703924
40 33 2 999999964 -640820464
41 33 -215 932020960 7775966
94 49 -995943804 3 -238842207
89 38 68031547 68044340 109
74 34 -69 986725071 63998
84 40 -285023863 -178 -261743124
63 27 -80 995755043 -88352978
40 34 -22841 999999996 -630447685
34 73 -731653262 78074 698644
16 77 -48043653 553115036 351505739
96 34 -589346806 -8 -180235767
66 3 -7181837 -7181640 -6
37 40 -972934790 -55 640719043
63 8 -223534047 -741616 -82693061
73 77 21564 999999971 350983156
11 1 1297 955120121 -395083064
68 72 17 717269514 -55117
1 73 -722274804 -3749029 488054
72 30 -975913390 -12551 -29288973
52 8 73942228 999999697 5083956
8 18 12254740 921201049 184696127
30 11 -398442118 -218302 378825199
41 34 -85107482 -117394 -103057793
34 16 -999993847 0 180718
40 34 -922590852 -39 -641222402
73 45 68465208 97534626 94983479
53 34 393 999982451 22236564
34 40 -9811 415440453 641222404
4 75 4133568 5197214 -5813
51 71 -955694862 -175212218 -277091208
34 40 -999999974 1526997 641163572
40 96 66976575 895957564 -641163144
27 33 -840610830 -33 -83614
30 40 0 941166650 631283901
27 82 21211058 999972426 1214647
40 77 -5642878 590294215 -289428030
30 8 425477259 904219353 -5196302
57 36 -1042 1359900 13897
75 19 -537422914 -537398875 -184016
1 28 -127 999871610 741620727
69 79 20892 999999997 442193
66 34 -861526538 -2860107 -85707
71 43 55457 702858202 138432476
34 62 -999999998 -49539 -772079936
27 39 -883772394 31087 593256771
31 97 -990270346 48 -3117753
9 34 -249464 110692728 48530087
27 34 -999999948 -2539615 -7920
40 45 1 999630960 -641222301
1 43 -616594686 320389 -150249
34 40 -28244 912582784 643516103
75 98 105055554 105055618 -183964
40 12 -2 453088627 -619089390
71 9 -33074542 188668611 29662972
1 35 -999907325 155268843 722976344
13 38 -69867 909959172 52488
73 96 1 994769363 2147404
30 77 -892546931 -29250 340827104
34 34 -40087 214925986 248
54 50 -609267921 -19061629 239760
0 60 -983883881 100 -51080609
30 77 -731568 593677560 531905069
75 81 -27378558 586910759 12579771
62 18 -965780480 138 -952161530
45 96 -871891630 2 -18603628
94 26 773943529 846446299 -238841917
73 96 -1202 497609150 -700959
20 98 18699746 869171892 57054595
5 30 -3520 973621442 75747637
96 75 -235 -113 184045
56 98 -74673256 106783536 -11305495
9 73 -97487513 132 -51715444
53 42 -563512407 -50823 -10757
25 49 -27877 7825300 9
34 73 -590771067 303 699334
37 5 -26266308 -17235174 -479212
41 34 -466752000 0 -13321280
47 43 -393264978 -109106 -350941
96 96 564 188807111 563526604
96 73 325 130630556 708106
25 1 -716475635 103 149997
9 97 -899606586 -79 -29639941
4 30 268720980 591315576 10666767
51 49 0 997307752 -277090006
91 77 -550137528 43 350485059
94 9 1912783 225954373 -209174212
9 96 16 262761354 -29662197
40 34 -414805185 234242653 -641839321
91 40 9561796 379050316 640022823
73 73 -196794216 10665760 -18782
8 54 -711456804 337391560 -5660170
14 57 2824 2863 -3059
73 66 7105 861533643 -692722
75 59 -551778440 22610 -184087
79 13 -999624608 15 -440863
59 29 -739729 84505 4491
77 34 -910773487 -12070269 -352777517
41 32 817 763468672 -13298157
27 34 -534090360 57 -27882
53 30 -993499472 -13478 10846119
34 73 652 80590341 702033
14 87 -1630335 127200 9775111
34 98 -265945306 -11651 -324671312
19 73 119248 588856841 683571246
9 9 -383277650 246 -38
39 42 8187986 644802931 -595124238
20 73 -105630335 -187675 578731
38 69 -784768586 -15730943 -450
73 30 128 891907266 10215325
79 97 -28123 -238 -418895
97 81 1791 692878736 851424089
9 24 -161992 546779810 3794959
74 34 -102058646 5971 -220
14 4 -123569637 1156091 185148
73 77 452600 911140665 350985302
9 34 -64254398 -3148901 -29686714
7 20 15 999861964 -875275612
81 73 -14 996586404 -11323554
73 1 -970316888 3262955 -206533213
9 34 -1 318425127 -29661682
0 68 -273769073 1595 -381591
75 61 -559580752 10640321 -176944
53 9 -381092529 -368 29574584
0 94 -8472970 -124347 238391527
63 64 33 999997465 -88319695
9 47 -999997971 -7814 -426726400
45 85 480227675 999934918 39313723
17 8 -987829733 44 2063520
34 77 -49673416 999999977 430099310
18 75 -340114 -339947 -190157363
31 25 -999014102 -21 -535373
73 40 -999514244 -701494626 640468818
43 18 235 613381103 696001843
77 79 -213125315 999733977 -351110660
45 27 -2 239514784 114
40 40 1551989 308124533 856622
15 41 -14663 1900103 13321217
41 4 2980 907942638 -10574536
4 89 -470295845 2706199 -44353596
21 34 -71379944 0 -1374
34 93 -742891854 -354004763 -753186
25 34 -844956558 56 -160799245
50 52 55 999765234 98194308
16 54 -961953901 -4088 -184112
79 1 -869254833 -31 -437920215
40 23 -948144509 -26330 -636300096
40 61 -962634920 -441 -641241013
59 15 173348 745352501 128
77 45 -519772354 -186712582 -351693693
78 41 -62804 521498307 290079155
63 81 128 764674383 -76326558
63 34 -195 999097755 -88353085
61 14 -923166011 93212 -7961
40 73 -47525023 -1121 -680059223
49 40 8784721 720498184 641222611
94 54 -9034169 223996494 -238185478
96 77 -800763765 100 279101607
42 73 -13886546 -348738 -2618495
34 62 -195718110 -2 41326624
74 73 0 563137234 15259159
73 68 3368 921549425 -587726
93 40 99254 728402098 641220867
77 34 -909893492 852830 -352847796
16 34 -30 999976476 2024937
41 18 -999999823 3 176986857
29 61 -2675482 350110701 166535
34 30 -883760464 552315612 10850849
96 30 -999961107 -383083 10802737
44 9 -18665467 528109406 -476879758
41 40 -985193712 -273462 627901109
27 30 128 712498885 11621683
29 12 -649956560 -13450557 20824366
65 34 -214925470 4 -525825
60 77 -153 999999998 326118904
42 1 -50 720682377 1817341
3 44 -1847 975922145 506544421
27 77 -6375303 599524880 351684919
34 96 -285166384 -141285548 -80078605
77 76 -412 999989731 -351625178
40 41 81670 998370052 -627901093
17 9 -13151955 995621179 33881445
96 40 142929053 735610675 641222498
39 34 16695133 938743184 -598133516
29 61 452878925 999999943 93316763
5 37 -925714385 -105 475177
40 38 -967896965 -625 -647555737
4 0 -698367699 721104772 -1828856
73 20 -999999543 135 -1033863
63 40 -322297955 -119207033 527913267
9 34 -345812567 376510624 -29591762
40 40 8624 545642033 91898598
73 44 -257064942 -11722908 308819515
9 61 -999999007 85 -29650904
29 34 -999966896 -61417975 -4571
77 8 -244 976980082 -345742879
34 25 -35111 371747 0
34 73 -990925033 662 -44074148
34 77 -999771536 1199 351685086
33 51 -999527875 -49 277089555
53 12 -2034 964312405 21533383
49 63 -2993407 226800400 90044984
73 34 57351 946844796 -677625
27 35 -682812263 9394754 705858588
73 73 36151 205111096 280028753
73 27 -655792348 105455370 -701404
21 51 -729240911 6864 277089071
30 73 -41 476875968 -5972671
94 71 -256597106 0 -238841944
34 92 -15654 206301635 609540029
61 34 -8 734318932 257196
1 34 -1436277 338837425 -149628
34 29 973131 72297594 4692
71 41 173 999974494 13341939
7 34 11405133 966533313 -808142241
30 94 -225939977 -99879 -576877084
21 61 -972196682 -28 -698226
27 24 -999999981 -6210 -28987852
73 91 -379061901 2898 497709
64 41 -910683538 -2735637 13287310
40 53 -826500145 -68 -643478019
34 9 806919 91899754 44823700
61 41 7105 961622669 16836774
9 34 -101 216780977 -29321280
41 84 -573 875043240 481521759
17 39 10447 998419396 630469331
42 34 -315 22607507 1402904
27 34 -417395781 235797 -6501507
77 73 0 999986833 -350583312
73 30 -999988623 -1208772 10154535
15 12 -251894422 999954658 21752320
45 97 -597180 89457 22254
33 7 11233 726947222 875416131
63 4 81158 999996641 -88163318
40 26 29 355451623 231195079
8 40 -490746655 -25351 582734398
92 34 -2 278313478 -608958595
96 30 -501598887 -14 10856357
9 40 -337537882 685459983 588092696
22 84 -816625 960 114
41 83 -521525518 -328 -18658670
40 9 -921076598 -224313493 -611562138
76 4 -122453534 100 132699
34 40 -473498775 51034960 641222458
34 42 -242931159 980899744 96
71 73 2281 253839937 24983497
29 43 -605981991 -3531385 -28122
9 34 80 107887585 580420559
71 44 -139609801 -28721738 471257192
32 53 11503449 575288819 -8560
44 73 33973 461212355 -505839892
99 42 -997932860 -2717279 -984953052
64 38 -758737256 -349461 -33749
30 77 5 999968940 352990531
73 9 -107362898 -36132192 -984405834
0 34 -253172 155704997 -437792
39 0 -91 271495977 -193238896
96 70 -999526472 -11638301 -1890
40 71 -41201 997103643 -239588952
40 40 36 325583785 177906
74 68 12117 921360846 12057293
61 16 -894944 994220444 168906
34 34 -972973462 -338022 -22320734
40 86 -999998560 74565860 -640969677
73 73 24 29063353 521461
73 71 -133904 457988100 -691347
9 4 -999999911 829 -29472361
34 73 -732438235 -13920 701933
34 27 -928911743 18309 -6040
82 25 461315156 461317857 -28681
33 34 -73247441 -823 -5057945
27 18 -22526 968415381 190341501
54 34 -79407014 14 -72261
30 32 -890546736 1685510 -306757570
40 73 -970834969 0 -640520643
4 40 -467262988 -1123189 641032532
9 9 -383344242 7138 -76
40 73 275850 903800604 -640517271
52 26 1 348547909 44093977
34 77 -195416 999999981 351687632
27 9 -180574207 21793 -1084392
41 64 -50394012 24 -56215262
70 26 -441935 355453669 63260
61 34 -526621693 -117 -76269612
34 19 -427380031 1 -101474
64 8 -3408 142078629 5626689
84 83 -2487339 991153895 73036
34 30 32132 76783486 13854517
8 33 -792643080 111429 -5660101
34 63 652568078 998864337 88353191
30 73 -998969410 -3151070 -10155597
73 30 -510653247 -34866299 -31394144
73 63 -875957693 0 87651157
73 73 -211429035 962800064 40595
34 34 -27377670 99 -14689746
34 7 135421 727273138 875415631
89 55 -999999997 0 -303402761
88 88 -998823378 -64794003 -10
66 20 -131288713 993928651 123490
91 25 63282972 66381738 -1200037
80 45 -363262565 -5319 -153
73 34 -342303 986630005 266045
95 73 25230 99501829 2802915
9 27 -999160137 38 -32073831
94 61 24409 8493675 -238829815
88 89 -2081 323909 -94430
74 72 -710867738 -5540 2630
73 65 -114503 999999962 -609659
40 46 -999995120 352 -766278056
72 34 -1088863 76180457 -7896
53 34 -322 216555719 8412208
97 76 -999651679 -713269448 10233
34 27 185263625 214927261 225
13 41 -63100552 -63099996 13320896
73 9 5949487 103489197 34697248
40 4 -113525682 7593295 -641041349
96 34 -65515935 717524016 3
9 77 -802333938 -2 322022690
73 96 -587493896 1493909 -702042
46 18 7 968666693 190343565
34 40 -16 483515139 641240565
32 93 -625838105 0 -559200
68 68 35292 921541079 248
93 52 69 82 573283
40 28 -325172334 -237380007 -48552341
46 17 -6194962 131810788 1456
63 33 -23 999895580 -88061184
34 33 -11 467402326 239137036
61 34 -29655151 6731633 -12355
19 34 30713110 666440355 17216
99 5 -562 21 -40489
45 74 44440108 403789939 134151205
34 39 -970119336 -23 598127900
34 2 -734319157 4258193 -95039138
73 1 -811986948 89414 -799177
28 73 -238427758 5 -537329516
38 42 -740431470 -41831 -295518
30 36 -363347150 476876913 352979559
99 60 -909949969 -25435 38545140
22 39 -427 965446245 598134101
83 37 -996605971 -3466972 436624
0 96 -266322409 -418 -450527
40 33 -16 460869522 -98381167
0 63 -61758 346826526 130500959
1 50 -999994205 242 88285
59 16 -403521391 7203760 180747
38 40 244046 999970240 647573835
41 34 -521443455 -14341 -13322765
1 83 -940820570 8846056 -92743
88 33 -999152911 -26000 -94437
2 1 -586187357 2 -6736910
41 40 -999966449 -236 627901106
73 40 -430724778 3863129 640520357
73 64 140800254 759232429 -598557
73 73 -105803435 -15726 -689
0 53 -270858639 29968930 -609755
27 33 6961 929697555 -137
40 23 -725121282 -155435544 -650826976
47 63 -998811756 -131 88259322
96 63 5 346577312 500058961
7 96 -727338651 12218089 -875415625
94 73 -33170822 -2724514 -238139896
76 36 -105 1184702 -36300
24 34 2457 999997170 -36433
40 96 -254783359 18734 -641222451
9 34 337 52568319 40238871
30 40 -988667817 16 602143794
13 34 -928190695 1746698 -3255195
0 40 24 254751976 640799784
77 34 -143 322523265 881035117
33 9 -73 686893059 29785600
39 42 -767350515 28295454 -598240349
63 68 -1 921459567 -88238875
55 61 -771275867 33205059 -5160091
86 84 35790 23056302 -252623
59 34 6 994626404 289
96 27 512 865514070 33550
27 0 116 928918202 3922377
9 68 -716952167 -6572 -29588693
34 34 -216044854 -14 -460258
27 68 -716944800 320560 15624
68 86 -913351826 1090596 137589
77 77 -330772891 12280 -220458387
94 43 -393400633 227295567 -911927818
27 39 -51 941731346 598134015
34 73 -732582751 -1448 657086
40 71 -780248776 647688 -641221970
34 34 -218026272 5 -13877
10 97 -479575422 13278664 22241
73 9 -137322999 1406 -34318615
1 9 -561446479 -8730 -919568623
7 96 -8 998141216 -871419258
93 16 -667758 941597560 44974102
84 9 6079 999997652 29662853
33 40 -63887286 286 641222345
34 30 268429 891053660 10856629
30 34 8655400 215364715 -10676623
77 34 -24670 999999999 -351679058
60 1 -942810850 2972 -40496029
45 8 -32 335680140 5660095
29 25 -649984441 -9 -4522
64 30 -599 50760078 10825022
48 73 3 996481470 463194
8 40 12 280279949 636072741
77 73 410654223 960791751 -350982477
28 48 -577852793 -464901 -537782316
50 68 -282763174 -102369409 -125657
96 77 -947472389 22646038 349466588
27 75 -323345569 4061517 183838
73 7 -569794240 16702531 874713571
27 6 -948732065 -12832976 -197
40 9 -477 981862282 -611294172
40 38 -999993005 511 -641279321
60 13 -155714229 847 -40645645
19 88 -999994984 -66471 -201156605
