100 1000
228202665
-605859187
533585299
18536311
623668902
-7318003
261416799
447014254
314223553
-283814543
166902937
-83926
-818550913
-429459336
-38812619
-3380514
804557291
19403808
-159184
-261086589
-10860390
161753134
2383
-167795470
-578634234
-887415457
30696338
-844017080
-11317644
381009747
423425995
-11282846
-551676242
-82454397
-14840956
-247321922
-641518458
538848219
-5394
146164339
-861834831
-661763748
-37907651
-14182041
-69798885
-23654611
-356960785
635799267
341500512
127333944
581053536
-138983713
238489147
105977020
-149667959
-712747009
-73636718
-3956418
151447892
30184655
-33959333
61448349
12733516
-4346052
247763893
-84399135
-144596814
-1174732
-360489717
952641664
775126251
-29864351
6319676
8652602
593548329
-6017513
19029553
509284660
-88419109
-34601619
-113821155
-266732899
773133
26995302
-97395726
-407790230
176716979
-713362132
-172921
-344935592
322151645
-164548896
691784842
-632652412
-815639410
863194604
67784565
449574501
850069819
887591
40 88 -710570 13932356 429968
1 14 -9722179 -9722052 324669334
52 12 -16 175792603 34997
12 56 29797324 29882353 -1452
39 23 -999988984 168592198 -127498777
5 31 -996457326 1 -133771828
51 98 26 999997042 -70459
1 89 2764925 963236728 -159453
89 46 -595733200 53 -3349900
89 22 -8 999960864 9787
44 51 -7461989 -11302 -6945531
98 13 -999999983 -8 -377150590
69 51 6 47358321 64929
89 70 -184156629 -157724597 -558631055
3 15 -867846 -742644 -782
36 89 8674 165571054 -28361723
52 28 585006 757403109 3333958
4 98 -933449975 -9 -100558
36 89 -465330831 -2916241 -33304159
89 51 -999999996 14 70436
58 30 0 999940692 -12680811
55 23 1822507 826104218 -3372116
32 69 -847984693 -753719214 -28333
89 89 -642837466 113 -211733667
92 51 30297 454682095 69601
98 51 2328 231114421 41763802
89 55 312901633 782659325 3372381
55 89 -665144732 -333 -6017971
37 89 -730821964 1069420 -475193351
98 51 -999999979 1836743 13735
89 55 -608479408 66 3372253
88 98 -7 970517031 85123765
54 95 -86858378 21704876 -472120
89 94 -590275649 -23397 -12840175
93 6 -930433689 -348337088 -111573735
57 36 -10211 371005895 33304384
86 14 -133417 121908 324845211
89 92 -193017044 -5225 4271
96 34 682675 2928432 96486219
39 89 -13834558 750977541 -127487644
74 94 -1 988700980 -67952949
55 32 -2 122349095 162782366
89 94 -631199427 1380384 -428572532
44 86 119 759945222 -7015960
55 28 -4469638 975677146 64373
61 33 -849256976 -1872214 70370
89 25 -656912594 -236728318 5687
89 64 -1 960350259 10890476
14 55 207615482 207791767 -321472973
94 94 -64266731 978459147 173293655
94 97 -827292310 -443987975 -14391342
93 51 42768 232154517 70514
55 39 -104 969621855 124126513
94 13 -12390 570447105 51772166
57 90 -38800 -17656 44248
82 31 767963 791548 -364988160
98 74 -406478473 -26807 72611266
51 89 -364122 162173633 -70452
89 25 -367175470 252312212 -5568675
98 94 -999319561 -12126549 4506042
27 59 45424 999957384 -139941300
98 36 639626599 870747237 33304184
89 74 605017881 998754530 72611432
87 37 -257499372 -14796179 157408088
51 39 -757893404 -17371831 127428193
51 51 33 459066343 290029522
66 89 -5759 75460564 482655
10 61 167118427 999939478 31341
26 94 -999476824 608 -32445756
36 4 -25285867 999998979 -33300477
51 94 -370107511 -305 -378443262
89 24 -323395466 577645963 295061383
89 12 135064 181583568 1748
94 94 -828407001 15 -19
94 65 -414502043 -17263180 -4522368
27 95 134355 999998166 -141555963
7 9 275048850 789789772 -13013402
98 89 -908878040 75285 -306836073
2 51 -859726545 31 54062
97 80 -39404 550380294 327471263
51 89 625 999225649 -70419
30 98 -161175554 1106 -135192929
51 2 229810 248388255 56924424
80 51 -999999989 -7602 -327809276
51 94 104 583485750 4938227
98 74 45 67734806 72622481
58 47 -198 982457692 256111667
94 20 0 999999916 804085034
98 94 -45997 161128744 4627038
89 89 -620582128 -9 -298276484
33 89 6677214 919632981 -70453
89 93 -999716815 -684105 -853574306
2 37 -860010399 -465 157405370
26 24 -6 39629 260298584
71 51 -980693055 17 61244
98 89 -999999483 -369 7
66 53 -582427 1493693 -1
60 58 -835447218 49 -201293094
1 33 -279638 688501 -105311
89 39 186119 836461461 127793035
89 55 802 664925059 3518037
51 53 -593666475 540 -70467
12 95 -167448889 6 2586
58 51 -999999994 57492 -13057300
12 55 132108 788369898 3370993
89 92 -387667923 20599 2349
51 44 -97268339 999929947 29604187
61 89 30615 962326685 62427355
80 71 -995948308 12691374 -856898524
86 38 154 999830581 54653516
60 89 83190 173383146 26535448
74 98 -870735010 -58 -78716457
89 72 -15117706 -41 -1847961
32 94 291785 455145007 4474477
71 3 -535769584 -19308651 -8308
80 24 -129850 3027472 -32818338
32 96 -398180303 -2855239 -38264
92 95 -269779613 -10112285 -239
92 89 -999997725 5068127 -4555503
23 14 -66370729 20247 324845159
61 24 783 11036 295061254
9 95 -176827 940453518 -12088
55 47 12735 991315169 270995517
92 32 -7 445 29311
30 32 -4976557 105714370 30088
58 39 -761997346 98 112170622
61 12 5116 286812798 18973
89 32 -1 88467379 241691
51 98 -4929740 997690746 93404718
79 32 -973257021 -5 -69575351
39 89 -609149335 84938 -127498680
89 95 8972744 999999981 4654
89 12 -27796 12312820 1729
89 51 5977799 502797543 70452
94 2 33 999569820 -4504661
95 39 336 172563017 127509169
69 89 19210 116253038 30591760
17 89 -999742702 -4736 -58566087
71 32 -980690737 1757 24768
50 97 -13669153 459187428 1265268
36 74 -55795933 34954 -169624422
89 6 -54 999999994 14440628
51 77 -743915539 -554908027 553788576
58 33 -782410142 7 -944647244
89 8 -193202950 18 462360070
47 74 8651 375166213 -196183561
89 35 -227 992413153 4875289
4 95 -259390140 1534 -42720
89 70 -188007660 28457455 -72616
89 76 -68929 999999976 2038991
89 45 -27682654 948640464 21345
52 94 144975810 999438600 4405702
36 14 13 965538718 292782551
95 6 -2548499 108 14381157
74 55 -461511493 -527436 -70927734
95 33 -1998922 259669469 156195941
30 51 902984 228077047 83124
89 94 -153 999119307 401251877
51 89 -213195122 48270 -626226
87 51 -349597 -194100 70401
89 69 -116056450 97634 -11090926
89 18 -87 978430999 122410621
74 32 34 386219903 -72577565
4 78 -999998967 13682 -67623
95 94 9930115 510052382 38397798
71 63 -89 1411428 -8543
51 37 -311624981 -425 155637793
94 89 -632911457 -1376514 -4508591
51 12 -315943548 -9570583 -68734
50 90 -677848060 2 -261632
55 31 -50102 -41139 -3371858
36 55 -377579650 783361 -150469824
45 89 12 596925586 953433
89 55 -861478799 -246862688 -174365444
51 39 -509486754 14 127428019
94 94 -475460134 24 -27
89 95 -51 634603225 427573
89 30 -180846678 7473672 -699
51 89 -595 94181272 4808073
98 51 -2572 149921036 71401
92 68 -222 512149987 4824088
98 91 352946873 997886384 59826
51 60 -716 955647011 -69839
95 79 -3864 523326941 21084803
40 59 102 999999901 13937
89 94 458102 454340033 303960374
12 8 -286808019 -524171 154448335
95 47 -517 263231080 268792593
39 84 -995970400 101397835 -59616242
94 95 -774263505 -45348 -4504535
51 89 -8406004 1000000000 -70360
36 55 -355037166 -368 -315989261
89 95 4092 995847405 4846
39 30 -63 745656853 -127111816
89 51 -125174545 61023640 -85355011
89 89 -98208306 12 -450
33 33 -999486996 -36065112 -177
17 44 19332 930134009 48136811
21 98 -1490974 -1413159 -14679
32 74 -122346049 106 72575192
95 89 389724 87248220 33153
58 80 -1267 848550740 315503079
29 75 -8634 2770855 -4789
41 51 -6 459081043 -7742222
94 94 -583487556 -16 -962118299
69 94 850501 118636629 5855675
89 95 -79 724574801 5130
89 31 -999999994 18608 -33704
2 9 -841003182 -15 48200
98 46 -87529879 73599372 1590
42 38 -1122 1858 7722
74 92 -16038 385969783 -72485834
88 14 -999835531 186 324212745
89 36 -751972586 -40124 33290935
41 74 -338249631 -150 64764048
89 56 0 925471564 774898087
59 55 -999955673 1632 -79267130
55 74 -781473588 2 69163560
58 44 -9 929895697 -5669258
69 51 -999999938 1619 64908
92 89 33799599 454889487 30977
16 51 -1 179331592 -117615493
36 89 -997592641 0 -91774335
70 78 -999016637 -656548 -581
1 33 -756 999267642 157750263
94 89 -18305852 612848452 54120247
27 89 -834672648 -2007703 -141561125
46 51 -4257 367287697 79822
93 24 15524 997227190 295061440
94 79 -997202194 20879720 -4508343
94 94 -188916634 595540329 0
51 51 -305163539 -571041 -1388
51 89 -176991242 -4326 -70755
57 97 -19 6888 1563847
2 94 -745574992 -239 4505388
71 76 -960927301 1 2022973
86 95 -167658853 -4756802 -570980144
36 12 -15312 181568869 -33302377
89 34 -32 694414209 96632056
61 2 -518423205 -9720 -29450360
94 80 -524387824 -16590058 323368295
51 31 -3607174 293152 -70056
25 36 -631042832 -266827134 33296108
89 51 -222888079 -888 41161
98 2 -466343321 71350 -334610734
51 98 5 999966556 3198063
60 98 -940904946 350504268 -2295759
9 51 -997551652 -5 -2711681
89 89 -801128931 -8 -281827744
96 51 -991401340 23634 2061
79 16 -559992 -550044 144489549
40 54 -35065 101183781 386556
89 69 779 999999835 1764440
88 88 -997153679 2 -41604604
88 42 -999457040 1204 -517921
46 89 -998175579 349 -2187306
95 95 56 673429489 124112874
89 27 -180545807 -11075 141559791
30 89 806783259 999112707 22442399
40 16 -951833394 -951833132 144399658
50 40 -999999934 0 -217302
90 68 336141528 358859154 -45460
86 48 40336835 999999978 880673813
2 74 -84401 999999952 82291861
64 95 -504437885 248593237 36488575
55 13 -234671 446032983 52908238
31 68 -5823 644393747 1251187
29 95 -754849699 -49429 -47855
89 95 5335811 1000000000 589279
32 74 -386219767 -1558 67470498
94 89 953 983067100 -4485652
98 89 -17208926 832832572 369587
55 89 0 143716840 -3351826
81 63 2932057 895938009 -277574883
95 50 7728816 535642604 113174254
95 4 -15881 108562985 -756
94 92 -274475560 999356614 -4396588
89 51 -66067933 -32807387 -306280744
89 24 -40 998964818 295063021
89 89 -2 612894142 1434
39 4 -36 87880914 -127495112
89 33 -851 895657006 8537670
49 33 -228592 872437146 -31453695
98 29 -137486 252031836 5923
26 80 -63143 999999845 293165490
96 14 -393635052 -35681 324845055
39 42 164179131 252503624 -127496741
32 92 20 999648271 1157
93 89 9781466 601584349 16
98 96 2452881 931997014 379546
89 89 5 693032832 2870693
12 94 -288513403 212 4506600
51 0 -229203830 -227960267 -70467
55 69 -43020 256024 -3366730
61 32 33 154042393 193871941
55 78 2704 891613698 -2606866
29 2 24526973 648387616 -563
71 36 2050356 371669118 374539284
94 89 24 978462647 -4507841
30 25 -999946030 -75261 -10357638
36 89 -997518118 132641 -117492349
89 36 -175474309 476643737 33262163
89 39 -559928963 114182 127498656
41 15 8 998657368 -3394494
42 3 -747559506 1 -4654
25 39 608747 998520996 127493001
89 14 -996870594 -131006 324841436
89 30 -4433403 858172169 4051
55 89 -23317 999999945 -2471078
74 74 6021969 905722126 261130331
50 95 -13423 49526 -302836
35 94 -991244362 -8 -19967760
51 57 3995167 423506787 -69003
32 47 -57920136 955343 -695209983
85 1 -565561086 26632263 -486912657
32 95 1 998366985 -28948
45 55 -997561336 -1141344 3197718
2 89 5575096 202137296 368219787
61 27 -999786179 169915 141029979
51 51 -305163382 -1686824 -3240588
89 89 -1442393 102707348 22509463
18 87 206 8904168 -122410519
0 11 -2572 47 2
93 36 -14587707 357071138 192419960
13 41 -847911 102450 -48467815
55 36 -660600983 1 29931798
51 89 -316 212720991 64076974
37 14 -3552 47426 167436894
28 58 825 774067905 9253647
56 51 -879048117 -16764636 56733
2 28 -996114196 15201546 -2808419
98 1 -987427720 195383112 65896
51 59 -167827368 237495077 -70464
51 98 -1263 987318977 -70457
37 5 7523649 996457347 149524787
51 89 -269399594 103 -70589
89 51 183933 202810032 306881
6 55 -6503508 380983741 11808733
33 55 126 416230971 289188606
98 61 668349 923572263 254
37 89 -45 196129285 -153888494
37 89 -241 26443683 -96233202
94 58 -848117036 -20825881 8176191
51 89 -502792375 2927 -79940
89 94 2637616 478020065 6301839
57 68 -734740229 -22480 -1446
2 47 -991232438 74740 268777822
52 24 311899 6137188 294958734
55 59 -664923496 389272 -959971021
39 89 0 764813989 -127458653
25 80 -364560797 -1773 327730048
69 37 984612 48342418 157412955
51 89 46281183 614501944 -69455
52 94 -912204580 3159 4405148
29 89 -913536289 -1185718 -238292877
20 36 -999999904 -14184383 -775288530
75 76 -118398 2133809 2037740
23 68 -824572499 18605546 -5246
31 32 415421 395969510 33462
23 5 -5149651 -5149509 133735328
69 46 2129497 111824169 -5524
36 98 -674499 74698732 -33304152
12 28 10 999999944 3480261
95 19 260857172 418390882 11543
76 95 -527917412 -4588347 -2036709
33 51 -924895466 -9223227 -5211125
10 61 -223520 999503073 147
51 95 -221 999992137 -66133
5 84 -9451 894960127 -64369919
94 77 -457161618 -1 548755991
98 2 9 69274204 358810167
37 94 -723305611 -2433 -152930585
39 9 -976027229 -109247 -127441235
89 51 -999915174 -71183 70434
39 14 -999998464 15999667 197343625
89 44 -180 915112471 23033489
94 51 2710999 362772459 -4437858
93 55 -380687971 -468 3361382
70 89 -75215 373931804 227210863
98 32 -998871185 -25564 33844
4 51 -999996280 -130115 66764
55 89 -376164489 -33459943 -779065
94 67 -179380 998640425 26430999
32 93 -105855476 -24405 -2938191
92 98 487827872 999962553 3738969
51 41 4167009 342352345 7744099
46 55 -998316687 10 -254672
94 5 -270470243 -20661062 128660573
74 28 -5795764 13493380 -69174826
89 89 -17143038 600933097 3135
55 41 -663467704 -50411 -328926593
80 98 -161129190 7 -327880116
48 13 419326620 438441582 -823045717
89 89 -188273051 -8 -74018
50 39 -238570 414231237 127191858
34 31 -223 147168527 -96485861
78 39 1 996342079 127497702
39 23 33 730008539 -125993476
94 58 -7423242 75841982 8176943
94 73 -8947 998195987 -4495383
18 37 -152832 708248770 36553959
89 33 -8 902954466 565231472
55 89 -781403214 0 -10393260
98 51 -999995378 13261 68458
89 98 -339984252 912166510 848747412
94 51 -582008321 0 -4438058
51 73 -306501689 -31 -3199192
44 98 1908 999615132 -7013486
89 24 -999496242 742013 294997584
89 9 1687 711456872 111663
89 31 -828 997869209 405
12 86 -180658375 -402 -1767
5 74 -8697556 266094206 -60978499
51 74 0 998842241 73546421
94 94 -388871793 38 -3787
80 89 -999999726 -129292343 -327879737
9 39 -644216421 -612471 127441149
46 98 -933196332 -31412 -5638
46 51 -1679791 231922015 70707
55 2 9651 23649 -3369320
51 94 -232339336 -184790 4437878
24 86 10 998787460 -295054236
51 51 -213257335 1095 -25
76 26 -30799792 946925624 32727786
89 89 36311 747873412 11830
85 48 5388 1495483 394596474
63 1 -1414041 579768227 175707
60 39 -385225062 648565267 529256546
46 51 -999999593 -386699471 70346
51 89 -63819492 -713 -79028
89 89 -598389918 -136 -2306
39 61 -214033784 -155403888 -127498517
94 89 189733 996811185 11922407
74 30 228 999969724 -72343602
9 29 -69613428 985909201 -52664
36 39 -367700211 3020 94034214
89 89 -584140468 83792 -156511733
93 45 -398621834 -8599347 -8843
51 12 -362772418 81 -69011
51 51 -199389818 -4525232 -49671
29 50 -2578746 665056487 835478736
23 98 -161176654 -11179611 -21343013
74 88 -848962718 -2663421 -72094747
79 32 -8117208 395552877 33870
51 74 678360 906496161 153281857
96 94 -994595942 -4940 3892310
94 72 1278 999998981 -3436339
51 99 -903556 29608058 8596035
58 55 -69985 415832223 89454431
39 69 -408761 706173677 -127492007
12 89 -298005892 0 -1779
94 58 -510236649 17639 8176943
66 39 -711512822 -18 127498676
78 92 -1061670 999981569 3760
92 86 -815427801 -150948 -330318270
2 58 -859900318 -145326 12682310
12 14 -80217 977047812 380601468
81 60 -175699868 -13182 -283074892
24 77 -490461296 242354 258805637
89 89 16571851 608851569 9926809
85 89 -395794 667627620 -264714801
89 89 -913062431 -451202888 -1
61 6 -999999150 621 14385330
95 74 -533 734170255 72608010
76 55 -999992778 -67 1334527
59 58 10406376 700386926 12685458
76 91 62184603 966726087 -306401
36 58 101 8027228 3608070
89 32 363 121985192 57540
2 57 -853 791038790 17059224
89 89 -161022118 29493374 -295
4 76 -982313779 0 2034163
51 95 -343 999875036 -63687
98 55 -324 416089702 3542781
89 78 -608327189 -6880595 -83
89 32 -26450936 0 33534
59 47 59175 999412971 268798045
78 4 -399669233 -16251 -471010
51 8 -439177116 -36144654 448111329
89 95 -177003407 -44912385 -5566428
51 51 -502155302 2745 -10953930
98 89 -600448966 323018 -37873
89 15 -264732886 433006 -476
1 58 -993138675 -378396623 -257320116
98 94 -577817186 -41 4457605
44 89 -166468560 747500343 -7015930
37 98 -837336432 -45 -158970296
89 94 14 670845943 176440415
34 87 26 999918217 -96480742
77 89 -999999728 32920 -572663010
89 89 -102794378 25519 -2189
7 66 146340294 148688394 -13091587
43 95 -348630513 -13553249 -25415952
25 39 0 999242881 127492950
32 55 -103082156 1202895 466421
65 58 68 783477071 20781468
78 92 -1 994099316 4065
77 86 -753387304 60076 -553907742
60 74 -418894 3839065 72611437
94 44 -826324549 654390 2506792
92 61 -999999950 -8527 -1804311
24 60 -682722124 3521870 -295061399
61 98 46 824601258 -142
89 73 -3 998212502 913949
43 75 350 462 -25420256
36 42 135 757873141 -33302175
58 94 -770515602 420 -8391826
89 89 -901041426 0 -27162
89 65 -987970534 375 -82352
4 39 -198 824724131 127495120
2 39 17194 915833792 193923058
88 20 -4382592 -2735885 808072596
94 94 -999848087 -87319 -10
89 78 -2813 828100586 2649
36 64 -585466 998318576 -33131713
20 98 -806237258 5 -814007746
39 48 1935074 765324159 751827560
89 24 396 998755216 304992926
46 33 -858866795 1622772 -7766787
13 32 -569229203 -10587105 -56246660
34 10 -8326 433046274 -96486267
72 89 -5 993318234 -1071976
16 49 -130682628 -130672731 -112305664
93 39 -1208782 584821252 127515362
78 93 -909805285 94654 -165246071
89 25 22 364894020 5725
89 79 -118563 965142291 -5
39 94 -9443 750570835 -121331234
53 51 13679518 311877838 4491972
89 94 -688540472 -270 2377280
51 89 -475358347 -62545 -70455
51 6 -130034206 -71 9431745
89 89 -214348838 -37222 -37556
98 53 -659696109 77 -10519221
51 80 12753776 998346979 331325744
93 73 -24613 18 12960
13 14 127724 977137643 271758100
58 3 0 848511207 -12684490
50 39 533346640 999987048 137431082
36 25 -465538155 16 -146446761
94 24 1 999358170 290582254
32 12 -5776613 175791068 1496
74 29 -999911725 -13 -72606754
6 51 -961018875 1234791 -32786593
32 80 1169857 987261548 349055127
98 13 0 231118592 237293245
89 4 -91842 978832019 3562
89 89 -635464471 -77496 -773088180
13 10 -537305648 -1 -56281774
94 70 -366645760 15232977 -4837336
95 44 -999999898 -45 960654
29 4 -339157283 0 -316482
95 39 84 526309410 127689385
89 89 -422876 701091324 2997
36 74 0 999998662 89187545
89 16 -184846493 10596176 139153035
23 89 -598398943 342974 -33337017
58 77 -444818205 -185420714 539435647
89 77 -490381069 82294 553790218
12 89 -181368020 -4 -81943062
33 38 -999243860 0 -61331
29 16 -3686490 -3677208 144484761
47 58 -281071411 16361498 -256111587
91 64 -247033 999999951 60244951
18 89 -6651 968486266 -122410547
14 90 -72157 -64206 -324799600
69 8 31967969 32005254 463274725
89 94 -751392787 -12385519 -227210736
12 79 84 970818348 64583181
89 32 -999999995 4035 33854
32 46 52981264 995190020 26460
86 86 -30660167 823283017 155
55 51 -188775 364450295 -3128561
89 52 -29328699 -1 102332
59 8 -5847 967951132 464254686
55 51 -773489867 -30639 -3301891
93 95 -183974319 999997891 45346
89 39 40133552 579330214 127558633
53 97 -999988831 49056139 1565241
95 94 5 108563183 4504129
29 98 -816 720979780 256166860
50 55 5880 792069612 3065102
89 77 -191304023 29 553864036
89 74 -174 407329640 543154825
97 8 -72315 528112677 515190918
98 51 -994834157 70252 -186949121
95 94 -999998823 4683839 4422254
92 94 -479078648 0 4503580
30 36 -513111728 -990 26741450
74 55 -465289925 9647 -69272315
9 89 5342354 315972326 -57439
94 40 385 44138177 -4418447
94 0 -453881968 130299 -4509481
94 94 -458799032 34 -5687
95 14 -782551901 240640860 324420069
98 89 -275 69272873 17150
89 95 432 999985827 8223
25 2 116 755235583 -2785
95 32 -230466 122333369 50835
53 51 -999251304 43250013 70453
42 33 214530245 946500459 553192139
19 26 -9 160992 34748777
74 74 -904844991 2690 -3
29 71 -989505870 -25 3201
98 89 -995931605 168 -164136527
79 51 -3653730 431713704 12883240
50 66 -2095959 416835771 -307134
83 77 97559 957735284 552429465
89 51 183543 140478945 137968430
95 89 -898304041 22190 -18717
89 29 99915 634605131 21681
91 9 -58 74479 -2365
29 77 179417484 915821980 553980313
88 89 -669953412 13 -870900619
85 91 -320258344 -319875151 -484669930
44 98 -999988672 20 -98389305
72 89 -892422135 -20 -145328449
37 61 -722651360 -993 -157411890
51 16 -1246276 999999993 144419085
89 13 -81145 563273380 56299101
32 79 4 981917433 147321122
94 94 -92 999852412 29449790
94 31 -505726717 1510890 -4519996
29 52 -854420769 -92364924 -34534771
89 79 39184 679626403 0
96 51 -998383167 66558205 -2101112
2 98 -140111105 600638145 3820160
94 55 801 657916152 -661825
70 89 -999946777 61398 -91002570
89 86 -999999998 -5 -82049654
98 94 -999825905 -15915496 4508301
51 24 -39696245 6777055 294990938
35 45 -5792059 -5534894 -3646330
94 61 502494 978541096 741568318
32 9 -160157297 -56187137 23581
39 71 -998951754 -83566 -159378312
47 37 -978502194 23692849 -111388638
52 51 248082 372183772 415005
12 7 -298080445 -1949 11961914
92 89 -671321312 -502497 -4929
78 4 1418 999999738 2593
58 61 -17130564 998045603 -12305315
92 78 -999963740 62528908 -4094
45 89 -983039661 -14 -5132907
98 8 9576382 945431067 463314792
32 27 53377436 53377734 141526423
12 5 -297991600 0 123853189
95 65 -999994787 145754 -5489
55 89 -783713115 148316 -85637807
89 4 -836792822 385685 -54757
61 26 -999999663 -2356 34762305
89 89 -700729825 -9401485 -7997
89 25 -26446956 1344 5331
95 2 -999995464 -12163 -24105653
16 55 571665 185418198 -141115530
50 30 33497605 313899136 -302967
59 74 -45755626 20260122 -429585406
94 95 -1598421 999999715 -4483804
89 98 -596381686 146 -457024131
87 22 414 999999991 9588
60 51 5 435367420 95036
95 6 81650048 263230462 14381161
31 13 -994071228 -367 55355121
40 84 -4077081 -3983830 68722929
87 74 -710785517 903059525 72612714
87 74 -999999995 -37 67749274
22 12 2736 2760 -7902
39 50 -416673224 -61601 -127229379
82 98 -94116019 5299 -364988563
42 39 3450 981075827 543077996
39 26 -999739714 2191 -92758873
95 31 -958622580 -1 -5767
95 29 -39 22454586 64164466
3 77 -159742180 2228271 553866256
36 49 -40 997965517 16875847
51 89 -496816383 -336 -87176
89 36 -660623028 -852 33296240
94 33 -894290075 -80861833 -546948558
89 14 -42 667933059 654152776
39 74 -999999314 9 -54887522
25 29 -162912576 763271679 -938
36 92 583 999995734 -32377209
55 80 1478 999999153 324507720
95 94 -999358067 8431 4442699
79 95 137309 999999990 4328
58 89 -999999708 7307518 -13483507
98 36 8 999402271 33307510
94 55 -27 321644158 -1134898
89 89 5054008 228940136 1413856
42 53 -757892913 93 -4974
55 89 -788366827 -1804 -4999268
89 12 -2329707 286187520 263300360
51 51 12822 232154442 281526
26 34 -999846897 -6391 60836217
98 50 -35288534 229254139 307159
98 51 -999999942 965 70366
89 94 -746373257 -19554 -20049607
22 12 33 181584188 -7889
83 89 -103 186178247 -121575
74 74 -406451670 521 -2452488
82 53 5133 999232000 293391687
74 51 -905817705 -95582 -72541350
72 96 -51263 318 -1071939
95 1 -999975972 0 -12178860
93 51 -999846421 -79548843 -111969
4 81 373385389 724034271 283713415
92 39 -4 582526226 127499397
42 89 -10333146 998727865 220574
4 94 -999998584 -27 4504663
51 89 62554420 950223228 -60214
89 87 -196770119 -94 -2721824
51 89 -1200217 223123565 161422426
98 51 -1795530 361837454 2674205
89 98 4326740 738186102 100841
85 78 -145540911 584711077 -484410194
58 67 568738 998984962 18252328
89 99 92 999407450 60229264
67 21 -787494 161725893 -30922929
73 16 -2430654 21532903 144476589
12 16 8207317 8275361 144487808
51 58 -9 990829948 12615356
89 26 -614642645 -50418 33130236
17 90 19388681 20931624 45639
39 81 341514 732222978 161594907
51 89 0 999222328 -63012
51 89 -1 395033908 -35933
89 51 -999999979 -30246 70449
51 31 6 988706680 -60216
11 55 1812 663103799 3398649
41 6 -341829349 1041 6572787
12 65 -615661 240118 -1498
51 35 -181143152 241884190 3583347
64 31 -999999970 -52 -399319936
32 94 -344145 247161856 4494970
64 74 -10 248592432 72514864
75 95 194595 982673861 87216
76 55 1274471 562429563 1533884
89 89 28578 778221103 4803
70 31 12154 317390033 334
89 81 -105322737 806102973 283074982
89 81 44 730679452 283074886
78 37 -272590114 -8934100 74431230
58 95 -111915916 -26961084 -70430655
8 2 -999999984 -489077 -818059942
81 37 -998735615 3639 -125680918
58 32 -983553914 -265890 -21856221
98 32 -999954387 -272851780 -210897544
27 69 73773 999999934 -141554755
89 94 -362737 453977338 5708689
89 40 -27434 30127324 8949268
98 39 -751190969 1257 127498678
51 54 171407898 999302992 405983
30 89 -633386470 60541089 -1616422
55 89 -782660296 -134 -3372693
38 87 -4 301432878 502600
95 51 -999978979 -37 -1721045
2 89 -9250458 999180987 -2933
69 91 -999999944 69090734 -32349584
85 72 -557717811 -95508 -484425168
12 89 -295834398 -120060636 -203095
89 55 -168671109 -708 -5470547
98 41 -4108807 338245251 37565909
62 47 -351469983 12730747 268788217
36 79 4968090 978258305 -33304132
33 57 -88452 912962887 -69122
94 58 -13 782495569 100331455
12 74 -152 904127177 72642225
89 57 139 999982260 853962
78 98 -422330291 514173245 -734
76 89 28 17163578 229162686
94 94 -848645612 -3 -9564760
36 37 -1029982 730826211 124105221
98 4 -837998534 25 3566
38 26 -969050036 43 34753125
36 89 267936710 815673508 19715979
90 47 -456438 144419672 268751234
62 51 -460 199261458 642908778
79 36 -999441564 -195 31313945
40 94 -5 581448113 32809171
94 6 -247513069 1 9877141
32 94 -122576285 21 4474466
89 43 -999988654 628041 25420242
87 51 -1246512 495700314 1017777
14 48 -1996 998567751 555859317
93 89 -582485808 -7586 -3647169
94 58 109 633452734 8178915
92 55 22147 511384354 3367850
19 98 -1401 999913753 1042205
29 34 -999999993 13998365 96178216
2 34 25 977767387 96483325
94 78 -834906506 -231735251 -4511929
89 30 -146630217 394275778 -1713080
51 29 7138 999999986 840250599
45 88 11198 964126703 1674746
89 36 2064 999410053 33313391
94 98 -227525292 258 -10192584
95 77 -234444461 51436811 553862588
79 39 -664049027 3356321 127495939
89 94 -963146618 137 4508331
93 32 30 443167779 292832
32 92 -437789404 12878 -399767194
2 55 -836759124 41 -302673903
12 64 -760285851 -751406745 167449
87 99 -206070494 -4 5292085
37 89 -837944538 -191877233 -157408361
51 55 -371930334 61013122 3297397
12 95 1534 999992912 8733518
88 39 -751654904 -15434 126960588
76 89 28 999874883 -2023439
73 48 -649849118 8647673 877413051
37 27 -708399421 815716459 -15848174
98 94 -999859271 2129 3117467
38 42 3 962093555 50962242
87 95 -153076404 -340999 4265
76 2 -9228649 850505891 26436255
37 4 -289788234 -162006487 -157404774
89 51 -147471963 8021471 66623
51 45 -427969370 2232 -63168
20 70 -382610420 0 -808592425
98 95 -501241512 14945406 -7299
97 89 -539202894 41101106 -1566474
51 33 -599397491 -11 -21278280
0 32 -273915903 309631 33846
45 94 -999999994 16 -194704156
95 74 -376709496 74 -673981324
50 99 -50 5566861 8359335
39 89 903263 764854490 -126866421
30 26 87407 87657 34758755
12 74 -285956669 0 72609698
38 89 -999005261 -6155 -159955
12 51 -175790534 -484 -22136
92 12 -999494958 2133155 -2862
92 95 -545572878 19 -325
89 92 -1757 649552641 127977
89 94 -444719451 1915948 -329789062
12 18 -6 936553639 122408858
89 89 -2 893051618 418
32 95 0 997242694 -29536
49 51 -999999939 -3110276 -143891671
15 39 -643603202 -3876340 127497288
8 89 319552543 568297088 -463279895
74 51 -460782035 -1048962 -72541065
65 89 -81 125144712 1308415
89 12 -336773458 22714 -1442867
86 45 -20152 999999983 12575
39 7 583515 751629612 -77433545
95 89 89101015 261661527 -4182
89 33 -54101033 845522095 604571
2 12 -999982691 -4660 -7536
94 30 -4 998055596 -4349426
92 94 -996560885 2320498 -28037293
29 51 -886044731 -899 -44508627
95 75 1078 263230760 18820866
65 89 -151670842 -295 -232
32 78 -219 723943703 -32218
58 73 56 999995837 148177890
46 51 -996154437 -2588053 -1805765
78 79 -911885360 1078 -1432
47 95 625308410 995176255 -268778828
2 61 -841050348 -17220 -31828
94 89 -3203613 168537622 -4351840
98 69 -117378052 1024 5519
30 64 -752198672 37422 -366593
74 36 -362608525 62207904 -39432729
81 98 -905670940 -1597934 -283074890
89 29 354445 998052327 6850
56 2 -970104943 78 2623
98 43 600 68813086 25420269
29 64 -248593250 -10 46577
26 7 2509 969306005 -21572028
3 77 -999986617 -36174 546677323
94 89 -159715543 337 -4509460
51 12 -496665977 10377 -6292442
92 86 -964438769 -166814524 -4566
12 73 -297833888 338 -29064591
8 39 -571284716 -307 -335781594
29 31 -962913964 9140832 -142130
89 92 -117062 701176226 39294990
94 89 -1235 999040790 -4100021
51 62 -599276965 -3423 -33294371
7 58 -961518506 26209185 -407898
41 77 -310962493 1114 299318514
40 87 -26349 999998758 3323079
32 89 -144 998666335 18173062
39 94 -19575 457161369 -122759097
51 33 2731036 999991947 8288
53 51 -18 306631820 70764
51 36 32113 383799522 35420804
37 39 10 461150390 -10769230
89 5 -247834026 16903327 133735331
46 29 -140576430 154370 4790
56 27 -965384612 -26989808 140011790
35 19 -96562025 343163720 -3639788
97 51 -15883 457961491 8388625
88 94 -8619 827743284 12996185
36 89 -997385812 132368 -169097104
70 41 658626943 661750301 7812614
81 66 350010 853662745 901377312
94 51 -541667310 6 -4437889
78 20 -906518781 -521501 808591464
78 58 -22442469 364401215 12684304
95 76 4 171761232 4729524
30 94 -8614393 137564848 4506254
51 37 -423396554 65794 157241382
51 41 -113 338183888 7788909
11 44 -997387801 -85700 7015395
94 47 149 999989638 264293455
89 47 -999999983 -164942 268796852
51 98 -3 999999197 477103385
58 45 1136875 999969753 87588439
4 45 63353486 815626174 801388
85 51 -534544137 31524647 -623366559
78 98 2 999997162 280850
58 95 -99403 999999994 -12258463
51 73 -428012634 1473 -51224915
89 37 20574 837700467 157409705
12 89 13937 564283621 10157286
89 74 -995880040 4 46297107
89 21 -162380922 999342367 139528
51 51 -306216922 80329650 -851
89 39 -24 558612774 127499403
77 94 -999999994 -5007 -627260853
48 65 -7329 647909412 -806056647
51 43 609 999370855 25515063
93 60 -4 965746285 198
48 83 -410664362 188043491 -877888516
77 98 109132 259634353 777099563
51 89 -2991 318075828 -70452
39 53 -935659123 1 -127498688
16 51 12 182649420 -137626624
44 36 -1618 997688781 56051668
78 16 -185335770 -4431 114789551
32 14 -247551 976806906 333433821
47 25 -1161895 812767409 -268791140
78 32 44936575 205757972 24549302
94 98 -50200097 -4884 -4536750
15 94 -999988173 -434 4507636
65 40 -108010128 -36560345 1209889
93 51 -6709419 304912988 70856
51 65 -442461280 -74780344 -70464
78 89 -159048520 392 -31801
78 73 -827347050 -152 -691914
94 32 3 117920566 -4474467
92 6 1 421239840 14828574
23 41 -826144679 -82 -3284359
29 78 409258 619506506 -3624
51 59 -2 811513348 8764712
3 89 0 262261130 -588
89 55 -997007770 3706232 3342692
14 55 -965841905 10298 -337658873
89 82 -997326114 13 364988230
98 98 -738737118 -7 -238959
89 29 -106998 999994019 5676
74 59 -311045799 0 -72611456
58 89 -783472237 1 -12685296
95 78 -958078985 4148 -3346
51 30 -143363536 450122 -16604958
87 36 -301433618 17 30092878
58 95 -113477621 -918 -44153578
94 89 85 188235526 -4508282
95 30 -564654995 -3694 -398
8 89 -999670204 -41788 -463280251
74 14 -5266 370079887 252301361
37 65 68298628 999859441 91923095
95 89 75 34312864 95672
3 16 -1948036 6774 144488759
98 55 -267825 415951079 52605923
89 51 162861 305326504 9026045
89 94 -451597438 383308188 7594965
74 25 442772824 999999996 -47948748
89 58 -999747414 848897 12669910
89 2 -677414549 808859202 3025
55 29 -179600 427319 -3367478
41 5 -5407 996450674 126911743
89 36 -398 522762498 93230262
94 29 4786698 999999983 -4500035
93 72 -132508 999999775 1072150
39 51 14 232154525 -127211916
89 89 184 634481412 46134
75 72 -999881891 -6092924 1071623
59 94 1388 97908916 209861651
16 94 -999708339 -3862580 -140002659
89 51 0 253811471 280189
29 86 25749270 672262404 52090
89 51 -15 458717987 71420
15 36 -999796159 186623 -438646631
10 98 0 999999999 4316
58 39 -12000261 970457581 114814138
2 60 -859038515 22821 -4280
94 89 -584998899 -63275525 -4508736
39 41 66 339069225 -119617109
94 89 -503270638 -3935418 -4508396
37 79 -999989665 4 -159574321
87 40 -999426859 13984698 89821
89 41 2318 341095983 7932132
87 13 -458511233 -97 56280317
89 51 -102793378 22404729 -115384
62 39 -4034019 89086414 127498685
1 12 96441 9202059 9402381
94 29 -348321860 15921 -4507457
