100 1000
-565443976
142715294
-798776620
-35125476
100192313
101493076
-442028897
-8006610
-10647039
118489305
592373494
-543758360
134088146
32859221
-208638620
-285356130
324124972
382438004
-761353004
-204582
352037641
-865440229
-520257402
919702051
490316907
-310625618
7872709
286481018
51176203
359810609
167575088
-910772195
282693367
381382251
-40797266
934456692
-751074333
-2657103
-606895845
247277721
-751
-352293616
189161248
-46314388
-1271455
-443178996
9293305
526489661
922902195
18448395
-125964534
957831342
-107818196
208842738
184035660
-39616841
236835155
-170970712
188589576
-17817150
918753734
-170347438
453246885
-705045094
11824228
184298646
621436884
33208701
-710253536
-110347
-46227340
-988408687
-302107145
233883357
-21051711
-266391234
-958003124
-168375230
-734911195
-361428602
700138512
53188495
529156024
718470353
15832311
146
-188280
363351786
-424975
-135423676
-167348813
72163031
1780
-294305597
-19892639
-183557739
862531316
293120036
-731539166
21855930
29 55 -949162949 0 -563619792
33 27 -704282687 -5313155 5325
38 32 -147491145 245325958 -6611156
68 75 -845895465 389 -86359874
76 54 0 3 198212585
25 0 -250052576 -4214573 -3928795
32 33 869103699 999637142 -22408
4 30 -449317 -124490 5109897
97 45 -147064296 182 425403383
33 53 -341866715 6 -16008
97 96 10 983477753 820666
65 11 230597470 999964397 3943842
83 97 32935 281609582 2888619
1 4 -999797436 997 -2808921
33 8 -312 999797094 -15096
39 96 -690727151 -278020 -1086636
73 31 -119 845634203 -368823626
33 72 21666767 394780101 576183
53 99 -562888 602913116 2822875
9 31 -8448564 850078750 149440623
97 77 -999799447 -8688 1216950
70 31 524214 774305469 3003
63 38 -676313 -5289 1411
72 63 -994554129 519776 -992
97 33 178 114487219 15696
89 31 207699528 697126808 120
21 81 -103701 740129155 -226
33 31 -658143789 2784066 -15869
31 78 -10075244 871497089 7160285
17 4 6 479168362 172720737
21 5 -136 999996016 244391
29 78 806 2232853 -556459075
88 66 0 990204733 371495525
31 63 -12491071 282456537 1405
28 36 -868300416 36046 -88415110
81 68 45341 273265674 25588
84 33 -316267247 -4453232 15621
33 31 94740 285347752 493206
33 18 -946092570 17839 -3687400
82 75 304582308 304582951 -229607407
97 31 -889165883 -6947296 -186583
4 33 -266 609293767 178985
73 33 -3818 999995512 -368989431
12 97 154001 855162153 -152351
31 89 -712093083 8318 -981935
79 99 54921 735337027 -177503527
48 4 -2 42707123 444130
32 89 -8438 961930384 -35976
3 31 829 696720764 8238444
31 75 -845854039 4123644 20072445
82 83 -104939935 -104939925 -250540946
21 5 -530 -345 -381
75 75 -731454715 2776703 -50
93 97 -75648038 2542 -806733414
5 68 1817 233165920 542114
63 33 -984096604 -5 15320
31 17 14096118 845014082 76574
33 63 -775334431 796897302 -15633
4 42 -511270839 137450 -21178664
31 31 -523494974 521797 -69457
31 33 -838360100 1107 12500
93 31 -999348261 543 -18125252
92 80 -819804466 0 -44674482
71 60 -11591249 4 -77659017
97 53 149 75648619 1261
96 33 -909078840 -10912 -148108335
97 36 -1000000000 0 -22279
61 79 -1 300484143 -268146308
84 61 -236735 466 445678584
84 43 -967434288 46536427 -520435
33 22 -794682984 -141 -14665
81 27 -105188523 90161299 20830711
5 53 -909740 946022633 74380
32 31 -999998762 720509 -38197
55 98 -37697162 -36996210 477610730
21 31 144252273 858820815 69643342
21 31 0 845845146 1921
31 31 -85 280638695 28931765
67 72 4 145247338 13626689
31 36 -2773 386656899 1994008
33 31 5334867 977460008 8768149
64 11 -328411650 2512999 -403522718
12 77 133274955 999766402 63841130
72 33 -275170361 86 15212
4 60 6508608 999997312 1249225
10 7 3995500 5892851 1939937
47 55 -999999981 1805901 -585656
95 98 105660 105981 477610709
31 33 -103207904 313834349 3791945
68 31 -19141975 755209335 150862
97 31 -993593898 66 -51975483
45 42 -4355 1484997 -430768554
48 27 8625 79550751 18258
0 99 -999999412 -1727 -46679
33 64 6308 999998483 404130669
97 31 -999224586 72 -98063790
31 31 371 285731345 14570
76 31 -638234436 -83513 -194255
26 55 -999999998 1183 -2695228
76 14 5 994435993 -193748
75 60 -81503890 5562 -25652949
18 97 -196980309 4059 -27306
33 66 -4562 37314 367753151
89 38 -998325053 482 -1539
53 41 -999999994 32 -88112
29 89 -785929944 18 -563632593
33 53 -354413843 633 -15556
33 33 -114054 821808213 3016
12 49 -8714539 57344 -152037
89 97 -946535727 0 -14241507
33 97 804 917509334 340766
47 48 -6372889 672426053 -564325
93 58 -999759062 -104 -473220606
33 68 -660973369 12 1918
89 97 -66024760 898338394 78290866
3 4 -999979858 -35105437 6205
33 31 -753002887 -4363638 -82263
97 53 -816955400 11667 -448558321
94 19 74 999791638 294219396
97 27 -600921699 1317 20926
33 55 -775260883 8125 -23402126
85 72 144 999987811 -80493
12 47 -22 866338991 8339881
75 45 21107 199366415 409845735
33 87 4520438 999626193 273974580
60 86 -1 80693666 76097161
96 88 -999999994 -922 -295695362
68 44 -233354644 -187717 268837292
4 37 0 997342623 -13421
31 31 125 482558287 25739473
31 69 -848203809 99499 6739236
31 55 624381 317604093 152694
35 31 -21983 65520660 -187055327
31 86 250784 987986138 520647673
53 74 -983935670 2421 -94679932
31 31 -100287 311589037 973215173
65 81 54 999194308 12222145
33 31 90695 959232598 1621
82 97 -107716 800355753 -250535860
4 97 351 999999385 -13438
33 64 -489 964495487 445529998
63 33 -730 998269668 11752422
30 33 151961623 802810229 464733073
21 27 259230 999999789 20841
9 80 -13714593 614295 33692043
77 24 -4353313 2517 -1102337
27 31 303138 88747254 68490
98 68 18751823 472072176 -477509974
72 97 -23136026 999953178 47877893
33 89 -74580990 978043778 -13956
73 47 -4869 999999991 -368210802
25 96 -49361 999467689 -3074914
26 53 -999999990 -1 -124917
21 72 -652730323 -179 -9988
22 30 -301569069 -932 5122377
78 33 -616483354 691893935 -7144465
33 55 -600009880 1 -15660
53 5 258861453 699472020 -90
36 78 139 871496616 7160284
16 51 -745587894 -745509328 42235477
47 4 -999999765 10863472 -566254
48 24 -942160711 572677 -157518
57 73 -895520418 2405 368879299
89 93 -297258829 343046938 555367081
75 52 257 883168386 -20746748
4 33 -55297 861913746 13140627
52 4 -67303377 459126486 341241635
4 89 5799384 999739295 2773068
44 85 -15598 10 -268786686
53 8 -999854083 10710489 -6563170
41 50 -357441 -224562 -15580
31 32 -586621941 -11970617 -453701848
78 31 -661465335 -37087239 -441748707
4 31 -476635925 -259434273 -17461
4 33 24046 633982342 2474
4 63 -528321652 -1102 -18155
31 33 -975050969 -609926 15108
98 3 -974912521 8725 -506473481
94 37 55354 16336645 -29880
89 20 -999889413 772023 -87167706
23 98 -999922031 725171091 477610483
36 97 -23 999999885 50
33 96 1420 999999704 846806
97 33 -999998295 1527914 -343216
50 1 -90530888 999987434 2413643
32 97 -984487081 -427734517 -22119336
28 31 52011750 795900696 -193822
90 54 -521620 942174801 201138448
31 10 -27932 999951065 107125
48 66 -993963275 -18884 367106021
33 51 -42167378 282 39141470
74 99 -35363098 983873070 -22674290
53 97 -885036 1000000000 13936
53 45 -2065667 554712850 430772654
89 33 -940132002 7219605 -24489
25 31 -468832758 1407825 -3964975
97 62 -64 292060331 892523468
16 83 -281529390 -10255 -95877741
22 31 -142004 999973285 -981
42 22 189293325 189293355 970
31 89 -521916498 -255672 25
31 32 135 359792107 38783
91 72 -999999984 173 -4558532
97 31 -2738205 111637287 175793455
33 4 -860132080 -249 -16444
34 38 -4943 -4718 -1032308
72 2 752 201276455 51274523
79 52 -610077465 -656055 -177334976
60 48 318 170333 -14883
36 60 -124994281 -124376719 17625
31 52 -824 951670432 269847898
12 79 174591 666707 177369436
31 41 -706373095 -207 -14996105
8 83 -158784 534 -440
31 5 -28767 999999996 24
4 43 0 953685595 21667579
20 30 -832538817 10 3760683
36 33 -386625606 -167 1092
41 60 -4516160 3956480 1939
33 32 -1130 400938174 1082902
97 68 -917508533 3 -580692
16 71 988406133 988406143 23572123
31 33 -342783243 214930977 30623
33 75 0 618617746 20918234
33 62 98 999915583 852922459
0 4 -991878724 -191 5408
76 36 -948213858 -310803859 -196027
63 53 -43 999378027 159
61 81 9 969400290 -445672455
33 33 498 351214253 28952598
36 44 -386638416 4092 268796486
31 4 -247 997537710 229518
33 97 -68237739 12901 -224242
97 31 -715818 624475373 5206
4 49 -310406 -298398 -14984
33 33 -2196 860152142 47580470
75 31 8042 834306903 -20928217
97 62 -72 203585271 855341665
53 29 -885039643 -150623086 563619193
52 7 -999075691 456 1859285
16 49 -30 4317499 -111355
34 31 -967466448 -8263720 -13924404
62 31 -999989478 -618906 -852954138
36 31 6 153598015 2490136
31 64 87769 317007760 404146276
53 79 -994075156 -69251701 177210679
73 57 4194 761294879 -342241969
72 31 -845940308 -7 -122331
53 97 3306 699496026 484007561
46 53 -954146317 -2490 -3362
10 36 -999998302 473913704 -107280
33 31 -1750 800212573 41859455
4 36 -528766089 182 -418201
53 2 -522823863 777145767 -324436848
68 36 -92 188573569 -17645
72 33 -819016717 -77620 15212
31 36 -507937964 -12648012 -5198091
15 68 -714601065 -2949 -123177
97 17 -674708441 -57207609 -2447
31 31 11560985 522522484 748682
39 47 -382821373 -327581664 579693
25 31 20 526366348 -3892376
41 31 -645203504 2502788 -52624761
33 72 -648429246 -11418726 -15217
59 68 -73 845934857 181151893
77 63 -660199624 120 -1217074
33 31 580920 999996280 -15653
72 74 -700031355 1757280 -330253697
31 10 73026880 999978885 5740382
24 4 -4 470467958 106697034
55 4 204933 769846097 13487
32 97 22348314 973743711 126230054
7 17 -36214 15604 -2046019
89 55 -285 39458570 21333
82 31 -999999939 -920505 -250551758
3 17 -616379372 132 -37583860
32 76 1491 666860486 297257
4 31 -769665225 307 -13536
36 31 -482552119 -296931827 -39331934
33 97 -821776444 -142 -44105135
99 4 -992169823 -11209533 9454
24 97 0 509683086 -114594
31 72 -564314069 -72838481 417
9 54 -1502102 2463708 139910038
0 97 -144967381 278448668 18421448
31 99 -164535 186207574 21987
23 36 -725676 48191 -44
5 31 -999999747 -256 -170625347
20 33 513503103 869823237 -184954
34 36 39 843186955 -1033747
32 31 -844629529 15405 -144332172
36 28 -835147102 87409 -29720638
33 89 2 865739576 3400774
48 53 -661668064 -58733674 -1083847
12 93 -998320062 0 -4996
4 91 8411345 999999583 180774
97 53 441714020 639100368 16011
11 4 -990833759 -534592734 -622954
13 4 -898859160 947655 -1271699
31 27 -15645 999829072 105368
64 31 -999999999 -3486703 -404144585
81 21 -38675 135149700 43524
4 60 -325795 43752 4130
97 13 -945587692 72 -102988541
30 14 738 361405852 -5123306
87 29 -6827 45597327 290002158
33 4 -898413067 446909 -105995751
73 53 189405872 999679200 -369006518
10 10 187 613805517 222
33 38 -76 977443840 6532
80 7 -69590192 -96800 -90141740
31 31 7756222 389782052 17542
57 40 -19204 -2795 45487950
22 25 -339542218 -327666381 3893722
97 75 11 57088483 664281187
4 23 -433054161 2184 -13416
31 97 -604 917514229 1850252
97 33 -999963057 9918201 -25977
33 97 -203594575 329 -38066
33 63 -4580967 973976801 -15614
81 65 -999995048 46303823 -199
4 4 -61 460372921 104930207
41 83 -613849321 -431412977 -15573
79 10 -288581 1000000000 -177414660
32 68 -412867351 -1132 -318143
89 4 3376413 482745170 13846
31 36 -81265061 0 -742555
81 32 40993 400937732 37930
53 5 -946829922 1 -219
50 97 -645206959 152 -2575
97 36 -35127 70355131 -22
87 97 -203595996 -11 -275798091
45 60 -800600588 -800523266 -430750944
89 72 -62 656200690 13879555
33 93 -1860134 959141656 132057
33 49 -855927112 2701487 -15302
4 67 -1433 999977701 -12446
32 5 -637590099 7310 -39684
25 23 -335537929 4 -3898499
21 31 -113 646855213 150
4 47 173236 999997351 566272
53 31 -999335914 -61 -167
97 9 -2012 971171689 62644325
33 36 -999999801 913831 -17061
49 52 -629636538 -20925814 137618
31 2 41213 201278456 12
33 31 -2521 858958030 218840936
51 20 -999999607 -110518 -42206943
31 33 -929935974 -14251664 -162373
68 27 -154104764 997917511 10164
27 15 -893913236 -273 119749
31 39 -412096 511958920 21
22 33 -482467818 -2755439 14504
54 33 -997857955 48175 -198391141
67 33 -974143145 3900005 -6023590
72 74 -912096173 -612 22673958
71 4 0 398986730 -23670255
36 33 -152398747 600505122 15650
96 33 -842428429 -544133 -1066030
32 45 -1423 556818493 430730794
31 79 -845851689 3910 177521784
36 33 662912 999998682 15729
31 33 -3549869 324438713 480787
36 97 -585411189 -4 -145404775
28 96 219189 221545 625927
6 33 -459874571 343127111 -299364
31 52 48322486 704401291 188213
21 74 -146340093 114139 -241165421
37 89 -997342937 137 -55
77 31 793055 421237472 -1216924
97 97 -982 256034809 65162
82 72 -951220866 656433 -250549700
31 96 13264 999963538 819776
11 0 -999999990 -1610 -621266
97 31 -999999690 2538 -59
32 74 2806414 1000000000 22640604
25 81 -239 969281398 60577054
99 97 -50540983 -654954 -3220
99 64 -985826924 157 404144458
33 95 -344447689 11 -15636
89 33 -612402316 -1163255 12877
75 99 1906378 986223697 -20933539
51 98 -637814324 356 435263546
49 96 40 1203132 819397
31 4 -353593653 -441 -116957
5 68 -990239306 307263497 -232512
99 70 -937835724 -10261 -61296
97 29 35045994 785948260 563628199
10 99 -2596586 643616065 -105960
31 2 13865 201237030 2
76 97 -68867347 -18422033 -194187
31 31 -137 844321586 428102
21 79 -999996488 1549 177451426
33 81 -423 969284093 290114
82 90 166827029 799687045 -250539503
74 97 -625262411 19922706 -64482256
72 80 -1029503 -915525 92188358
43 26 -992121260 -5 -275721
76 7 0 993046631 1935340
97 97 -3 57017177 55863
33 53 -775353340 -882 -782699
96 45 -761103259 2 429933891
4 31 -577090962 524486547 -806067
21 4 8 689701240 205672
72 89 -772805804 -1831110 -58796981
72 52 -701792194 -3899343 -3500126
18 54 -794540742 18641091 194834739
75 97 -43573345 903671949 -20933224
74 16 -291 981127876 -21160670
95 31 152078 750995797 13781949
49 80 16550 21650 92188446
32 33 -621170200 21253 -195034
10 88 -999999999 -1022 -628573
97 33 -917475460 2080 15626
73 25 -337 255597143 -365112170
31 99 -999783676 7015428 -94
53 72 24973784 834347995 88690
31 99 -81902732 55281 75
97 31 -109 990480150 709781378
41 79 -9332416 300482719 178425950
89 94 -999788960 19676123 26661
27 9 28718225 28738067 58475752
31 33 -723458201 1018943 -41792473
60 80 -5302 950 92171170
56 68 -558233 446043962 19307
31 70 109 999999998 355634
5 73 16480599 931344026 369347373
31 76 -830275246 217060 137342
68 48 -49156 999990981 114227746
31 33 417 344448147 171176807
53 31 3 588299658 466254564
21 99 -232959427 -289013 -27771815
31 33 32209518 316917875 74902
31 33 -495342894 -233312 -137503
68 97 -289742559 -1 -3576760
53 72 -999997973 -6 44
64 80 -83946 4399 -311955779
4 33 -306817 999970650 2272
72 53 -3194870 999897802 184036244
73 57 -999984545 66498436 -459180257
33 31 -1852941 553988910 843457607
6 31 -540007198 17963902 -325098
96 15 285213319 285213383 -678914
29 74 -901525353 7 -540945318
53 91 -919425632 -9 -33979983
83 36 38093 281493779 78149225
31 62 -537822474 -447992300 852938112
53 81 5310930 839532372 15195
64 81 -976396633 -388543 -404145021
91 53 -64351 1182622 -194050
64 33 41072 984227086 -394613322
76 73 -5363 914874383 368812673
71 75 1 687648496 -2741378
36 79 -898246750 0 176558984
75 39 37 999911430 -20932827
21 31 -844655735 12 -413
49 25 39 245873935 4392520
31 4 431372 732308042 1566295
31 10 -501179499 21343222 107119
31 30 -9388090 999958885 295660975
13 46 26249 32921705 3462
28 97 -946370072 8703 -193813
31 31 -285347676 -1100 -20
18 33 -996491583 18072 -6046
44 80 -2368397 -41851 -176679023
39 42 -14603 358921636 -3
31 41 -999999984 -2973 -15248
6 23 -52818122 -118789 -325033
31 55 -97 859383139 6899182
51 99 2315 14627 -42347076
0 72 -41 903544594 27923826
61 79 -813073309 -274893 -268289483
33 33 -857864345 -91 -83
31 33 -953070533 -6 15647
33 5 457148 973026468 -15256
15 1 -108827 1099297 2139660
68 75 -89874183 647449216 34622495
79 62 -299073502 -5911 -349270301
89 31 -999999836 -6586 -4118009
72 68 -185364092 103032902 23480018
31 68 -713802558 41 17098
21 36 -331851682 13 -37110044
78 81 9 969400119 -7128779
99 76 -993577875 4195143 -2814460
82 31 -662174276 3 -250606215
32 20 3045 838536835 239281026
31 31 -845611677 204 -2421
73 31 136 717214466 -306936133
83 92 -999999528 -1342 -33210879
94 70 2276 981130920 207404
97 35 -59055476 -4567933 210901358
36 0 -846057699 332114 -429989236
68 31 -1569 750626767 -17663
29 68 -999999999 206792794 -563601699
1 12 -516583256 392 -47090586
53 37 93 440462449 -145
73 97 -68615851 985012544 -369006854
31 0 25460 999922105 208423289
73 31 -999999956 -8 -369141442
31 79 -120518422 -29149655 177488351
56 20 -378118 88 200783
48 25 -526368241 977400375 3891929
12 94 427555 806774714 7723627
6 31 69 709121162 -313563
31 50 -309862980 1 -73431419
21 33 -331605405 -26713824 13268
97 53 -13431998 999743898 475134544
11 4 -774081923 216751701 -608399
62 46 2 4814 -852934590
41 31 -482638579 -80035 -15705
99 86 -51426 966161242 76113690
4 53 -7 999975383 -12569
72 31 331066699 999993243 3205556
4 97 -68864165 -6 -9185106
81 89 -999999999 -13971 -386041536
97 53 -737896218 -95 -4029
63 13 -19498771 999997466 14770
74 21 23 135153530 -22654402
31 25 -2254762 335537701 3894714
21 21 -316323115 -682 -1714027
81 50 -444808640 -233 -864202
56 49 -9687224 -43 352
16 78 91408545 747428613 30370421
4 87 -305411409 -10231 273603739
58 31 -615777343 7354911 -438097444
9 31 150388034 705828486 -58372586
34 2 -999956353 -1758 -1033760
33 93 -983437288 2686755 131129
68 32 -10796631 621239430 715420
31 31 -285014144 -428423 -107026
23 31 -813097613 31542826 -410637997
17 82 1 299900746 250540167
31 31 -844655290 -147511633 -268946991
31 97 -34 999999998 25
81 35 29323181 29364231 210902095
77 49 -36643803 999998537 -1216575
53 31 13926 602911909 9581
18 76 -999999976 -619618 -205482816
25 97 -247790926 -16858029 -3894710
18 75 50 695412466 20933641
31 48 -77090964 26 2724
21 93 17122 999998974 180585391
48 97 -999953369 2 -2763
61 52 -812944361 16708200 -446529929
94 78 -4 871328142 7153079
53 58 -902457817 -563214219 -2200
21 38 67809909 993355610 1086
61 31 -189175890 -186024785 -445678616
41 75 -590208409 -133 20916713
53 33 -999984337 -43421718 -51766919
36 45 -860252839 157351 430767055
4 53 -998448226 77 -2905685
31 33 -190870959 -4181856 15632
97 96 11679 113148416 819732
4 31 655534 800289180 843801
68 21 -825491599 41395241 -106193
59 22 -999998234 30105 -806933
14 31 -994481832 -7285891 -27
84 33 -969278102 7 13534
31 95 -771395485 0 21
33 33 -600509748 -483781989 -83
36 31 -897552231 677683 -39
97 31 -61751151 49885920 -22
32 75 5625837 739228160 54607332
97 21 -998078225 -2351 368
27 51 -6893245 706913450 42326305
4 53 2 999999922 -13056
0 31 -27 999505629 -1241
68 68 -876889173 4974695 -824586
31 31 15 773781366 682863083
13 53 -999999519 -32896 105
96 72 0 727444074 -816108
21 41 -316394963 -2 3139
75 31 -739234700 -901 -20933659
33 4 217 297481 7981
31 62 -47194 999999675 852938114
53 13 -16483581 -10768002 -106
6 52 492 950709667 -134877
41 81 -356234 969217147 -13719
24 64 -15564560 -15448230 404029936
36 78 470 845843162 7160491
43 68 161891 104547085 -254860
63 60 0 74943 17594
31 33 -342 344434446 15669
99 25 -999999954 48336 3893872
51 25 81766091 130825634 -37802874
21 13 -316394149 800 -3585689
33 35 4436 999999985 211301748
4 78 -668423248 0 -288650206
33 79 -869786508 183 177506163
21 57 -132967649 762029816 645
78 21 -1155 999999585 -7159879
38 53 -602888856 -4497 -27216091
4 33 -660647571 1578215 2180
96 93 589937745 697983464 163878204
25 73 -170735374 -63012506 324358894
53 31 75 446144448 322114
53 4 -999786385 -193310 -1053542
33 52 -1836 883387482 367782
23 82 -121078 968297341 251034923
33 93 -354387954 25093 71083
31 96 -727699673 -256484 -1634853
76 74 -666866824 -6143 22053753
34 97 -999997667 -41529 -321127649
72 33 -416154652 177364 -168678958
74 33 -30370 821778488 -22656898
82 10 162937220 633781187 -250433016
53 86 2 237718336 76114238
21 37 23984 76046 -405
97 73 -73 114632178 369006855
36 73 -876530782 6 369004855
25 4 -429476 460049883 -1581523
72 72 -818140739 -16 -3381
24 47 3921756 999068350 465073
33 28 -341765 635264459 185984
73 4 -900686087 3793 -370383279
68 10 -611574866 14801 18839
51 89 -27295 249 -42347153
14 29 -987195912 -195840475 563618546
31 33 -545475736 66429545 -4272680
81 97 7 997425409 161375204
40 73 -8915 988494104 324335254
72 33 6432757 858858433 126169805
9 84 -5772381 -70 -58496723
4 4 0 8432743 701
97 98 -999721577 41170 477592697
29 41 -659088295 -214031774 -563603671
66 4 14700341 485148737 -367705911
50 33 686 999933467 3528255
97 79 -37 300490438 737520913
1 31 -845887188 65 -2281200
51 57 -992662788 -987 -47876496
46 59 -983201958 18703031 804359
4 97 -1032557 999997064 173271
55 66 -73166 991918161 387200375
72 68 -910264823 107739 17204
58 18 -625200200 175240 -1394908
5 31 -998845650 -3 -242972938
72 38 -697881874 4 981
37 68 -999815927 -2480752 -8598932
33 31 -184549214 92811262 -48865
33 31 -999996559 -99331103 -15682
31 68 -999999582 -21717295 -455149
16 58 -999978863 92 -111846
76 36 -684708026 -224 -194597453
72 10 27 693118240 37114196
68 48 -83497500 139 -978677
89 21 3729011 335513491 3880
99 31 -5023836 -14 -945
53 51 -253182759 222 42347002
31 53 -143123328 200231924 12765937
31 32 -801718329 -2863786 15116
1 4 46158293 521323099 4437115
53 38 -4 374207085 2141
52 21 0 999981135 1169933
96 0 -30080 1255 -818502
68 99 -440162273 -14836 -18041
33 31 -608728272 2071648 -24612
79 80 -699331388 999999954 843303092
31 36 0 897560640 2538476
75 81 -650895354 276 -33509105
15 81 0 999993752 -136859
1 95 8186061 854387311 28623408
31 16 -754561536 329038 -624402
4 50 -470468433 -23311 -13367
31 97 -713657018 66701 25
97 47 -637178222 11596 579684
31 72 2165 903543932 546377
40 3 -149994214 276494 -45488998
31 4 22 258494982 14984
47 95 -999999963 1951 -580489
33 1 2337191 957340299 2264863
0 87 -999748192 -799 273615955
53 21 350715961 999797757 377
97 33 -999999999 3 -52638006
35 97 -906196387 964410764 -642856519
25 95 145702953 672071270 288330894
1 50 -9004 802819531 -2280382
72 31 -450 800262670 -423
76 20 -735 999568387 742520744
36 24 13945131 987782167 116958
31 68 -1294 879641185 32956975
0 68 -20418 857230195 42583
39 2 21576771 307796878 -21
33 3 12622 935863688 104196
41 65 -28321844 -4944 -15683
97 31 26416 999992920 56
31 4 -977760296 -23396 4342
81 53 -969313568 4383 -8191480
48 53 -258074706 -21 -6005
97 96 -581461032 -454 819692
88 31 -974658827 160 -235705053
89 23 -824 791646693 4272533
36 26 -874930736 1616394 -15998748
31 89 54 999394170 20416
89 31 -624513100 3449495 -1856
32 72 3042230 915134873 517900
97 33 -921822645 -1 -884836
0 50 14 964541981 -1059
31 47 57 745061042 31358221
58 36 -999999717 3 -1261433
33 75 -660944467 300495 20913558
99 74 -993094748 78 22270015
31 30 -242538613 -6098864 -525503257
31 97 -624475366 5 -33
99 31 -62765 190808155 210208
21 29 -180190229 12477271 563618544
43 76 16674 93099164 -81607
93 81 0 998938465 356527348
31 53 -671232645 0 164
29 68 35236696 860803352 -563573706
70 18 -9050160 3606 -35262
97 50 -999780247 -36600 -87938818
53 32 -947435957 16 -352210434
74 31 0 507991392 -22674406
81 76 5256 684581334 195252
33 31 -344448065 -1320786 -388653
97 51 -244043283 -726 42347145
33 97 14985321 981442873 527612
97 44 -957459383 1412659 268866090
63 4 -460714 731643990 129854470
89 31 -991298177 12 -1186686
93 53 -705536527 0 -147547
99 31 -599 858961270 793290208
31 31 155031969 495117539 1398
60 33 26215 80719915 -1969
25 68 16 829047257 17928972
33 83 -123 998077671 -15215
81 36 -948517474 -5791946 -74260
9 68 -78833528 61424 -58479086
56 31 -186367575 -4 -36382
61 45 -828556103 -10 -14910136
53 68 27228648 130938812 25152
33 91 -818485165 7873 177586
62 48 5786989 999958067 -852933308
61 97 111606 999134820 -219679926
28 38 -768314199 47 -340201
31 47 -65376673 11429812 579286
31 97 -997715170 46 -2057759
1 31 -178469 501001089 11287103
71 53 -9442971 80 -82878168
32 21 -132158 226422449 -37658
71 34 -2645 501556002 103419151
95 69 -816430916 10366 -933978752
80 48 -3 299861473 -92186046
31 55 17 960383176 17
33 50 7099 974313232 70485
33 14 5510416 5534318 -15638
58 10 -383706955 -382154797 107121
68 81 -440146850 133 -136787418
31 29 -397482 1000000000 563620485
33 19 290 999786564 254437862
4 98 -444563590 61978692 477597180
93 87 -240893 -211494 273469492
33 79 -660518931 -15 175510373
81 4 -1000000000 -5877 -28615669
33 24 0 553108855 98988
66 76 -999991448 606644222 -375410220
69 68 -425 -146 -7989662
31 9 -999999994 48 58493267
21 91 -624672943 -80585563 176987
97 76 -907953048 -21942 -18487142
31 31 -845606118 -2 -10828847
31 31 -71208 820100233 17
45 70 -99 482 -430733278
31 31 -38246052 709760513 79069
32 84 26249197 26251192 -38031
33 20 -647499759 160801639 185095
59 45 2455 556819814 429961130
33 73 -855 422254226 368991298
53 21 -996157898 -16880618 -266
33 31 -821028056 -3335293 -23223
93 72 -158 975289816 707693
90 35 -912774 31430251 210900702
29 34 32488241 995874374 -562585604
21 66 -326115148 70 236970277
79 0 -610077412 114 -434297615
81 54 -843957313 -118938 198395962
21 97 5337 999986742 422499
72 5 2444 999999962 34140443
33 21 1 572115347 -15017
63 68 95264507 221856536 17642
49 35 -857966828 5172768 210901897
31 21 203918733 516817442 661
41 89 -568 987630745 567452705
97 31 -65 946560518 -25
31 45 -355539603 198177856 430768692
33 33 -957576477 -2614345 -92609547
62 88 417051 417114 -852919615
33 36 -10858327 386659379 2009413
34 36 -967465513 61 -1633876
33 55 1535 601751915 -15637
25 31 -432913477 -143834608 -685832397
50 89 -922213991 22 -97
31 31 -285253006 -11654387 -60279
84 68 18652 854691212 20180
32 31 0 495109570 -13165
81 97 -999999994 4246618 -10223
97 99 -999999762 0 76
81 47 -681014989 -207562215 574793
31 33 -495029473 5891512 15206
60 62 -546752357 -320 852912055
78 32 -1825 637520027 33385822
50 33 -928429189 126531 -25882269
93 51 -251882379 7674 42199470
87 0 -873522033 494293142 -273615955
36 33 3988421 750954888 113736
66 97 -57085645 162 -367768784
73 61 -423033537 18573 76671712
31 4 -530594786 269192543 -10523572
48 31 -589448499 -9 -37661484
30 33 0 344489853 -5055187
18 33 -895093768 -782042306 11014
72 45 6 553830683 432961392
31 41 -750989826 -54795133 -725838160
13 5 -983978586 7 -89913
31 53 16493072 325405513 5064911
97 33 -142433209 113625412 35371
73 61 -1531457 -27735 76671736
53 69 -8 912283471 8007193
4 48 -2045539 999998380 -10683
33 31 -876992224 62 -86246891
33 56 -663879461 34619 -2708318
97 33 -6314431 819252786 -6552668
97 31 -68431373 -162 -44225738
33 14 -993327384 -1 -28449821
99 32 0 412865339 37968
31 53 0 999999995 4948712
97 33 -904029013 275421 15626
8 9 -999999520 63618 -187134922
88 97 1499 999999996 9355724
15 68 -39008 845895850 928600
89 97 322 999999972 232
26 46 9486991 19050789 3357
89 26 -992083976 -3 131
4 4 -902450047 148 -86578
59 60 -80691759 816296 -791777
68 4 -450351570 -10600666 -95013
84 78 7530 881571869 7160285
97 38 -282848 86302336 160301
33 25 -505636914 245873924 729898223
99 31 -317003517 3725 -5083321
87 31 -126728620 999748135 -273256747
96 21 1752 316417867 -769899
31 53 -112 999999811 17626532
88 31 -844655898 -414 -19458
99 32 -359300 999799567 51095330
68 31 -4450 597627528 806691
31 33 94 356319931 54303
31 31 -507940471 5 -3067605
24 97 -196984482 516479858 -22746990
97 36 -20955 88440284 19506735
68 31 -1 51814222 16755732
71 4 9 708754733 -21758315
83 48 -79830183 -1854 -24555
16 33 -957633636 -9836122 -100903
91 72 -691760806 -68 -16765054
33 31 -999999851 30142241 -15655
33 33 954186 978043785 256892
21 89 -206220939 -47071497 -377
68 72 -104386702 2 -17238
86 33 -999811217 -10 -76944461
23 33 -583816046 -23911196 -2312143
53 52 959896 949167083 1903490
96 96 -684933254 73 -16923418
79 21 -427353702 -43 -177866392
33 31 -7 745079530 -15622
22 31 -482777337 -107364 -1715
47 31 17 620250403 -579660
33 89 1031069 961001925 -15622
94 33 -990524146 -274 -16396
89 78 -999999895 31 7087388
97 36 -857 600422959 476
33 52 925 568130 171202
4 31 -279090288 28606617 -2525306
7 21 -3452196 -3423376 -2046653
31 9 -3081699 973531418 58499385
73 81 -999999829 61097 -369006727
33 81 -296482668 399221889 -14847
43 97 18227 996214343 -25598
0 97 -17660696 116466008 6886
31 31 -736932613 -5126 -15138645
31 99 403 987217646 1479749
19 64 -204473 797849 403376931
97 0 -984163787 2 1205
31 31 10006 845840503 1734
36 7 -847656048 1053251 -2533625
36 4 47558 363510 199231776
69 33 -994149804 -54 -7991731
78 31 -704404096 -5875 -7165466
33 0 -443276807 -32791391 -14411
31 64 21787 999999951 404144577
14 33 -787330202 5912 -2010129
33 99 18 636550041 -11125
33 1 -653953100 -325940 2264826
31 89 6599 999999999 460
33 46 -609305136 -12098 -12619
5 4 -999995872 37956217 -14459918
36 97 -624474291 665 -857
75 11 -85 454273790 -18743716
4 81 -23266 -2 -40769
96 31 -999999998 -12367313 -819854
33 70 52568224 999998016 19750
33 25 2544 255597456 3879061
31 33 1 606834713 15659
62 92 -48382794 70424 -716211179
72 0 -897178532 -12 806
33 21 639177 135192096 -15248
97 31 14 68950158 5121
21 23 -186865026 999998093 627
36 67 1774 95135067 1014
53 0 480844 398356973 1121
53 48 965 469573860 27577529
4 31 -1 611798496 -13463
4 31 -706658422 -399888 -81733085
97 21 -985293246 -19447066 -30235
97 97 1 48584555 16106721
25 10 -334944758 -349028 -3787611
78 64 -871461809 -1021 396961686
79 38 -360872635 230971896 -197793591
4 93 -769641027 22 -22759713
72 50 27799340 999999863 -257
21 47 -331852614 440 579207
84 42 -1061 999995623 63530
76 55 1 899652580 -194149
33 97 -713464311 -6584375 -92547373
55 94 -960439049 -57667 -137512
11 31 -990834008 263 -621927
96 59 -37449 -32686 -11836
78 99 -881559151 -3 -404314582
70 33 5808801 861965071 -19620
32 75 -632045596 42 20877500
4 68 6015382 233164203 4578
17 4 -977014450 339342034 12342
31 80 -265985827 32285 92155962
97 48 -37031919 39 -275335322
36 28 -152971660 1353971 193787
50 53 -8050184 954785190 71
97 87 945 179139575 273617283
93 53 -602763158 -20 -147669
76 53 -60205877 -18218098 -197126
33 77 7728813 802968206 1218278
25 31 -248340894 -5506206 -3922391
36 4 -4359 1518547 13460
89 55 -999999999 -58865 -19265489
0 21 55331460 572148634 19304
36 18 -848917292 -2838717 -12414671
1 79 -999998997 21 175237802
74 48 -920719 -906494 -22671662
31 11 -4681377 999999978 622141
7 62 383569 383603 850891054
12 15 6 714646539 4850
81 31 -913814672 -21061 -158
67 33 -625796 1000000000 53365
41 37 -591232526 170 -78689819
77 10 8467372 999973251 63939439
48 36 -999997756 3 -30476055
97 46 -94868 543154656 3499
86 88 11022 756981302 -76095292
31 31 12 316839009 3
4 33 -769505737 0 2174
77 53 -826796303 625 -1224054
4 33 2720 860128524 4435315
31 96 -134 999999933 821335
31 43 -999958450 -376 -3643376
31 36 63063249 898235322 1387
51 89 -922269584 123773353 -42347215
31 31 4095 351648335 1195056
56 57 222171092 237430614 1048
33 33 -536483 869732925 350
31 68 -999995231 -9839934 -708361
69 78 -239 880733210 -846081
33 33 380 813555098 850
0 5 -979144721 2 -1227
7 97 -114100943 3 -2067029
87 1 63794 636711934 -271170181
78 31 9406 173431943 18577993
95 67 -29934874 999999812 1018
31 31 1346 813096249 14832
31 93 527645 882913368 147746
55 60 -81511861 -313378 -33369740
79 78 -300492215 -1897 -388063177
31 72 -273349672 485467545 -2457
89 68 -999996752 -9976412 17490
31 33 -973868059 18 -457739430
39 38 -693549548 553727951 -9720
31 53 -13876714 999995519 27336304
54 31 204236393 350019241 -198406239
55 68 -960382006 1166 -246650060
88 97 -609945653 2679 -18472
4 89 -668001607 28 -25238036
44 52 290 950696204 -268680854
31 33 -619102016 2687943 -29427229
97 21 293 114654973 2573
95 21 -816442265 7 -207116194
48 25 85050 59136188 4052371
68 52 4 884049917 398290
63 53 -252508690 4 -3540216
97 31 -917519089 129534 -13841
44 33 -113 999986664 -268850833
