100 1000
-108365855
68
-174067205
332480789
-261618286
-265428724
192017
519858352
-18859120
-346809825
-463776021
821527799
354887075
-764727421
-107294550
196913630
957394010
-162724521
829802752
-81863770
-55515039
1682501
-821353117
9933795
-17006899
78220711
216070374
28316977
-73925649
195686808
137826271
446773
331944824
272453324
-484713600
610477591
251218
-526280147
-245775927
-167649277
-57507
-68947627
-285083398
-302054920
55236289
395769
274503491
-483381965
-548822
202330821
-733538368
-36602810
661662688
-400977589
312523102
-523252438
-223342713
132015772
177260770
85
-3797
-126301888
159887650
10327664
-405044135
775743390
-435964676
3387362
-317073669
-234316660
-382603274
-559941
92300798
46123247
-59951834
32407144
-898000806
194313012
-14310061
988026816
-367016698
-158891985
-94345941
-384520435
307147125
-306511587
531597566
538067164
111503511
518137116
-942837856
6052023
-46933611
-836001853
17896215
4741805
-215403215
804220413
910563546
667397019
43 62 -896143492 3721 -4
50 98 590755 999766946 254926285
29 66 -3 22678673 -18463216
68 46 9985 446230834 95084
33 78 -683214150 48618 -24742845
68 33 1328 999996136 166798173
88 34 -999894733 -91 12020998
78 81 -999999790 -1166355 5175
64 62 219 22397800 -786349
74 80 -1962 189564821 3997790
89 7 -114854 962892605 155949570
97 0 796 895444150 401445772
53 97 -231551412 -5754449 -482133
15 78 -789797318 -1771858 -20782236
97 97 -128849449 497700798 66333240
66 28 -8805 925322073 3593930
29 66 640 361797293 -18463218
97 15 117 478251755 12260150
20 34 -1985 35337 14852739
97 38 -14396 833538875 -663568
78 53 -19441017 958814617 137950
70 97 -190320615 974023298 -11093952
0 79 -12337088 -5400666 -233686858
80 16 6994 85413647 -3946267
15 90 -915408876 24878521 -91667727
97 80 1133511 206774620 3331019
67 43 286572492 688159699 -58860
56 73 -230639712 930675058 -83906843
13 98 416072 479431 15632
14 78 -662642966 679981 -232832
84 46 -711846274 32727919 -30080659
78 78 -687993555 -160416 -97423629
79 95 -21548 15713186 597108656
76 37 -208436370 232407 -386092822
70 87 -4 999999999 -11689215
97 15 -831552015 -132420 -848111
61 14 15 791637881 -1274
44 80 -999647598 -25 3987936
78 97 -975305270 140567287 524005
64 37 26 317521545 -62372
70 39 -75 975941019 432874028
29 0 -973259536 -400961 218564895
74 38 -274971968 375378 -378308
58 72 -34649 1804 1897067
74 61 -870618543 587347 -376897
91 97 -7207 993940733 1762842
83 88 -477765966 -8 -13561307
75 58 -999171654 -931526 -9646900
47 1 -389 2802 7978878
88 62 66407 885138768 -2821946
29 80 -65765434 34305029 -14473569
96 92 -784593735 523 -64140066
80 78 -220743202 -4945094 -3935097
78 76 -331762934 11 -14502611
78 12 -942115108 -683660731 550347020
50 37 16244 6663509 487385122
84 8 -999998915 28 -34054790
22 97 -144034 999947401 -1457042
29 37 -824369349 184202 -35217794
5 78 1 111468122 8308838
78 85 -999999997 6322520 -1501966
78 98 290 203691396 -41316
41 61 -999999996 -81130 797
8 50 -30548 401080692 511803
93 66 27 358074933 -6099355
38 78 -36013 578710901 59276
78 16 -999999948 -1077 -610865062
66 50 -542968063 -5 -542605805
8 78 -68512742 715649151 1007894
56 6 -776633409 -87 -447185464
79 2 1 16773099 -3503958
90 78 -1070066 722842289 599172089
67 28 -924669289 -11 3324060
78 97 4773 5634 604294
9 78 -653531470 45915 55084
18 74 -13461 153402575 -337099438
21 10 -999211475 21830 403647904
78 7 8232 627289396 9124152
78 97 -475486438 -13 376329
29 78 7 14451325 -18408742
48 66 -999420817 1560 -156294
52 66 -29957784 303031548 -28975344
17 86 -85271010 558640682 -91772734
90 29 23 997704670 12799396
29 75 -80 557763883 -14899404
67 34 586 575655052 919801508
37 97 -93979054 126029204 603012
29 67 0 521630159 -5743563
88 8 18018203 18024175 -2400198
79 80 -999999641 -49818405 -8080993
34 93 -515178002 5 -41680295
78 78 -743926958 -93 -455102092
54 2 6885 3195671 -1728155
78 97 -508040964 134 -552375256
78 49 -202329788 998266084 710643640
22 61 8 863102502 -2113292
88 19 21452681 368077871 392711694
19 93 3239 161369722 6123254
37 28 40645789 999999971 3565765
30 52 -339275325 522894029 29562384
78 78 -1433293 717353092 11875
87 67 -995098238 3 -8159393
75 66 -872348627 -18941 -201364
78 97 -1 841081962 303524819
97 78 -373333 363993747 4482084
71 80 -995549666 -2 3986649
54 98 -198148102 -92251 -105670278
78 34 -1000000000 12 14801347
78 58 -938261974 -115529965 -66933
8 74 -157 947268161 -43764
29 87 -128021236 386436116 -18244341
97 29 74346 221453656 17804576
90 87 -485180862 70635084 -6398718
51 78 -249283 999435377 25078290
78 67 911304190 999998487 15587
89 94 -989555373 -674 -2041252
22 0 -178536290 6019 233861527
90 66 75 355961833 -5662666
78 47 -999499685 -49628 -59321
85 24 -732664164 36 230
71 80 -404753 -2978 3986711
29 61 -999999595 -23 -33841694
50 78 -391187208 565 -33394837
34 70 403925 832399013 -3031802
87 80 -999260852 1 3980119
78 46 -1000000000 -2701 48583
61 27 -17737980 999999964 10462
39 78 -998065007 -153249189 -444594427
97 78 -743848881 116216 -785161
35 47 485656868 998487971 16078806
64 90 -33883 644 4882594
78 98 -516147879 -404660891 -1203450
0 27 -2695 -2691 -237032008
66 27 -109330625 -163 -4074
78 2 -13 663769067 705591300
88 80 1064 617444200 1228542
46 97 -221674360 -467 548799
33 37 -999958524 4 -23668940
50 37 -270756062 1166 -238042
97 82 -999993662 3988 542384668
63 78 -999997271 205 -260537857
46 40 -999987715 6206 145458965
67 2 49908 773123844 13955553
78 50 21 789399435 277070
25 29 -557763964 27876534 -511662510
15 8 -999997265 0 257752
62 70 -30249612 993808313 11779428
93 86 484276 999999727 594037197
78 90 -579 747982167 5756441
38 67 -3 233647034 71028
91 37 -999999510 -4 -874997827
53 15 -594482763 4532628 -187736
97 2 -999999584 -336483 -665402
65 66 -997567837 -885526 -653265690
83 74 -720412618 -13 378157
75 93 294156 164370000 5944454
29 78 0 14524643 774905558
66 34 254934 998006115 587249660
22 66 -209928 998981826 8658322
78 78 -960216047 -875121204 -2506678
85 37 -33702098 225875019 31089
90 74 7490538 906521583 -5286390
2 44 197654 999488077 6771075
78 66 0 358055824 -48730
78 93 -999100455 71121 6064245
78 78 -5056 670118040 5
29 50 -996771451 91843665 -65237065
92 29 14 999710041 18974158
31 58 -796636483 407 -72851921
41 8 22385516 987532436 1788191
78 41 -4606 882618116 -58821
86 29 -15623659 -51 18467459
88 29 26 742872250 15655593
29 78 -969876059 -418422 -18408802
79 37 168641 6832459 22292651
66 9 17830 624099565 -3853
8 21 -957920845 163221 -422224
29 78 -722919480 95 -18484066
37 53 41552264 979078938 164419
37 42 -177 714914014 122101375
27 51 -62729 410469764 -937
78 74 -596411152 240061920 318872
97 80 9 19827341 3330689
97 35 2 211938610 -460669
29 87 -471488150 0 -18905185
76 87 -1 999645386 88011578
26 97 -239161328 38 -10763647
90 84 -7 999999662 167483162
80 15 -882 999999989 -3986554
69 56 -999977368 -74775083 99399566
79 17 -95590549 -31369158 88268440
86 41 72 469100494 300
75 63 -928509088 772106 -193887
0 98 -208619383 -2560840 -237015901
94 78 4865693 291685320 -574921
29 79 -13 457410946 -14963571
29 97 -912652077 314 -17983643
78 41 -90121605 -5 -138872
28 98 -132011852 -42576797 -3890081
33 2 -7723 727538949 -23688212
93 37 3672 6682883 -6092831
52 75 -23555073 490335 -29368497
66 78 -14 999488981 82833
97 12 128 31030688 549745636
94 28 -924668038 1437 2958188
80 76 -181793075 -40 -581181
15 97 548851 991472337 656517
73 29 -1070 829460216 18445446
97 78 263631081 509132107 -604294
69 78 -226689390 -282442 59174
30 47 -70257 514341973 3295
46 8 -8589 920864261 307763
78 84 -752304926 -9 27317906
37 65 21736 999976896 594830434
16 24 -1693214 -1692967 -46477
25 97 -72842042 50409326 -529462543
8 80 9659898 188478689 3574656
50 19 60494699 986732964 -267648
7 46 3 773688429 -8939595
78 15 -96 682418074 -51212
7 78 333790779 738763603 -9122591
49 78 0 781215536 -6183084
86 80 118346991 905980416 3994144
3 21 -4754112 71210166 -234124
87 78 -611987001 17 42296
74 66 -57331281 123204386 -373420
74 2 -919552144 -198 -692433
78 78 -3358 448586677 189
24 97 4096 992196597 851441
9 66 -653201025 -10854 -127351012
83 97 1 999931742 7464860
97 58 141037077 228682812 447721128
30 44 4069164 4069185 230
82 33 -997558195 262 -768350020
97 78 -984215202 1151 -8064365
66 14 1076290 867158124 10999388
10 66 -550800335 -14583795 -448247091
14 97 -31272374 -1299 -1721762
88 88 1101386 868771272 3
80 98 -175310373 -2 -3976947
25 26 -479000156 -19410 -530126096
15 46 -227913 829735108 2324977
17 62 -111348551 995039888 -91772842
97 97 -1807700 226402937 133773
26 78 -688047385 2676 59239
97 74 -961795098 765740 -285450
8 50 -996414400 -4102 -116453361
83 84 -998802730 -215233748 -393956604
97 57 -127296790 233394505 218087623
74 67 -300677031 24948463 -307184
78 78 -63057789 0 -196
78 73 -723668195 -57 -38962
13 87 -557361250 -3165 -143957176
93 66 -94048107 -561977 -6205728
66 53 -713 958813752 291718
11 46 -827294329 114 -40351733
78 90 -54 310109419 5612482
65 78 -1 715645409 -594124535
78 84 -39802 999840372 30141395
87 83 81995 464124885 91630350
66 97 -228683097 73 654474
50 15 -401108652 -6396026 -261314
37 76 505 220255660 3529709
46 97 -27401640 -3 548905
5 37 -742943551 -34821 30971
50 33 -666254993 -71556158 23417796
78 29 -14522780 0 18408742
96 87 -586494332 3287 -5400094
78 78 -90933458 4748 -188
97 50 -999997673 332297899 -3889659
8 24 24826002 885102231 -403102
53 41 -984313447 3 -194610
88 58 -991884628 -173239968 -3045492
29 66 -934795433 956127939 -18468530
78 10 14504073 565311006 467723781
84 61 -999971135 226689 -30198430
6 5 -999999949 0 -1567346
88 78 -833252934 301 -24452210
94 8 -950982864 47599083 -213303
38 50 -745551431 8672641 168738
42 99 -115669348 4847 255073140
39 8 -1311 970374863 -444230690
66 50 -109076476 -8 -109168
57 66 -935025517 -135146 -33320992
97 97 185 498450486 14734075
15 2 -999999994 33075071 -20053
80 90 -667502804 -821721 -1043633
66 80 72051605 997775134 85659022
55 67 -5467272 13263907 63944
90 78 2491879 554665110 -5495429
33 68 -15649318 666584163 -23650786
50 87 -277969773 127 -255099
97 74 -270083 182470277 -285287
23 78 -279687149 -68555 59293
53 5 -985039051 -506705 -195200
3 74 -981749497 147672442 -58854016
78 78 -7042284 453015026 224349
93 51 -165999044 1268 -6123858
46 29 15762376 685762615 18353397
78 2 -576250800 -150 -207959
90 78 -400140936 -350469425 -5609643
90 79 -11982831 2319 -2291829
98 15 -831435837 19526 -488436
78 67 -47294975 -748191 11752
66 97 -182688983 88 658763
8 97 -228682628 -310 -419613031
69 78 57483 998165467 9053533
78 9 -999999255 375701115 -477922
88 66 7583784 752273528 7541848
45 97 -498431084 -91 589362
53 29 -13646389 -577 18272952
97 42 66256880 501612764 -652506
77 3 -476886373 475255883 234342
20 78 -131752616 -55527302 51313
17 20 -17993 256869 -91764924
67 78 -999999997 75835429 -12077
32 85 -789024 583487642 -3809183
87 82 -999999987 -1394 790897055
90 46 -920709512 1 -5554265
63 18 -170197433 -704 337477600
78 66 1891 350638852 -54480
78 97 -31362233 -11534850 574593
93 75 374 928013133 -5929971
46 50 -998658102 78693413 -296102
78 47 -453014996 0 -39941128
61 66 -969880717 -95595286 3007
97 98 -8 221685185 -611107
22 23 241 998842305 28854610
87 78 -216408587 2552387 16119
57 54 -997006756 -27 1718784
97 78 -664177465 856 -725013
78 46 51 760220672 910991524
78 4 -378116647 26611930 1245295
37 78 4251568 453033740 28518
78 31 -995624573 -2 2956649
66 66 -357119324 -589 -37325
78 90 85 717353399 7482367
78 29 5 837361517 23639393
66 37 -452778029 21324 -221550143
78 54 -784104439 -79448 1654495
42 80 13058 808810397 4012312
85 24 -728029612 -10907 -10587
74 16 -42593552 551 -34890158
86 34 -123425155 344532990 14860704
84 83 136 999973281 3622862
80 37 -113080286 352156166 -3952883
69 52 -697553935 -359200845 29562306
15 22 1566 987178428 2113027
74 0 -916399761 30868184 236654754
66 78 69561906 999996067 94371
17 0 -28665 953208056 145260887
29 53 -42194 985297804 -16220126
31 2 -201 822487517 -3016474
23 82 -851958212 606 791254398
27 29 7300443 7304880 18467111
78 76 -965999536 1122 3412347
79 91 34362 42926 -3504476
29 97 -895637594 10 -145938210
83 90 5484 999998574 5668935
23 78 -224875007 412518 58386
6 76 -413 43578 1920638
48 74 -997659234 -3615 199775
84 50 -319655 276324724 -29364012
46 15 -16 450736407 -106542
8 89 -3974 999999987 677748576
57 23 -1817 -558 -293
46 46 -920865192 0 -896968
2 78 275 999423003 1936634
83 69 122916078 992857020 29397
46 78 2324650 376549123 -55358
5 8 -62076202 981939592 207825986
96 71 -96310 397797606 -5045100
97 66 -176 569399802 -658768
78 78 -91910610 21818387 -11
29 37 -759806182 16 -18437095
24 86 2212588 6110485 -1233
46 19 -999999984 -3 -118063
65 2 -999777875 10314825 -609524585
98 85 265565709 781413898 -12999
81 78 -196877507 996425963 -449
2 33 -479363327 -1096 23572762
95 37 359 863573911 13828465
65 78 50393 724591461 -594669997
29 23 218837 218884 -18468038
50 95 -4295631 999893331 1551748
57 78 -962316658 -1 54033
97 97 -967634992 -5879 -7378
56 97 29 999967941 -23992334
61 78 -62981078 -35 -48059802
97 97 -228683190 31177 -541
78 21 4019 475139233 -59048
54 86 -464083432 -4108257 -1728699
87 97 -1201439 474051782 650132
66 29 -746 913781831 18479735
12 67 -965427462 -310143605 -740787967
47 88 -9 999993365 45692862
5 94 -712437637 -8334724 206404
73 35 -124820725 827274704 186525
42 66 -712223961 2218 -4476
66 2 -1031 997186884 448187186
28 87 -3304 40458585 -3579805
97 78 -285069709 13538631 -4631247
78 82 -99 737623287 791251017
76 2 -101988349 7956 -3471173
75 88 -744657875 5950730 2628758
88 97 7752357 707697251 -2158972
97 79 -994141769 10197 2840843
78 46 -448759927 -143308411 -187025290
75 80 -882104913 -165798 2549527
66 89 -1088 887024285 202552
78 97 -31357849 -1516 -171139838
97 66 -2323 221685581 39207391
34 78 547173 380973196 -14234253
67 37 767959 7605155 245373006
98 64 218841887 232848768 769032
78 97 -182440489 2938 387772
53 78 -32223757 838837584 -135700
33 78 -682862811 1316836 -23629587
44 79 -848420 -13591 3504244
97 78 -999999869 -4539 -33632850
67 78 107972434 869522417 478591
37 93 90 999923777 105442971
55 89 -37104591 -36999811 196683
78 53 2 974385229 1251828
88 58 1 906963964 19929885
78 37 -967963781 704 -3038704
74 61 -937712796 -4 -472326
50 75 189702 128558566 -75131
46 99 -3693 685758992 254967710
80 6 -135725674 -151 -2453313
76 87 -999999968 -901247118 -3511441
28 3 -5855551 -221 -3359608
11 29 -122746729 38379482 -21998370
97 81 -57580237 87645788 -74089
94 13 9 165659053 -633878
50 46 -277610639 19680 -27628302
37 74 -606589353 -18715840 -3698701
67 37 4853464 4854106 -40084
47 78 -512982538 2154248 -854127174
43 93 -978344106 -8415 6123819
97 39 3 24804262 455747843
78 80 29306506 717331714 5279553
46 97 -912588964 5 548880
50 86 -999562201 71726 -1237538
90 39 -3 990631600 438986007
74 93 -187134016 58217581 -189324698
78 15 -239885 795995994 -51594
96 15 -28732 71 -5044948
14 8 -889835174 -361598 422159
69 2 129021494 997193073 8475773
78 33 -431397484 -93490 23629310
1 91 -489 52603080 -7978876
66 29 0 999964559 18463298
37 66 -6726595 -19 -1255860
78 78 -838402046 8136627 -58248
29 28 5 13650391 -14634017
37 78 -225592516 -406305 27821
97 78 -1415478 190024555 -604123
80 76 -494895383 112314336 -553407
66 79 -11964280 6250 -31436904
29 97 73 14519624 -17804176
66 78 -231641106 -5 54482
78 97 -180946905 271331 423423
34 78 -78243737 374759515 -14801423
57 79 -35312415 998390733 3504470
29 0 70569 15085674 218568678
46 33 -28758939 317706196 23611655
32 85 -713 -620 -3809193
70 74 20 246638667 -5334197
10 80 -548538182 -6897201 -399653858
78 78 -25218507 380018738 0
80 37 -617443038 966 -14766860
33 53 166 569643675 -23447501
75 33 -729301578 491 3000127
59 9 -27864491 433960254 -19307
94 33 -926079842 -33944380 22715620
97 78 -998235045 28435 -604303
29 97 -509524498 -2146 -19447743
36 54 -9406 204410 -36766918
62 0 -997724035 -946455 237032942
17 37 -948623592 -1 -91741949
6 78 -997024972 16889 -143642208
78 66 -784022855 165135102 -54647
93 66 4636225 361384724 38723395
88 44 -1693547 199544 -2822406
78 80 -129756635 617440261 3939272
96 78 -784597539 -246 -19725029
60 30 -862171853 2 -121
9 7 -653538855 -26 9091134
29 78 76 14451435 -884238
29 78 -45295 11151242 -18408742
67 45 -13482 -12580 -69856
83 50 -477263088 -3942 268940
88 78 -811573863 -819 -2763401
97 78 12693 93081910 95247020
29 29 -492945704 -3 -2690
78 76 -999970930 76604 -5694394
97 83 306963329 780510220 -502257
34 37 -576057923 -9438 -14829784
97 70 -326 912693791 11115834
27 34 -999999991 1488887 -492079758
78 70 -48 743920520 11723429
93 97 -166000704 -1630867 -5460277
69 74 -908760846 0 376025
90 50 -509938579 -101147 -19839702
78 97 -31356184 -9 604263
83 5 -1956374 75262 -13
57 79 -999662406 -37547452 3504174
92 87 -450331077 3746717 6552
80 83 -1600 477554801 -3993722
97 80 -86 166645004 3345858
19 2 17835 5227352 -334
33 97 0 713912403 -13936777
14 34 -780246487 3511 13946443
78 97 -912572668 18 600275
96 88 -229667563 -229667053 -2230014
52 97 -7389048 686299677 -28763209
53 98 -20239 999661781 -177767
10 23 -9815670 928865912 -403568443
27 60 -999999999 -20 -973
67 93 -687101304 4576 -233530
7 85 826 734434914 812438627
78 66 -167612799 375370167 473113
41 34 -928231343 0 -249420952
78 8 -21324 999999999 363138
37 80 89888155 267753042 70412523
78 95 -388122 747591336 7804725
70 77 -833323926 -205693647 -463474864
84 78 -968167680 59452022 -30135983
78 78 -949160127 35551595 -1059244
66 85 -1303 684427413 338367285
80 69 -241112188 -25046471 -4454130
46 56 -382736133 58836615 97559742
34 50 -922337231 3527912 -14736678
28 97 11 924667844 761250576
29 80 162 999805214 -14473779
34 34 -649676293 13099389 -7563596
29 52 62550 493795765 11094330
70 46 -920544248 37 -11697353
46 41 -2 711847870 120115
62 78 -2891286 961494645 653473
29 9 961421 558718818 702101566
22 74 237477 916092396 -1742433
78 8 13486798 983881016 367965
97 15 2 509537904 234460000
47 98 -515860451 1146 -837716
72 10 76785205 76819765 401751012
10 42 -12894895 47972517 -403639035
88 66 -391 357120453 -2816756
34 37 -575881208 -60630111 -14829970
79 62 4 11989035 -3504343
29 63 -972041484 -332 -67816783
37 78 -3918119 -564593 28318
66 97 -109056666 -48 658737
56 18 -950256098 -63588 238075882
28 46 -374 924667629 -951012
29 97 -19289797 15015251 -17610500
79 89 -968516111 305773 -510898977
78 97 62795944 500541163 7572349
52 22 -999974045 5 -31361170
78 15 3281 997070391 38276732
78 66 65 225293106 -54171
78 83 -999999999 -742 -8799996
78 56 -999998831 -23919 99342425
83 35 -2854 3026122 202764
37 15 -320321812 2 -23295
97 30 -473104534 7279912 1482293
97 97 -725974 997935281 11627418
22 15 -178532697 1349 -3455407
66 85 10230 734434083 17577047
8 66 -818190261 -4 -454321
75 26 -929281199 -216557716 -195358
78 97 16440162 616696011 2920600
37 78 -15514 209048425 28696
83 78 -353220472 135266792 -873680983
82 97 -195865900 -3818 -833893043
66 78 -357120764 103 -2725374
78 78 -470086322 9 -15778
22 39 -668307 1529207 442532498
78 97 -208411050 405663 -5858875
78 88 -5 999999905 2763333
80 29 -12926 999999535 14473931
78 78 -986437826 241402866 -351
37 6 -2068251 -174593 1513535
50 16 -401484856 -374485099 -221324
14 1 -8804508 173388 7978873
22 19 110912 999999676 1705952
53 75 -55567 813542903 -738
0 78 -481529 962957065 -42375687
61 8 -13498 999999965 544462
26 76 -76 999738281 8193952
2 87 -980332266 5171 13626
2 3 -3893562 -2748429 233829
53 38 -346401186 998858368 859639
14 58 3 999999779 2579
46 29 -286 920865958 19088241
78 97 -103166566 755222 -10283533
78 69 -722655293 -1685019 -162485
82 42 -187139247 897908526 -791254955
5 76 0 1 3471680
52 78 -17 697545391 -29503060
46 78 -63044947 -375 -770388
78 14 106765194 747911557 -59271
37 46 -4 999738518 83717
94 78 -961322878 -2529 -269257415
8 74 -4 915853765 -32145
60 60 103 999996176 15583
55 36 -473070873 -251468 37167772
18 54 15420473 16125497 -335748949
29 38 -1000000000 100174952 -18468016
90 98 -198168478 -2400 -39269640
78 80 5169 197287422 3935102
55 78 0 723915129 54088
34 8 -132447 793962644 110133047
74 38 -297955428 6090009 -654145
37 74 -5474650 23196 289294
66 11 14795 999999191 41240804
76 37 -999735154 -21 -12988075
78 8 -1507 999999972 399432
65 78 312 989702780 -594671685
66 46 -841117 999963860 272485
50 54 -258635 991841425 1459823
97 66 314 226288313 13842441
29 74 35772149 496675092 -9045774
22 78 -4 1000000000 -1013892
97 14 -999998189 -225927 -672236
15 29 18277 806067068 18465195
97 50 -999999990 -1 -17325487
66 46 -542980210 -14588 -746325724
78 61 -16563 944451161 -57907
78 46 -676414 999180389 21089213
66 50 -356717978 -312196 253700
74 88 -772132437 -6119516 -16063353
29 97 -497862964 -205092 -54501814
8 99 -667367704 -375985870 254660249
69 34 -999992168 184190 14570947
78 97 -31349064 1553 -1721583
70 66 -19 358058126 1281344
6 80 -999999931 -6 2442883
97 84 -783909970 234259 26559615
66 31 -357704071 -2659 3012146
70 65 -716061 1381 582952202
5 3 -197966178 -180862880 234342
78 78 -944358120 -3010946 -397
45 61 -685308793 -314 61
97 98 -516352319 0 -45685510
28 50 -999353862 75335938 -40852495
74 97 -130303070 -151966 283714
76 62 -4872495 186 -3471680
42 37 -999962623 1537 21885
74 78 -610695243 -42003 -318869
46 90 5 387952357 5557000
10 37 -913363836 -151 -441844882
75 90 -879386293 46120557 -72408565
97 78 797 185590355 -541029
78 14 -5 670117916 3996750
37 87 0 999999999 -16825
50 77 -14430 801309 -269012
75 78 319681785 917629242 73527985
50 66 1697781 558114113 -264187
80 70 -809604225 32897 -110052752
78 78 -343475737 -650 0
6 78 201 999749659 -1491581
87 4 -34002 586371478 1293787
78 38 -84915110 494168813 -62070416
66 2 -231700951 -5 -4553
10 26 -89701 999999972 -403196547
78 15 -571385031 -27 -127194
2 97 -569364407 30483 -221343200
87 39 -993682230 146047 444636169
56 64 -127960383 23492 -98615383
84 86 -4731 326124526 -30195046
66 91 105059 581493833 637208
97 78 -999998354 75 -612869
66 58 226859 3702288 -4781
15 19 -1000000000 -173437 -6995
74 78 -703800269 -31406744 -54159347
95 61 -999999834 48 -1819469
98 49 -429 131881799 13234386
75 87 71083 611987020 648805
15 15 -824595176 168476 -644662
97 9 -999997213 -30408310 -663619
50 78 0 777941664 -208630
76 75 122070150 926329941 236545788
46 78 -726315150 -56351897 -54116713
78 80 0 717353326 6294800
4 78 -57 989197680 90895517
5 39 -3501773 366483725 444653145
37 48 540205 546849 130141
41 8 -905615375 -8 46798
98 37 -207187580 -1395 -4932629
62 41 -999755909 -12 -5255672
97 70 14084 509534128 11825710
8 95 -48226 22217 1398282
74 64 44 774512516 271275550
97 66 4106 901465684 -658773
97 90 -999999944 137436361 5004423
50 66 -789399938 -17043 -269062
78 23 -972977127 356 -3855930
77 33 -2365531 -2365425 23688816
97 90 -1000000000 -8465 4796936
68 32 -465708805 -79732309 3789735
76 33 -102423785 -435075 20216868
78 78 -742670781 1028934 -17
78 29 -13640387 1417733 18408722
65 0 775553 224146626 -357698467
97 78 -183808344 693 -38748643
96 53 -397341261 15434219 -4857561
78 66 -993333978 172464592 -54549
53 90 -900163860 21402915 5473408
29 38 1 474512617 -18467991
78 78 -380406168 3 -1776
97 78 -86659 31271194 -603727
46 23 7676 712042345 -114676
29 69 -943811638 -458653685 -18629141
31 40 -112 5849089 142606099
49 5 -17073 110009 -6242414
17 62 -647557914 -82704274 -122930340
46 69 -870256242 0 -114720
0 97 16999474 987792707 -234068145
65 13 -967862174 765510916 -638292552
83 64 63403999 781011208 787090
52 38 -963230635 557 -29563068
8 37 284 876693534 -390106
78 29 14056 610791082 18410827
29 78 -62355957 -4974 -18408743
90 97 -184 999999885 -5004143
11 9 185182 301190 -40466419
76 90 -11548468 508962696 3092398
66 24 -733 999975187 -3408
78 97 209552 796248510 3750138
7 96 -94253703 970224 -4130227
74 37 -8101364 219992399 142929268
50 50 -700620659 -8555 -176
78 29 -20359362 -190195 18408735
87 97 13185475 469997786 3451694
97 90 -999180357 12478172 -29297369
13 78 -999998982 375598 -157309
66 85 -57451112 1706228 -4739
45 12 -135 980983583 550408037
52 55 -874867457 87615 -29555263
42 78 -662019195 -437538596 -8520218
15 97 -874739 830682944 665479
37 67 -227875624 82 40084
78 29 -2 847151498 18411206
12 54 -18630185 -18621655 -548680565
27 37 1822768 5077402 435695
11 37 -999999991 -4 -40435444
50 97 339895 58946419 400324
97 80 -36967 241076278 3832382
97 40 51316 164992944 146315778
29 97 -192205905 -11 -18126014
87 39 578888 999999967 472677727
37 73 -387090164 -343452 -26179881
66 61 17286771 889626990 -3347
94 87 -8287298 -8285973 -621423
37 85 1557 61053278 59375717
31 3 438855 447184 -2782659
78 54 -205910 733550191 1675229
47 61 -999986913 13 -1291435
90 66 -372729 356750763 -5664085
37 58 -954351883 1076 -33045
66 78 -519996348 21 41176
37 61 -213806773 -1292481 -2167699
50 75 133208 998268870 194283
52 77 -999401238 -469 -29578178
0 62 -567335308 7697 -237038032
81 90 -800513347 -20761070 -16689395
78 78 336385701 949159208 129408598
70 97 -912652310 41606 -11130077
39 66 -848672761 -450 -444648321
57 83 -1 293892692 6699
78 8 -10745114 970394971 2156606
57 60 -958442384 76 -43473500
78 29 -13641425 -4 18408157
74 8 -930974852 -794290748 -322652
78 61 -89865853 -5288887 -165239
61 78 -1526349 999999956 119531
90 76 -402098316 -5495191 -2197810
60 78 0 989793416 59513
46 80 8 188620906 3879711
98 78 8263231 206452206 42054
33 93 -1 994623130 -17564701
83 7 -185001626 960642133 9182869
66 5 -720519639 -20523 -90219992
38 7 0 999809370 26673291
37 29 -1149512 999741315 18442517
97 53 -667568210 1 -619420
82 18 -35612466 -35464710 -453832702
25 49 -865 800877498 -523883714
66 10 -357078113 341044542 403641615
21 78 1827860 92753848 59177
66 37 -347235505 16 16765
22 11 -999798979 -821353582 38345142
97 66 -999832350 -3611 -155296502
30 75 -1870 712102795 212813
5 75 -2737 986021687 13253642
37 62 -320323319 -3 -14063797
78 87 -586497349 15584994 -33362311
93 29 -5 999999956 19694811
87 8 2481 991703595 408987
53 78 -599738794 -5249010 -135788
4 72 -721089894 -3448 563292
29 13 5333 15628965 -18452518
78 66 -999988517 -6742151 -54498
74 78 97826 784111829 -318769
63 5 -23537 40528 0
78 78 -664227964 5512 -54523
92 29 -46933107 999873965 24594389
15 66 -4628639 205397721 -2867
85 98 -924 999999997 17172
80 78 -3939363 1000000000 -3934830
44 69 -1936 6138893 -221
29 75 21527 13427362 -18273491
4 82 -128268875 -126082085 790004977
29 89 8037123 20752044 307780995
78 75 -154625 669860434 137470
20 98 -131951593 -9 -486873155
78 94 -374787806 -21036 576262
15 58 -884283640 -87152121 -7673
78 66 -999999993 -186 -54629
37 29 -2176 999999806 19758074
16 50 -40 775410566 242833
78 63 -20 727745148 -59276
66 33 -108613755 0 23681095
43 72 -920940534 -15477590 -5357811
16 37 584608398 600914420 629608886
46 80 26052 158095136 3879594
0 29 -77 544153501 -22964880
80 83 -1126761 292765930 -3994233
78 8 2867 227313259 363239
37 69 -2893 999814895 -30962
37 29 -319262462 1199818 15393685
50 5 -276521390 0 -107956010
31 66 -999999426 -143 -3149428
78 80 -71 747193744 3934966
87 97 11750 999999817 650550
78 76 -991435074 -161 3360364
78 53 -451097687 60116 135775
80 90 -2838 400138186 1740177
0 78 1 968814031 -235160082
50 98 -120741119 88271846 -562634227
98 28 -924669450 66042413 3496794
78 67 -147267378 999999721 937797807
78 52 1 899268056 32430405
50 97 -200774249 -217 390296
4 39 -390559006 17299783 441903094
96 8 -784525833 3282 -5565446
22 50 -178537468 -7 -1892911
78 9 -373578201 101 -727770629
6 10 -487445499 -11 378456969
33 50 -999999898 149589262 -23419805
80 86 -829436398 -542113538 -114562578
55 29 -83 999918906 18460933
66 42 -358065487 11963 -4852500
78 50 -991351470 1 209666
78 50 -3517 639134534 210118
76 46 -209012070 -534 -285287958
73 44 -231025578 -59251394 -22369
50 73 -62586 999999951 -201197
87 4 38562 557460231 1291207
15 18 -947598966 2127689 337469811
85 38 -734405551 18426 -15824405
78 36 -980561848 15 38436280
7 78 -259605851 107 -9130243
98 76 -214 195219854 3454543
53 61 6468 959063789 -193559
81 63 -2997 4027 -66056
55 97 -178632864 3734470 -173024124
76 46 -19 999999990 357316449
66 4 124033321 856850007 1300604
66 15 -358081105 -1385246 -324
78 4 2 720564031 1884156
54 29 -487571288 313605512 16722685
76 76 -208997466 63470 -2927477
74 34 -66378290 508842739 14516590
0 44 -913263914 -140 -237032848
46 57 -1000000000 -41584 -114818
79 50 29 391187165 -3235300
68 8 -1126616 580 402836
74 56 -950111919 8601814 -184603971
90 42 -568786339 -69 -65992365
78 79 -8477851 -16022 2770879
37 76 -10062684 3 3423193
97 2 55502 209325578 -603310
79 61 -13580 111150048 -3503198
66 74 19 277289388 34928118
90 97 -3 999900509 -5004512
96 97 -326546902 -3796 -4390099
29 37 -999844689 -7055104 -18437128
66 83 0 357296276 -4800
3 79 -365082 371028 3270135
48 53 2 631860010 1507948
0 97 -2 972892165 -236368447
78 61 771 963165294 -58025
2 94 -858419669 692146 -2122932
37 8 -10293953 83686568 266916
23 66 7 357180391 284324883
84 97 -3 617820961 33213395
50 34 -258432687 538048294 6183319
70 97 4297 768288017 -11115714
8 97 -1389 991659914 241845
56 78 -664177413 67 -99343266
53 78 -631813020 122324 -39197412
3 29 61 667518188 18233731
67 66 59 357113124 85251
74 58 58327449 999999892 -378099
29 28 -4 529700217 -14873337
26 26 -987394639 37392 -1084
80 69 97187145 280643948 -9131790
97 78 -747909992 -16 -3530580
37 78 33913 999763349 11618658
67 78 -674090651 6075 -232378877
12 41 -111411 69083 -550408751
77 78 -997630937 -9015397 35920
42 87 31594052 989518570 307327
74 64 118399055 122651393 -140877
75 98 -515862126 -6 -176664
93 18 -780352175 999998477 331898386
50 50 1575040 929236141 32254
97 66 -995209873 -4965707 -658793
25 78 -999808929 -12810 -677532301
97 90 -999994752 -6230 4914435
94 66 -3 358054421 -630724
29 29 -5518 474512872 141422
37 90 -974194850 456774125 -144561655
66 66 -419 356405837 24415698
78 8 -876683454 13146 -14265798
46 41 91256555 918550788 -113421
0 78 25106201 873730856 106219411
80 97 123783 998199466 162349152
74 79 -52840658 158 3123580
86 78 -2884044 469142370 59844
5 63 -11105879 999994054 698377495
70 80 -10233592 477265087 -7751562
67 37 -948661624 38 -46303
15 60 -21854370 26965311 -7696
98 79 -61740490 -8948923 3487154
50 88 50 687433173 2582124
62 94 -818851682 96 -45852476
46 74 -7 685758888 263890
87 58 -611408180 -58 -16307
78 53 -295 631839578 106302680
31 78 3 781557702 -2957044
97 88 -916135216 -10 -44632266
0 66 -121358638 235830762 -225364756
18 74 -583 129951515 -336407601
29 78 -3 9071824 -18408742
91 70 6166732 6243734 11779320
66 76 -11710924 200077 3466856
78 67 -979299967 -5339712 11606
37 66 -59173 452718919 385346
2 23 -718811481 9 -10091588
78 67 -401587726 6494 11637
71 67 -39469 999999332 63559
66 50 -893937 276966989 264191
67 91 -976692 9026890 -71059
30 94 14 522852100 636523
87 12 -334969445 -125 548955095
49 78 -670116059 123 -6183113
86 78 -999999998 25054 -940160489
89 55 489485905 962749883 506527047
37 54 0 632932155 3850105
3 97 -513271141 598486 415812
78 97 -208834652 -30101787 604271
37 90 -1003 563849137 5637967
52 97 17889 338281477 -28759679
80 87 -494888249 20 -4138011
37 46 -995636681 112112 -927344
50 15 -999969741 -228208860 -261307
76 33 -892133447 -2896 20216859
37 97 -2 999999987 632688
97 27 -967991652 29 -677262
13 93 -3865778 82731319 6122170
87 97 -396961683 991630130 649645
78 78 -7335551 715644054 2323
80 37 -3624104 6670758 -627337
45 9 -999952560 383720 -4665
57 66 -998843559 77673068 -4853659
78 97 -8 999999992 647555
0 74 9670378 11409333 -236654771
90 74 -989472333 -313 -5450701
78 78 -641146492 61 -7475054
26 3 -643298024 -631537 203449
74 29 -1088315 993895039 18091686
97 78 91202 195870454 -457548
37 79 -984323201 -981875034 -18126651
74 39 -922336476 -124558 444247696
46 44 553782 281373048 -114456
78 50 -999564985 -13185 -7221413
78 69 -962093836 11151399 -638586
78 80 -375805039 7670850 3934804
66 97 2240 978367554 658856
78 78 -722137709 26252744 -153
78 97 -566839909 40419 -542175480
51 78 -62976077 -36388166 -131534
97 46 -920852799 1 -1563484
15 66 -999991499 -718009 -19571849
78 73 567 682944943 575975098
78 75 -25073 26559322 31399474
