100 1000
-10713673
-332504110
-27994081
-31472640
10219789
-204504167
4749629
-118743012
-617074393
18080045
-335436194
-375815748
-60506686
-575568913
-11510494
-79227421
-733348037
25656715
-427695418
165561678
131588547
-190429607
-1041004
127517375
-329007125
-916828152
-16025101
-451653658
-661997192
-295389012
943343388
-904054188
18517164
71816042
604831357
251327984
3890749
63532116
871994166
-430751155
-272466640
711505591
-56832670
308882017
24065730
-565553252
728187215
641547466
108685821
86413087
8640943
132303764
-111134274
-114906446
-40193528
52567485
418610648
-85378967
-1821818
-841477
82236285
224645275
124531313
811006724
350002979
956529102
-4870434
133944014
-467603081
228206993
-25513791
-919619729
-226301138
-167924053
-782407986
924981838
120005943
-776787863
-1837875
484946625
-628063
64137551
-940827401
22255686
161687803
-906918261
688452172
75801440
446277690
-267033719
274132620
-114945170
-8049398
582391208
757047891
-204803
-384963747
-263158205
847265037
753492270
42 55 -13593 999940071 -8776984
2 14 16 996144797 -52018661
46 80 -24 79477209 -10583
46 61 -688160149 -7772 2055352
71 43 -715105747 1032 -22219
51 56 -49136 999893194 -925650671
84 91 542762 885595549 -21404984
98 96 -908431816 477581928 2219
51 82 2409379 947664004 -925611425
94 33 -11609 212444556 74942
13 79 188569541 188585350 -2340
77 90 10270438 991567177 472406228
49 20 9255764 922984110 289687444
2 56 -77504933 68894 -52018635
69 46 -15 771608546 10422
60 98 -15268566 999999813 63160
47 69 343441 379393299 1587
46 43 4674063 113516046 62620007
97 67 -1530843 999999870 462
19 9 -18085652 -18064980 3214
61 61 -482629902 683027233 347558
46 12 -994885056 22532 -10038
40 46 -79631271 317427 -16680
93 46 -685103102 -26 -3004
69 23 -809597383 -184578230 33728643
91 84 -798155901 -291944 21404851
77 16 -230475998 731978 5745274
84 56 -42913213 27221 -21406414
90 2 61243 41652647 52018576
82 67 1345 999991811 -39272
24 91 -25369 3103 -7602
30 10 593158579 652470139 -116620
34 61 1989423 561912514 2089707
47 48 2038239 360490670 111623
21 62 -148693956 964633381 117770310
70 5 4933719 4995135 -1294
2 48 -559298743 -16392164 -52018727
54 46 -993915650 151 -57784
46 94 220 129446144 156947923
46 46 88975933 95792031 9
66 49 -4846970 999551954 -136
61 3 -10 681693688 8695878
63 78 -915248008 11720 -2029434
11 61 -788879649 -144505923 1701801
84 84 -612786051 -2001188 -50
5 61 -379952812 152111353 2066048
74 65 -216138448 893368813 62468938
5 46 -936964138 5238 10552
63 20 -552825600 0 -69723
46 46 -48975 146923374 913631
97 45 -999997058 -5461 -278923
19 69 -131398137 999999994 452
45 39 -835438729 225631 156588
73 46 -395 999895282 -400609
55 2 -999935342 463 52018528
31 61 -141755 999999992 -62415703
53 46 -276723122 -9 -22407512
46 14 -146526640 -1 -10679
46 56 2197 377496243 220700
7 61 -532063930 -186295 -245457381
93 31 -411992921 -4250535 47982681
23 12 -4535690 999994014 -32549302
16 2 -7 33594611 112044273
82 46 -945254764 -882485557 -1613631
61 55 3804047 999999998 -2064336
19 61 624496 999998842 3842721
91 73 503772965 503779691 410526
49 56 -554182235 141453 -18116
84 46 3919 999999171 -19166346
18 20 -1183 71 101945
30 61 -145473464 -7931090 1525913
58 93 -593958931 21012 12756
75 43 -686517586 52 -526609
61 46 -27 500682333 4079139
79 46 -999999881 -877053 -190686
61 11 -999993037 415169 -26031223
30 30 -304011481 50 -12
44 90 17809167 17809365 -6899496
46 2 -9295 284891382 149765285
36 46 0 358512749 -18
98 61 1192060 547058243 2065951
43 21 -24 824 0
56 22 -1926 36119358 -85
61 46 -2606021 342025580 -2055518
46 46 36590 95773002 23509
18 5 -999965877 47937310 -68
95 66 -16781 192041 -1497
77 73 -228121734 1 -158555840
75 46 -286929067 10577 -515990
55 91 5683082 505160646 1290
11 69 128 786849842 1888580
46 61 6467 613594950 2055610
30 90 -766062677 22899 -116647
30 6 -298 9116466 36557385
35 9 -37480 405806 -22662
51 20 -614407300 -2022 -959514621
59 70 -6793870 -6792241 -17945026
2 43 -33205269 999280334 -51380832
1 20 -207950086 761415986 99449
7 33 -10093982 781885 -1047869
98 87 -786771263 145258 117000460
47 85 -121253 92103961 31971707
61 46 -113515684 5 -666942011
61 39 -515821 91467744 -1832737
46 84 -999999909 2213203 21307736
55 46 5162095 906468312 8336365
84 20 -584917386 12 -21306188
76 46 -96 295693110 10612
30 28 -999999997 -66647609 88309869
46 64 -559008227 -3446288 713941759
36 16 -707308159 99455 5908482
82 56 9 999916897 -10796
61 31 -999999959 481 62415728
30 42 29070825 58180412 8662799
46 17 -58 999990822 203264262
34 96 -969385105 -443282 -697935
90 84 50898910 757071594 21407730
83 41 -1320598 -1320441 78
4 38 -80354377 16064809 51882
44 2 152 36922163 45162745
74 28 46139219 46144660 86015672
69 46 -106031083 1764 9666
45 17 -355065044 247198 203196508
75 56 -41512909 -57 -526554
88 81 -921792569 14069189 -910015219
23 46 -275232404 -3741 -33850443
59 2 1307321 543164660 536890437
20 96 -998925918 9019 -99368
84 79 -996389429 -444454207 -26537724
30 61 -778666136 -3308603 1949404
67 51 -565012218 135352558 925649612
14 30 -303868581 461331 -90700485
30 61 247620135 323693851 81481574
11 48 -970779429 -52823105 -13696156
87 30 -1000000000 60772022 -116902387
55 97 3376 895133325 10281
90 90 -982143959 1 -4
61 9 -3504 135234957 -2062359
2 56 232170 999849938 -52018623
30 90 1538 184440519 -112831
46 34 9192 108953963 79393318
51 45 -997583294 -7466 -944285356
0 74 -972914603 -822 -956736130
69 30 -999999977 2146991 -273259365
55 61 30730815 999999494 37995980
55 34 -258821930 -30 371
90 2 -987759093 -12603 52008370
46 75 -909016315 39441 -1300273
20 89 -998135238 4542 -127161819
79 42 -967113553 -1360714 -258106469
89 98 5382819 968970625 509334
46 61 -135636915 45053 2054679
46 84 1 523702052 21395202
8 84 -382772367 140611 -32708797
86 84 -999998983 1 21359720
84 46 -535842794 -3 -21400056
87 51 13741 939032518 949380157
52 51 -133571867 27487331 915071308
48 61 -138301219 -1771896 -851028815
94 3 -999990725 142489 -2764895
0 46 -286471277 -23829 -959247957
78 14 -981492909 11967888 -560659
90 61 -985516214 -306 2062804
19 69 -77748320 322595154 35
95 61 -10680810 -204165 1186429
97 46 -985584331 322 4956
43 63 4737560 6094829 10062
43 27 445481944 451594955 1827
46 37 -996131401 -59690210 -332874888
46 87 29482835 109105066 213294571
56 17 -976553035 32642888 203272995
92 23 -5185174 -5130028 33854691
2 7 -36604979 -1006547 -50895738
47 90 -999999962 -539705 32
30 2 -999997892 753 38477551
11 46 -65450 838666254 9956
55 61 6747806 574399037 567120764
56 84 -997879727 -346801 21401187
46 37 757396 146405715 166450
30 58 -927607556 1578903 -266753
18 39 -29882829 921785 233103
11 28 -549847722 18 88498763
93 61 -146566881 -9 2052526
61 46 170299993 826304464 -2055476
2 61 -205 999999855 -49951625
61 97 -66877818 646645286 -294844
12 82 -37018851 21711822 51203632
61 39 -999999998 3 -1832937
61 89 563541 999618068 1259464
89 89 -69857 858257594 2
53 30 -984228541 -275 116706
46 61 -1667120 633217670 44242161
46 91 4 277500185 2088697
61 34 -8547737 837401965 -2064881
61 84 -1259 712008707 20787091
80 46 -999915204 -551618 -370137
84 19 -771758662 0 -21772211
97 21 -281623 3 -30
38 30 -21184789 106821037 156709549
89 18 219 31398385 -43844
39 91 3370829 4118560 -232473
46 93 2 148951375 81861
68 11 824640 515964767 -7183955
55 86 -282866279 -16 -3961899
96 59 -954 24605180 18145003
7 1 -45227837 248814136 -1120371
47 5 -999984303 -463477 -74
64 3 -40 473915972 -712329590
16 74 97344 198806191 -3304308
38 31 -999985966 -1381 49918998
46 5 17335 937137152 2738544
49 84 -999973741 72480 21405714
51 93 -531451217 -1687 -925644684
25 30 -958438333 760076232 114190
46 41 -255073599 -4 -180060
34 90 26893 180981888 1164
93 84 -4226 528963645 21393334
83 2 812 690091009 52050336
83 2 -976524497 295 27885306
35 30 -999966115 -516 -141556952
61 45 -801207115 -520579 -1989542
22 71 -5 999984654 29615
69 56 -486721613 -1973649 -9954
55 98 -999999927 53552 -1144
97 89 -730783866 173475 -56326082
46 61 -159 377459023 322380742
21 33 -999974996 -41705942 -422760160
46 11 -20769 780137774 -9954
84 49 -531033802 611 -21577121
46 60 -205919805 353056684 -11954979
71 84 -999999961 -50896914 -264679041
77 61 -239060744 28945779 659990
93 18 -940006753 1391885 -219371674
61 2 370 33464434 50535275
56 46 -999898979 -828 -12387
20 2 -999999987 -1110 10418138
88 10 -41 1767167 -10714266
11 23 -644373774 -155608083 33492996
22 98 -32352 767576529 217812
46 78 1405798 955910724 550077
32 97 -999341395 -85 -98460
55 46 -904834 685589076 22758
84 57 -520717901 -144617 -21601989
32 67 -638 9416 -98471
47 65 -23982878 20215215 64915125
26 46 0 999997712 -1375
36 57 -999992342 208 -10658
16 61 -285 999999992 -3836795
30 29 -28455250 3116487 75094008
30 73 -201433623 630605421 368327
2 46 -2899494 958390113 -51937866
2 30 -193097407 53340 -51959395
46 61 -340319772 18404187 -65860238
49 67 -943702832 -9545 2
93 81 -802333546 10 -21987
93 85 -678903563 723486847 31919421
69 35 -129087424 -129074201 25510
94 96 -999999621 32660 -152759295
5 61 -75347 999999990 2071656
20 63 8192 619137606 1124408
56 82 -999987846 6024592 -22453062
52 48 -10 306737721 -10579346
34 98 -59 503424292 341440
20 59 483 859123850 61246878
29 61 -407815104 766487713 -155232039
2 20 0 958656079 -51916513
60 56 -77506673 439 -58309931
61 2 -999935205 1 49943584
18 84 -809378303 54402299 21276651
89 93 10181464 902131367 -30088
91 56 680170 971441573 -567
72 84 -571112527 -1688 8532518
24 20 -617020804 -15462 85625
83 35 23365 635782679 25877
19 67 4412 344342258 53071
25 46 -477857586 -2934 5802
46 48 -347464950 152570139 -248599
56 46 -999999933 -71 10280
77 11 39 549845420 -172439
13 94 -967138555 -761388499 -6607442
96 20 -613560735 1088069 -953853191
2 48 5472 990115022 -52018711
46 46 -794610 775539414 850
24 64 -972826511 -322829603 712974152
32 2 -2885 -1949 51920245
74 56 -41759185 -20 -2487103
87 46 -2049401 0 -146473690
46 55 -89632190 922599583 151093
88 97 328728504 882450697 -10714309
82 11 -62839882 -35104947 -393451
46 11 -7619771 969460770 170542226
77 33 -13217842 -11402971 -98003
84 46 67558135 942973767 -21391422
79 20 -586539146 268461337 102038
55 11 -999999697 0 531
51 34 -518145000 -14566011 -925650265
93 89 -993855677 858392 -109032
39 81 -2094280 23334552 -233174
62 92 2095916 877564612 779
57 4 -25439 -20871 620
20 23 45 583241946 33755054
61 31 -5928736 9210390 62421178
46 2 -143353674 -68339 51627727
64 30 -1000000000 -5894 -714907525
53 46 -377460861 -375496600 10609
93 84 -701823593 3647085 7367208
46 40 125 727200662 16763
55 5 -30 794059818 -65
47 2 -998785469 -22297 52016621
86 2 -936683182 2097 47886160
2 60 -541877892 -354717693 -68739399
66 38 -23456 993372256 19039178
56 32 156 33631649 100363
36 61 -999993752 -24106 -21762717
90 46 211427982 553451549 10486
30 61 -747700942 8614731 1949395
67 82 53301960 999951313 39367
11 3 -2118 957736268 1494074
64 46 5 559008911 -713716864
91 51 -48074325 999989622 925740197
61 46 -214360123 -30 -4033573
30 56 -41743889 1697 -116616
58 98 12159 999999836 7387
61 46 18 734448122 -1988927
72 84 -773871094 -58099 8092355
78 70 -73732 29 -558700
70 51 0 988235973 925649441
25 46 -868031249 135 -97621
3 30 -171043 894459555 -1377961
89 89 -860208390 1071595 -7
61 30 1 579345601 7096996
69 59 22488 772341987 17946066
5 34 -245722760 999905118 467
46 21 8430 217245903 513999
38 98 34 96420737 -89739
46 94 -166414836 58 -544147
69 55 556159 772317553 965075806
98 12 -1101751 999927069 862
46 1 27 848121350 -7972
6 61 -999999986 -99387 -276434186
24 57 -670982525 -8 -8329
48 85 -2 69138317 101620648
87 34 -1528057 968653966 -117018569
37 30 73844 456696160 -1606
23 64 -33457946 -33457768 680095328
20 47 -366740026 1941408 -102047
46 47 457540 999999996 129716
59 39 -993207014 3 -18320238
10 56 -441054590 123667279 -3986
55 94 -290182290 -45668966 -23078763
2 48 9228 999999576 -52018692
60 90 -742706990 -16701 -112
84 20 200 830475264 -21288430
49 40 71634836 81519838 27241
46 43 -111950 108456615 35954
61 46 -63590 519847634 -2052201
46 73 -54917369 722279147 332434796
92 74 -953859783 4987 -101901299
98 93 -348193064 5 13411
20 86 -314617411 -3073683 -56055
41 28 818037384 888343032 849676240
84 46 -538771347 -19137038 -21402058
55 38 5 907203817 124985
55 46 78987 947514342 17719
10 91 -217076158 67 -63126261
77 61 -231214271 -361 1892917
10 51 -401978635 48330 925591793
84 98 532402 996307851 43033381
2 46 -988410938 4 -52008429
30 18 -726723746 15134805 -116606
87 77 -999999655 45983596 -116845950
61 65 -25747370 -410 18272778
90 60 916314 740325642 11219040
61 46 -286907907 -41392 -18626569
83 46 -167790175 -1344 6186
8 84 -955374374 -676974776 -35703539
55 2 813 36736995 157399796
75 20 -605580211 -20 -424569
35 87 -217327856 -188152 116993219
30 17 -837957383 11215 112610717
59 2 -993207355 68428 34060432
83 22 -32847684 1089519 9
25 31 11 90135365 64477296
46 79 -780982795 -163076 -822833034
11 88 -176914 -158572 10713682
33 89 -999681968 -197 -13927237
12 45 32224 994362168 1257110
52 84 -970782676 -82046900 5701597
41 61 -712009296 0 -138595264
73 72 226080158 226082802 12461265
24 48 -852746046 -11789 -8343
61 47 357 134266152 -2066119
33 60 -61056127 -61055835 -75022
88 46 -66 757905902 -9779951
2 84 888177126 927126822 -30612990
96 94 -44274633 91044943 -1059679
56 2 41 565683600 52018627
69 48 -888776557 -29214 -159823151
85 2 207211 990957340 569878232
46 11 -688018608 7230 -10056
6 30 -999746773 -20 -37592554
2 30 -281063218 -314 -51902035
94 88 -877534062 -961 -59523339
89 55 320386 999990176 22083834
30 61 -529846167 -2742 -50321219
61 32 -634562582 -38082 -9088881
30 88 -751589806 10 -132163172
59 30 -279778616 -41 -17829828
90 56 -75118891 -3206790 -5084
72 7 -773523729 2 -893076679
84 11 -91500 550152185 -21405051
1 2 -667492367 905 50129134
92 46 -96556206 -767705 8174
56 63 -999995732 5690 -58018
46 17 6466404 999284662 203262529
83 61 -43713 972328475 2077779
2 46 -32943565 -155 -616562753
61 88 14355572 692104590 9639989
46 2 -14553311 32877121 52506516
29 75 -3 941044388 -155326459
86 45 -875147896 698072867 30603
46 67 0 269600872 160180191
55 52 -210 999982878 10584385
46 46 -95787732 12776642 -84066339
93 60 -917862449 -110 -13596
33 38 -107263348 -452914 23005
99 33 5472 950330042 -12580361
46 46 -95476872 -284815 -915602903
11 29 74335863 778946849 166123592
16 84 -156841997 2625996 15486586
48 91 -999999995 -94447 524
51 46 19 852309936 -925585614
77 69 -190579304 -4830 -172805
48 91 -429168369 -1763 -868194
98 46 1675351 848157530 10811
8 60 -917763712 1 -54125816
30 61 638 999047052 1956462
30 0 -999999991 19855 899664975
65 46 -106483775 727218 -65018015
46 55 656507 145981691 2290850
46 47 -627431360 978735847 224006517
30 55 217 999991504 -7840
3 30 -37680060 711639311 -1374560
52 99 -35916743 993172060 2155473
48 74 -1000000000 35411 -667867254
61 30 -193103605 -8771 -15583744
46 43 91172 107209827 91296
46 46 -35927 167859288 127425
85 2 -91943801 34891 20060616
37 76 63583 993914931 521084022
98 61 476885640 917207746 302180570
82 19 -304221 -1158 -39360
61 39 -998070118 15093 -2014324
91 55 -886577737 -1002410 -624
56 46 -982013901 -1160557 -23808
41 46 -998016144 -170193389 -799708515
46 93 -600011069 2043355 2927
74 20 -325317006 -116 -2411585
84 61 -134338703 108 -19339582
98 46 -1978626 96849238 -7848
1 21 -848171446 141 -9041
46 20 -11 98767484 172454
63 2 -992287910 697 49491675
48 93 -422637513 484 13257
30 94 -216242390 -531 -116502
62 61 -17968 999999422 2064524
43 7 593714 660685 1123018
37 3 -977463094 0 1354247
46 46 -54220683 -45476 -4390458
94 55 54 187163355 -75
29 23 189472901 949802345 -123572721
61 93 -999999993 -131 -2055376
65 20 1763935 25737557 -64146716
92 7 -106793617 -953 1120607
30 34 5467476 489412503 -101932
84 61 -525318225 -5403431 -19379525
13 89 -427483501 -3052375 -392092
56 55 -878235389 -169821 -310413
54 12 -959808960 -2652 -10317513
50 96 15 4102802 2655
74 48 -21 999997781 18630977
55 91 -5 800467909 9907
92 51 -36480 985090010 925693370
11 77 -332 219944343 172654
2 11 -32737308 11 -52018070
20 84 -999999987 -1619307 14932718
90 11 -999984489 0 -1779829
46 68 -998758719 351780 146370
11 94 7912 999999851 1035246
3 63 -992329637 10284 -33153488
2 40 -559582284 -6069 -51991677
84 96 -9538 999999989 -21210303
88 61 -585839 56622652 -8648209
41 30 -71106183 27115 -15293984
90 69 -617109733 267 -62003
46 33 -971190249 176773 -25887216
74 49 -325315225 -61 -2483820
61 84 -36895 134270670 50615546
55 43 0 947495806 12798
91 52 -885052697 -1445 -154866203
17 23 -657291047 -43 -169428894
75 47 -996099 34256597 -526599
43 83 -941511183 -4613350 -143437803
19 81 9 834433492 477
30 61 -135105359 25130 1946755
93 70 -688533 422714866 32671818
56 81 -905973488 9657725 -101634
63 43 240 188964620 -9552
61 93 -412919767 241466 -2052991
46 56 10034992 286871850 922245
56 2 -999999891 -29 52018624
30 61 10433 634765184 1950538
46 16 -974847570 -4501 -13993618
99 92 -999999995 2333 -12733301
46 17 -9542271 277526732 203263006
93 2 -746403530 -578254 52005108
0 17 -30930000 -29797293 -755934542
96 84 325 535836009 21402996
46 55 -852377763 0 -75268824
84 46 -124 999999188 -20190456
67 46 -7128645 678097291 13046
84 2 -732582239 3 -425243258
88 84 174321 645655313 42423729
84 20 -535841130 -6878934 -351706610
21 71 -461257 -31481 22204
93 46 1864 423653657 -2965
88 82 -979003758 -965372 -28561420
2 61 -378411194 638461798 3272972
12 19 -6992 768030138 7497
19 48 -755207631 18 5
46 10 51 105714464 14442
61 70 34 145795866 -2057099
84 61 -1660562 993210986 -19339561
34 46 -999997275 47244981 -3867830
30 69 -33 55035539 -99485
50 68 8713940 8883094 7184553
45 29 -405565 589068353 306535942
43 46 45736 691140456 16461
46 48 28 79879814 -10601
61 46 -95792146 56 -101561750
20 0 -999999670 1 959105594
25 45 -991581887 75923452 72014
2 1 -35474277 17623 -52016078
6 14 -6581 170458517 -36674053
94 46 -11533034 -39 -277587
46 90 -150999374 130 -14358611
5 46 -317829155 1368696 -325302
48 46 119506 389399687 11297
96 46 -999999984 58676 7515
46 51 -858237 981729827 925882070
96 30 -348641313 -1118 -3141549
89 61 -1092282 995522512 566249081
53 85 173784481 772079442 31958087
27 55 -5 999411844 605317
2 2 -5312577 999853491 143780
46 46 21215774 145800015 138787183
77 41 -140651 828220792 -173062
46 2 -347649216 28 52008101
73 93 -423616309 37381 -180311917
48 30 -289482706 2133941 116700
32 88 7172727 7176601 10615871
62 70 -57623 18 -276
46 91 228 287041525 5799757
7 52 -6891848 999993815 9456585
67 46 -142706739 -36610278 2844
0 74 -951890535 2735353 -957610124
8 91 -18697 783986408 22874760
93 30 -348645505 32089328 -3854090
46 2 8 34750645 52068347
56 62 -662950050 903569 -4918772
99 6 7 123793 23939144
25 99 18 31 12730361
3 30 9342179 999999955 -1378012
83 46 -100083859 49692 -3855746
61 46 -999998974 -57678116 -2057848
7 41 -62180134 999997370 -1110549
82 56 -21693028 98 -198430
91 89 -1 999903305 43247
11 28 -135551151 135823283 88499000
46 30 55 79948008 158956
46 46 10442 217234117 1
46 94 82831 107119856 -6006
61 46 -890270033 0 -2055808
90 46 -30687 375722054 1722326
91 56 -71943463 7698059 -10532
61 61 -612876426 -41 -565777456
4 91 -486136975 121655884 107
88 58 -978067575 -6279 -153751855
84 30 -54833236 82 -21289068
46 61 3 32495516 2056063
85 2 -813806052 12696 19605392
94 61 -732767636 13334045 -887311
46 74 -118795058 803 -38987978
73 56 -48 908179450 -384181
96 82 19821 58730722 40821
93 2 191 967514038 58343381
54 92 -993429208 -15 -39385
10 34 138854537 831334719 1046
46 60 285 743623414 -10490
61 35 -150571420 532455803 -2003568
16 39 -424681 569548900 -2662168
55 47 -373026825 443 -15117008
48 43 172099898 990409429 -5
67 61 -130792 959043397 2085681
51 94 103029702 704978334 -925595868
1 72 -846141671 159719 -17679258
84 76 849698 999999991 -21404817
91 96 -1028 990754658 2053
2 24 6155277 570026778 -51980111
2 46 -127953710 847061051 -51479653
23 68 10583007 84416240 -26672481
44 56 -7084 7481723 -6899546
1 93 -178812007 999592676 16298
2 71 -922014256 -398 -78843643
8 5 59775494 60110982 -54114443
48 30 14854 750807708 117288
7 80 -880911334 50489 -1123017
84 16 209094 999901465 -15485022
62 21 -10773 776023992 57754026
30 76 -879994138 -618 -1461270
55 90 -767356273 29075 -3360
46 48 70013 284925171 -10574
43 2 273 41481913 134063831
84 51 -204 707393575 906476778
46 24 -5053 998355296 46360
2 10 -728964 58 -52028253
55 61 -755445232 9 2065951
37 52 -16 3571 10461156
51 69 -3413631 772470996 -922011391
82 2 -58184307 70925 51891137
46 61 -747512338 1 1235330
46 46 -3 95792139 6497
36 74 -76 74108 2473119
61 55 -947430772 77 -3575455
46 56 -36194911 714 -10526
90 2 754 31830010 52020303
46 30 1371 926892045 108133
46 61 -144318829 2943 2055323
20 46 -146015776 -3 -946219474
46 39 2045357 79948368 589867
93 91 -3659 423651803 1580212
68 19 -586 968000894 -7184385
20 99 -9047235 575865806 12928934
46 46 -143350144 129986 -1172
38 99 -18792 -5367 12636576
84 11 16087 550187533 -9865455
61 13 42 423073298 -2061579
94 33 -926695283 1488675 74937
46 61 326 999999726 574944133
48 46 -141030926 404 10474
92 70 -409613114 -1568 -1055
93 93 -597728241 -63768 -1814060
46 67 244023 987706906 1005461
74 89 -1723205 852975171 58545244
77 90 -165150958 -9 -173268
2 7 -8710 859929068 -50895298
30 90 -125 28572882 -116528
74 69 -829992939 -702647539 -2483782
96 61 -999979474 -13 2052855
59 2 -994582916 4597594 -100024342
61 91 -999999469 2216579 -2065744
83 90 -767384814 -24906 -248505287
96 65 -4229 800058082 64938411
84 12 24839771 999951248 -15848865
46 39 -358571388 433501320 222588
32 70 -20679 97732572 -97119
1 19 -999834895 1292358 -666638
46 18 -847510379 80 -176026300
43 99 -45066069 123083034 12734950
83 96 0 613969897 8195546
38 84 1439 63160533 21307345
47 34 -5830471 373027620 65177
0 30 32 998611285 -959090661
85 46 -92264650 -432 -31947763
46 83 3 78284576 -10371
91 46 -808254888 174274754 -10802672
12 61 -34082 999760396 2065878
58 92 -1126967 37567571 2403
12 59 393 396 17945795
46 93 62663750 736377374 14737
51 2 -999908695 -3 -878118764
86 84 -427 282866358 102712212
30 75 -999999877 -14586 -13153514
87 36 -996108686 47 -117010916
61 84 -281 135721578 21236213
46 2 200 559451034 122659429
6 56 -36195490 -3 -37053005
30 61 -999999115 -6006 1376512
51 84 -966940681 -128623897 -904246011
46 9 248 999922768 67920652
84 2 -3974 971992854 30613003
94 1 -877684615 -5585 -15177291
60 55 -996069033 35615615 -5392012
84 61 -485253615 -1 -19341655
61 57 2902099 134910251 -1991062
19 56 -83823736 -6057295 -399
30 41 -5 193150794 170452164
90 17 290487 712965070 281444408
20 43 -13680 999998491 11848886
56 30 -291811234 4013268 116609
34 84 -3191 395124174 21405192
56 93 -4181995 79052206 233299
74 48 -107727067 569567718 397114317
61 98 818 138174363 -261036
2 46 -277503263 24458 -56379282
2 46 49957477 1000000000 138045312
46 61 15567502 748413095 2215666
15 36 -577566425 -124642 -23108232
46 71 -999990094 -56059612 11577
67 27 67076 548404587 739692319
84 79 -286 877106983 -21345349
64 2 -999933276 -64798 -661952869
74 2 -125354180 -318 49534922
46 34 -257739093 -171 -14044
55 93 22 997429678 19140
15 2 -919213230 612 28899811
92 86 -973480653 -2 -114095
46 46 435463 675379313 79415
61 25 109 83166506 -2050491
12 61 -1000000000 20 1123224
84 18 299912469 871822602 -21405228
54 55 0 955747538 10541
47 2 -999999984 -90 52018702
37 54 6084233 6087716 -117930
2 61 -31843023 -474 -49952589
61 22 16 683013887 -1984997
46 33 111678 950324577 66937
55 74 -93403 215035910 2483635
93 99 543151 420647039 12721361
31 6 -90016355 -1011 -27839045
61 46 -999997149 979249 -840052014
86 32 -935659183 2346030 -90876567
56 83 -78 477486153 -94
56 91 895048060 935880384 924
46 81 -87965225 972724185 -6082
89 46 -999430840 -929705 -35330
70 82 -999990148 -1899 -25977750
22 61 -756457853 -1012621 2066080
31 46 5316838 144059560 -60875591
30 55 221135 270871602 -116575
75 91 -36 299603610 -525864
19 46 -286900971 0 8991
29 95 -541 47758220 -157530450
46 89 -5 111173880 34144
0 52 -972784329 -8 -949193963
31 46 943 999999992 -64471225
48 61 -418513860 2714 2066065
2 2 -148029 996139141 2
46 46 -108512186 45570261 -3642
84 63 -188982078 24 -21395669
17 94 -278910652 -668 -203273073
61 42 -634643535 0 6432794
1 64 9601639 280635194 713949784
26 83 -16025117 -16024071 -12717
33 69 -332747 997283256 -74781
20 61 31041065 999752513 1968465
16 17 -289178147 -25848715 -617025078
91 40 201105953 201153521 26507
18 94 -321439463 -67 89
55 46 777 820203376 284287
78 86 -998004323 -17089319 -15404323
61 20 -1368 905591558 -1920445
49 30 -10 927892167 120009
61 84 -1313655 519363148 144962750
1 68 -2012202 94834858 236499431
15 55 -491433754 668912 -28033817
74 61 200754271 835442376 190855809
46 84 -999995866 -39704 21395100
93 63 39005 74886244 -3540
49 17 -127278 927766439 242213628
71 75 -924815773 297137134 1500739
68 61 -448160536 999999999 -4646178
2 77 1093784 229880779 -51080639
20 91 45667549 620898549 8006295
28 61 -135060448 -19217 -86434834
35 38 -41274 899201007 72641
2 30 36 328854272 -28331621
84 30 -76196778 -172 -21295016
15 91 -919974597 0 -23118148
94 90 -999999490 66922 -71686815
55 96 -474 901856997 707940072
63 30 527595018 815799588 -7533825
18 84 -334674627 645390868 21417750
61 61 -531879039 -12283 -291
79 56 -35989565 -35722179 82
98 48 0 558617829 3725267
55 84 36514 644718613 22992210
20 93 28 745825286 35803245
55 20 2744 241908356 32534081
93 76 -121095792 -120918588 -13595
30 46 -973025502 187629324 -106093
93 2 -998415271 -452 38402113
31 33 -14250158 17530 -64406716
89 88 -125153392 992394657 12335252
92 43 -686517635 2386 -2239159
36 38 -999928135 -195226 -5686848
56 61 -298 488370496 2085480
46 3 28493 212352820 1484254
90 92 -283184933 554 -58930
46 89 -140452186 -2 -64247730
46 42 -16 105502483 8768915
31 38 -999781979 -919427374 -64384350
61 94 -186402866 -370 -2066012
30 38 95 270534736 117131
61 97 -999998127 -57460 -2066315
48 61 -1 632158966 2066254
98 30 11863 624040017 116912
98 48 -21224445 -7779028 -180
84 2 -527777908 15 30613001
61 30 -304330146 427375 -39741963
11 30 -488765701 27211911 116007
39 80 5195 8185 -233207
61 51 368155 656004343 925727362
64 56 -488370523 -23 -714769549
2 55 -41590447 274 -53951084
84 25 108413 83280370 -21207303
90 94 40835623 805412424 149
45 69 0 997343321 49981007
4 2 -999977206 -13 52018073
46 43 -9324 79333388 4344648
56 73 -985366215 54 411143
61 89 -998139784 158939280 -60198036
84 30 1333 751589740 -20736299
14 46 -277506786 -3811 -2185024
67 61 -12168778 612428725 2078204
48 46 6 876579151 510002
5 0 -6214 622 959207604
0 46 16392770 875441403 -957402427
78 7 4701073 873811667 748625
93 20 639175 600651051 610883
81 15 -129070 908480430 23121895
30 54 33897806 303094955 -116222
46 49 -3 151200956 148962462
42 98 -146341125 582 -9364815
61 56 342 931273447 27013583
94 46 124522 375762874 64714342
2 2 58 32952263 99827546
92 84 -21341 36948351 21403308
30 60 -98681 303769827 926385548
52 94 -238229825 -89968 -11758117
94 39 0 289970392 232999
12 2 -553021 578517285 52019297
31 84 -85052360 636 -43076447
46 12 -999974098 3698512 -196964
46 61 -375601022 18 -33263990
84 61 -571270030 -60908724 -19341319
75 55 -1533 299 -526476
93 45 -164811070 957815350 150729795
0 61 3 999728161 -957075134
98 46 19130655 777190768 17859
11 2 -490973940 -13 52016684
98 93 -6288160 17596231 784142526
79 56 -76984838 -1334274 -56058
46 2 30070789 589646112 52008869
82 48 -58710784 461675 -39357
56 46 -37814448 22011292 59663
46 38 -85719408 5251819 59265
69 56 -48023056 -11828498 -319
16 99 -709045050 999999005 396522103
46 13 -146289054 -301323 -12886
30 61 -709447097 6 1944211
80 61 -21849 999999992 183071567
65 2 139 23971028 -3659662
88 89 -972893218 -35354 -10672879
88 86 374692 374840 -10668351
30 61 -999999970 -471450 1933799
83 46 -286926165 -12 -4018640
2 74 8556 103428002 -49501951
20 23 -52347069 94205 -545937847
46 46 -909041182 -23711 -89
46 41 -283013487 5511 -12461
98 34 -929993748 -228198750 271
46 61 60941 999999582 103395474
77 65 -762199718 -758109519 64766381
70 47 -230070 345099060 -1347
53 15 75964700 76065732 23118873
84 86 -282866868 31756724 -23886958
46 74 40500 125514911 2474232
35 56 -288394072 -26143225 -25783
48 18 -960782168 -119915379 -3181
84 56 -442640689 -163745 -21405649
2 30 -13667803 999996329 -51902010
23 85 -817512 92264218 8344088
16 58 -999690635 282428 -5919129
46 11 30173066 412838661 -9920
46 46 -107605990 5862 -3086780
46 3 3161300 3166557 1484108
62 48 -25325990 999999994 -1580
61 30 74 132249279 -1938480
82 61 -707177459 0 -8061143
56 46 -5066061 576238250 12710
19 11 -2 924446567 8425523
90 75 -180871 584126228 531702
1 48 -848120411 145 -2730
60 46 -999999994 -2413 -119671805
94 50 242230 999525054 -128
98 70 -5426058 3755235 -431937
95 19 -12599333 3 -1978
31 61 -3 145093156 -58650268
51 31 126 55010087 -861168779
46 3 -1000000000 -356114 1484067
57 89 -999874887 -73 3118
12 55 -733 999999922 11320
68 46 -2460907 999999979 -6686796
56 12 -999916327 41 -321182190
56 46 12 77507167 33158
61 55 -1816082 133936166 98780450
6 10 -864331202 4847819 -36678235
93 7 -53441 265770250 290787127
57 33 -997193870 -82596876 -163405855
46 61 -711972695 5 -742829173
37 56 -487183968 -1623094 -118230
46 84 -999998183 -15078 21394554
36 56 -935933382 -48656 -134533
46 10 -61 401768314 -10539
2 80 3 675836812 -52018636
2 46 139 988339153 -52008060
56 2 -258 74989938 52018632
30 45 -7292372 337393274 -39680
56 84 -999999885 39 21405624
48 46 -667470 822122564 13044
46 61 -135288040 12 2055441
90 46 -85807399 -64 -483916205
84 11 -535389735 40329 -24231121
84 93 163384 999997957 835186325
61 46 -944177616 -29 -2055523
51 74 -999985572 -1763633 -938815264
89 19 -15057 980629399 -43801
61 2 -7357 543178045 49952583
49 84 -927342719 598000 21405714
56 44 -6256399 32892397 6899554
1 90 -767385799 -354 -3651623
92 62 -22 999999514 9455257
82 67 -156 999984738 40044417
56 51 -262131384 232263730 926093424
91 48 -15958 -1936 -729
46 94 -356620860 -8884107 -920152
74 7 -13459 159153 -1360744
75 11 -999834398 -493 -528710
61 46 0 825835319 -2055203
4 7 -994134056 20925 1122390
92 9 -116294755 175 804
2 46 -59274461 -23801314 -52250631
94 56 160589819 347755100 634228
97 20 1277 999999508 9620317
46 46 6144 151851008 2
67 47 -378965196 -29871 -898
46 2 -678096456 -1 50330451
69 94 -14206 -12774 -158
47 19 -999999996 861540 -988
46 40 -999999985 698 16136
61 69 -616493658 -4 -14550884
12 46 -999999774 32 -437459577
2 18 -1164040 983431584 -52018586
54 90 -762756557 -208909 -670
37 95 -47898 9586772 -116343
4 98 -518254815 -5877193 -504
93 83 -2933198 595090847 -13299
45 46 -999994689 1569098 -67391
34 61 -968605091 195952521 -3133592
46 30 -287583385 2093809 106088
61 96 -908456950 30 -37013238
46 61 -4988 98078794 2163154
97 48 -888814707 -460 -4475
30 60 -903327605 -8859 -330964625
84 2 -518362690 49 23931035
61 46 113526256 257922400 -2055501
73 20 -146613881 999997795 -296872
61 38 -96419519 5626070 -1969764
34 41 -132405483 155032845 -449
46 30 -323606412 158156 -2750
12 61 -2809 999132879 2065626
12 22 -2102 994882972 17470
56 33 -999897588 259979 -49687369
46 88 -999992544 3500 -714432128
84 46 3 142793653 -21394860
59 61 -130 991147404 -15862595
88 56 -41744790 20866 -10995829
48 11 3466 515968227 667
46 61 -492075357 4679 2055429
69 70 -992011874 34190191 -16912
30 90 -714366833 20 -57906705
2 84 -60 528875263 46915223
20 32 -995106572 -13672377 -3646
46 64 -971935476 58468 713936640
74 61 289 996245858 -391051
61 30 -159 138327016 -1949183
30 89 -290306743 200 -126160
46 46 -2 93958701 29461675
30 37 -936226237 -20 -583
5 4 13068 994146900 8577050
69 46 -800713780 3941052 -543156251
46 61 14 966969620 950152376
88 55 86293 999999999 -10714090
1 96 -127 999999994 117640
46 94 -356620933 -7 -13150336
30 12 2 289153570 5349014
46 90 -2088794 96381831 301041502
90 30 -1520568 724346812 549372366
20 48 69 604803090 30711535
