100 1000
5229
-964835622
-478363419
9272571
-225645399
350730305
-269848911
1189369
-921265780
4228865
-10790089
560733044
170034331
850966545
200057047
-242629870
297559748
331344427
135938020
-95378553
-585373015
45545480
110640683
498098047
-1444847
-106609705
-429317783
-287430633
-318371254
-68504772
225938541
-823014571
330792662
-27096448
-3440117
202370922
675966350
449710663
863286882
-242810590
35066
-64601075
10509788
11700928
358403333
329552025
5577566
242856949
59413174
-30212370
-49286654
126658331
-142702863
985998
959651076
-16164751
166572841
-435012928
-22755956
-892034343
106103544
-641128411
-12521737
-6617960
783115637
-307017676
247091362
-930659859
173856777
-214201836
-369809089
171221744
539805916
-344670737
-801079129
-61747
-16236494
319542350
62228387
390754693
590283390
658118215
-1983552
-299128862
52150731
-621549158
-49070469
551050335
676931929
-19480597
337919
53055667
-29026036
-18448279
-292276663
-896959818
-704469897
826015658
-392959007
-63691729
4 38 -597998790 -553 5812572
48 74 -798506058 -138430056 -5001894
73 39 -653966925 1361859 -697067306
20 21 -204062963 -26 -72484219
4 61 109691033 999999996 102562
65 27 -49119141 3461291 -3571218
6 86 -795473402 -71748364 -71182750
48 98 -792810776 36938 -3106134
21 98 -999995776 -66525 -21961080
78 31 -996411671 5781 -6847226
21 21 -984316454 3171 -269435
98 81 -97 699450636 912626806
98 21 -561135381 22093189 -1855047
14 82 -999998939 2035572 -5263
31 87 -108 999938460 32061161
55 12 -9592045 125 -671824
61 21 -989764392 -66 -244093499
63 21 -421 999963594 310763
95 23 -48482 1297062 -6371751
4 74 12050543 332702860 2145811
1 31 -245342165 -803 -899946526
81 39 960 19043 -913765573
12 12 25289 691316983 163606378
74 12 -255260346 993783261 38104
98 69 -4156 778715996 17239994
66 87 -70 751190480 250652920
5 31 -999997895 -3525229 -11908785
13 71 35506982 184540435 1878776
77 4 -859697899 0 -706463
21 74 24747853 228808300 -40943
21 81 -119490759 642201016 914522851
38 74 -684614694 -2876 -6551712
21 67 -958266838 1 -596931576
58 70 -22669194 728619706 225785495
21 12 0 997951508 6193137
80 59 80969848 81083673 -526642
98 96 -783118794 7957 -1927385
74 81 -882491780 932697 914502793
81 61 -580572894 -22591 -936034803
32 73 330622192 330624105 -186186914
42 74 -900394108 -4283764 -3532267
21 73 -10501 665402597 60107
99 28 -20537560 12673 2410860
21 21 -557414479 1 -3734066
21 91 47970164 669995049 1581169
16 12 -38204408 387226222 -40400
48 18 529 557391974 -4997710
21 74 -6 514626816 -39522
21 98 2699 130650545 1855109
69 82 -324641 997699016 -19159822
86 98 -999999572 -40930936 1922556
33 12 -133016 999999911 16532
38 12 -829914431 -4 -12822258
98 14 -390839762 15077247 -1921143
65 11 -620210823 -615737551 -1118573
48 91 -901440546 -431026191 -5087337
98 36 -216806340 -211751845 127753550
21 37 -119307 999988874 166947086
74 12 -162293440 -546 -35642
6 40 -35653 998683439 -70871876
47 98 -15707558 786276169 2121253
12 74 -9722 9592186 29925
18 83 -999666989 36382 -57760221
48 21 -17771006 989403970 -4960737
50 48 -557016949 2038 -22965319
15 21 -900337076 -14729896 -1865465
21 21 21 950388417 166
95 21 -147888589 -6 -6400603
61 81 -3551218 882448450 935926283
62 87 -769424346 86142957 9731810
38 74 -997087014 -69531140 -5871669
13 66 -749243834 598 49354553
61 5 -896067191 31437538 -21972
99 60 -63688495 -63562871 -1166
74 31 -175556444 174 -507634
74 21 -46 477560732 40975
98 78 -11020223 1000000000 4286854
4 27 304552 974851707 -23405
24 42 27 625705423 360850416
82 31 0 174426556 27348
19 48 -890107053 2892169 5031844
84 90 -2213124 217677212 -929613662
18 74 -999469422 -3 27178
67 18 32625 995479538 4244
67 38 -69352433 157 5900700
64 30 790971813 999756313 7986241
49 31 -38503 -37835 -40841063
98 42 2236 999999995 4146622
56 29 396186 396472 -108599231
21 87 27 984316324 31988584
68 12 2589913 831743802 -843307
6 8 -42 1000000000 15721552
36 38 -999957397 9035288 -123780016
21 21 580 569068711 8
4 8 345 993747599 98267951
15 7 -3535 1893 -1935601
98 20 -616584992 -2 70625897
42 98 -246157812 -7153851 -9399454
14 74 -9674759 -2946452 -3364380
98 61 -526876845 2490508 -12927483
74 5 -340175441 -2 -542682
72 27 -816422105 470532048 -63994289
1 74 -893233166 -3 -899943846
77 21 10709 999999784 72317
17 37 -1342 668644176 165943258
61 12 4949 893183097 -17885
52 98 -999660748 -11933102 1926659
39 2 -715259212 4 -387849759
56 31 -999571299 63565 -122143438
98 21 14 791673527 -1727305
48 74 -4511352 158507915 -459805
74 21 -300306869 4207 40950
57 83 -226678400 -226663261 -21950177
14 3 -2975 405551625 11337045
18 32 -668663243 2002 186182699
98 98 -992636500 2077 -828
21 11 -514248081 402824679 657598689
21 87 -21 781238921 919817603
42 12 -47 999566233 31494602
87 74 -999998932 4 -32037824
29 13 15789544 17266457 1265966
63 20 -1058 40355 72547749
56 23 88698 90246 -108599426
89 21 -999999998 -57261357 -5854724
12 21 -662907 111420157 256230
70 87 -699579646 -110787624 -223151330
92 98 -999951024 240 1592508
48 31 621599976 844906847 -5004397
74 21 -249066 999993147 41247
87 48 0 769508227 31651883
21 28 -569068223 0 2339719
74 21 33197 875510148 40987
63 73 -619089597 775 -5526
1 48 -476204713 133367 -895105772
82 75 -163005 -273 -1463
5 98 -986236056 39269 1394094
15 25 255876495 999998916 191228213
74 65 -614615979 -608127 -1869073
17 48 -557018609 625 3954209
66 22 -887405553 1947291 -52888677
74 61 -440266084 269921 -79170
58 74 -864913327 24 31339
86 20 58084295 472711271 131001954
11 61 -882448732 6 -918497887
61 76 -971451 999996857 143107
87 5 -928026472 5600745 -33090978
98 20 634744504 999970039 71079745
21 57 -1110 953058289 22700423
38 74 -5 440266593 -5869535
12 74 -999999820 31 29925
5 20 90436191 503784665 75429373
81 20 -802954554 -927014 -841981556
96 28 277373847 950606416 2435116
98 17 -667558007 4726 -751328657
74 42 -753916475 849 2335610
31 98 -65 622183865 1898771
74 8 -514627023 -65326997 -2343635
15 12 -425919233 -9252 -1936229
15 24 -999409914 16534 -14521607
61 74 -999999999 0 -5772839
13 95 832127694 999951921 13786657
21 87 -853345716 -6 31983350
87 21 381085623 738418554 -31984539
97 4 -7226624 -828 88118
88 2 476196552 478364838 -447133696
21 21 715981582 975364441 573970
38 85 -674200787 617270825 -6241061
30 27 -507 243726560 38698592
51 20 -366 472697798 72554514
21 38 355 692767489 6003575
31 14 -800466061 -635613 -606227
37 21 -933624565 23 -167117851
98 21 -614560820 -3 -675400763
21 12 -42348474 -37877 -4660767
15 79 22734842 999999999 13514302
73 61 -2270511 999895321 19407
54 8 -958648718 959660207 -584569
66 83 517004242 527572157 -50621601
21 21 0 943757928 10277300
21 93 -666 981551009 -72276
45 41 -2238 -1910 6866296
79 60 -33367338 -33367075 -15392873
80 37 -5214262 1607 166487405
74 48 -297074094 2 5001865
41 21 -225959959 819246438 -6805338
61 3 4 77761681 43527
21 4 -31933 771232093 1049998
12 37 -995397511 -1170389 166960828
21 21 -950849903 -65252900 -29
75 95 1302 64305626 30376227
20 21 -467015533 657 -72481495
62 12 -530 999999901 215488056
74 75 -172637410 -2 -441508239
80 87 -634832548 141981 31442023
87 61 164 849373284 -32037857
63 87 -999995508 1293 31829704
21 74 58178 837870284 484501
76 78 -278877052 -4320 -14946642
12 98 -795004798 -967842 -38532779
1 12 -9053 999987192 -898387387
87 8 1 729339362 961616986
21 64 -999710056 7968983 -960458
48 64 -409 3005 -5033218
58 53 -4431426 52532 9
21 74 -404360643 279286053 -41553
21 18 -816882389 -36386809 -68308
15 21 -954765867 0 -113537593
11 21 -4 437036778 196568798
31 77 -3 859694276 6369005
77 21 670904 999999094 72351
4 61 -12779458 999998171 170479761
13 6 -959885447 -13 67767784
42 62 -999997788 -200 -557444425
53 12 192 999277529 40403656
98 21 150146889 547277914 122803666
74 15 -511 220279112 1906297
93 94 -972246699 20 -2016402
98 56 -826143425 3654 106404834
79 87 4540 999977021 96004474
48 86 0 509408320 -4421933
28 14 4054270 186838640 109255259
19 98 -7953014 997174060 1951619
12 57 -564010038 64 21948128
23 61 8931 1002682 18739
78 21 125 553625563 -2857454
12 1 -37827928 81881 899973646
38 48 -26 999944285 170232359
29 98 -999999998 -7128747 -3378328
16 74 34 181624357 30217
21 8 -999849231 9896948 -34143
21 21 445403811 987857170 19800019
58 74 -977269236 -202 -2878810
39 6 -973328393 5541 -6643582
21 77 -237622 852711590 509750041
44 85 1255 997205153 -157000
87 90 -1 382 -32027904
74 42 3475 239004124 2459963
36 68 -15942 245589 -128830754
42 97 -1155 989424593 -938968
35 15 -1000000000 -22081 -11590461
74 87 -440511587 -4182 32025844
20 27 -258 300855 -72488978
14 97 13914005 171848316 -6222
60 37 -972880702 -654 167017004
21 38 -999999809 -162 5828179
12 31 -419333 95364060 805109
82 21 -2033 554607196 183743
30 42 -932686085 -4720780 2402134
38 54 -93547275 315839395 -5901114
60 21 -909882001 -482289 -9233018
96 98 79 826146937 1927821
83 27 -11486727 -6909178 64299
74 21 -100156425 135 -64865965
31 31 -1893223 981334906 32
12 74 -999819311 72108554 23654
98 19 -17010195 885353730 -1926493
35 21 224647 457931 67718
18 86 -258 899262774 49916262
54 21 161 40314031 72357
21 21 7313552 557023832 0
12 98 2 399687220 1929711
31 74 -174070241 50 2348
98 21 365545 780495573 -1819900
65 38 -242279310 317709872 671676
87 53 -997509078 -268035 -32058541
8 56 -78726280 -5 104115430
98 74 23139523 468865889 -1895958
24 86 -67345170 419 4790
96 15 -110196431 1 1937009
61 21 -331 988003743 53193
21 38 -782278655 -69410 5812905
21 21 -948303601 539 -36943
83 92 -8433065 979 334858
31 90 -25418 999999026 22979
87 42 0 993264667 -29545934
81 65 -1423 -33 -910898992
32 45 -52057136 195696 -186175528
35 79 -57270272 -392939 15388286
94 74 -25824 300281003 31390
74 98 0 616580674 2068060
19 8 -286835834 17230 -8195229
87 83 -466876689 103321901 -32057293
1 74 -999917250 244282 -931418601
5 1 -9414851 487598276 899995929
20 12 -135007504 998844921 -72551787
83 55 -787 983834416 273290
21 74 -64996668 266138656 -40895
74 78 0 263341128 23237777
61 87 -781686237 -9194461 32036651
45 31 -999613417 4566 -39051036
62 20 -79859 426927291 50251913
77 32 -116024985 5465228 186186887
21 6 -4677 951278855 71108628
5 63 -19650 666397419 14451777
74 67 1537201 70907792 323615898
38 1 -999565514 5 894073931
98 74 194067526 326888016 -1389716
12 74 854743 175722130 340172687
21 48 29372 821535771 6931612
30 37 -27100694 243726881 166928755
21 65 -487727 698288003 3774300
74 21 -306419177 52 -93550
98 8 2478 999990832 -1883564
74 74 -15471 838907379 47616
98 39 -43288412 715262826 -1157854
78 85 53935 321005577 17368214
74 98 -514626977 11 1895029
99 67 -8 66177839 128088385
83 21 -7583 980928927 38685005
49 98 -3666707 104736894 -38942409
12 58 181920 715125702 165756
43 98 -766536365 11692944 489718
12 74 10993964 428863068 41768
82 10 2143 994663663 -905
30 98 -1182 116225900 1838180
90 48 -109 884325254 97075356
21 87 -448853897 95767 31907568
37 81 -30401184 972233221 747516789
74 42 -838910248 -9 1775335
19 31 0 845028026 28665
23 42 -121 499868331 2591325
34 16 18 18 342
21 42 -428211071 265 2408175
12 50 -716981376 2103322 -467364670
9 20 69023 563200018 77423523
21 21 3077 477427478 30
21 2 -556950781 100 -297215797
86 14 -999982919 -268022399 -219134920
91 10 -114398 16318402 -49068
95 98 -197630050 -48580867 -4713537
10 48 -999999998 -13931083 5032547
23 67 926230736 933427908 -657
41 47 -999999947 -144630387 -11073271
74 42 -38727 999952163 2459955
61 21 -999309536 -2808660 49801
98 23 68858287 778229415 87298922
5 21 -863453938 897 -106311601
74 87 -5203341 999297910 78149496
50 21 -993961003 -5 -94093685
94 48 -1298502 999999931 5033379
54 23 -32815477 26312528 614
74 45 45544 999996874 166238
20 21 0 999998643 -71965546
53 21 -999927324 479819 72332
89 86 -911971174 -852 -878055235
42 4 495696 580476128 -2359415
59 88 -543 999999750 447130065
21 98 -999999548 156396 -108881258
58 38 -697338880 125380 5901170
21 70 27032 628827469 237969081
74 98 -22790 783225178 1961582
15 59 519 456519 -1934005
38 96 -1228 286465694 -5554950
82 21 -999993279 -158 -99778689
12 31 -999891989 3791 -11899405
15 1 -454 999888095 898037457
14 15 1987 757843698 12337975
90 74 266 572246602 29978184
98 21 57337653 707706934 -1854597
87 3 -999999643 -10496976 -32231845
52 32 -2258338 -229187 186186533
50 74 -951574549 801983 -27926744
81 74 -999999998 -70300 -914595827
21 14 -568253871 73557 -66112
21 12 -42299335 89 -72415
14 74 -948282491 -110960 -241385960
21 74 -92410 175498049 62905187
42 25 -999999814 411631 -2526663
74 36 2135 754177789 129649543
58 62 -27251 987451010 41527296
20 1 -209 737358434 860669731
74 94 2122027 708797759 767209032
15 78 78 840739536 4274587
21 12 -510 947738675 307899
38 81 -308749210 6 908633338
74 38 11 998521240 5877712
61 74 -999999970 235893 -217377875
9 71 -8531301 958995313 1483513
21 21 -102234540 971989690 0
1 77 -466592899 852947937 -899975076
86 10 -999999022 -7827042 -22951
41 74 4797931 186570444 -6782020
70 57 -277640371 181654555 -203835318
13 69 -79335 184425609 17932756
27 43 538 371161705 10697060
14 5 33776514 999943760 7806680
25 81 -317926581 100 914528744
85 56 -373904985 -1365701 108599533
45 12 -717925539 0 -9937
53 77 -999999962 -15 -12104943
12 56 -840781203 -764278 102051309
20 67 -564854751 2 -72553840
74 61 2526182 992957776 -7933
63 62 -5 749480831 27575874
21 98 356 614466077 1881935
60 25 -789765022 -4312 3877
87 30 31 780751466 -31965568
12 36 -2858 426439120 377831533
47 33 -42587328 -41111275 -4818
42 57 -199060419 870986800 19224936
12 12 -174722635 8727 -27914153
2 14 -383697364 1269 5987
84 66 -501741577 249451579 -879307484
78 70 -998868426 -11294856 219546471
21 98 -859785235 -215 1855030
66 21 -954483211 162 -52831270
87 74 -999999392 9731671 -32051056
15 98 -865865704 5584 -341271740
87 71 -279890 448573991 347584679
86 23 37284270 43342945 -4154
87 96 -999958694 -41 -34005155
16 8 -978268002 -27866 29343
85 12 -62570 999812981 966
12 74 -841533524 -434956 28403
14 48 -166710917 405905076 5027027
4 38 -441160820 475765 5809533
71 6 -999999803 197956421 68351829
87 10 -999928430 -653372 -32057284
0 42 -6419 999327894 4247880
12 29 -651580604 178311253 3006
74 27 -6 1000000000 32919
20 21 -471995239 -282 -98321223
21 21 -141233745 943867793 4
42 56 -80390264 999898054 403278186
12 98 -7 36893903 1925912
57 1 199 212191 878024940
45 23 1432345 80175430 -10718
38 21 -705743827 70289 -880510294
98 38 -562683680 -669115 3973789
31 21 -845162277 185 43521
77 98 -234862 783126257 2121574
87 74 -274422821 92990772 -32025818
61 74 -48383360 414321852 12082
79 34 16537 25504 -15392035
87 9 -557 323 -32057288
12 12 -426932038 -18815 -39267
48 20 -56933426 999999994 67520026
31 21 -21306 923703221 43621
12 74 -999995255 77802494 16844
21 4 24733902 156408736 157787
42 87 -737974943 0 29565923
80 61 7285618 432813163 260416029
86 98 3234 293046223 1956624
12 9 -685 426450292 -1236
74 33 63338059 311873288 111409
31 33 -170639662 6212472 -3264246
15 5 -4 999999979 89923342
38 31 3246 136716356 -5826818
12 21 241 425376056 589363624
21 21 10888397 556836124 132
42 41 -999998392 -560530146 4382887
74 65 -6099 696681188 3624574
38 83 -684607980 1625040 -5901175
4 82 0 999999562 -86663
80 12 -1500 425351421 -528836
27 21 -977278024 1 8047
22 62 220829 887628902 22336464
5 98 -991780835 0 1781260
86 94 3580458 712628140 517623377
65 64 -46369654 -281943 -3635470
21 54 0 891105070 11180581
95 21 22822542 999999999 3350346
21 21 848465 880368661 98
21 74 -519642810 -19437 -57584
50 38 -1189176 999119325 -22056468
21 74 15888 571998254 -40944
23 81 -987067651 -79502 914533790
74 12 -36165 935855861 -25978
81 78 1421 331747967 -233580346
15 42 80085 237709304 555440
62 21 -951170416 116215 -22253073
78 86 35 761959898 -5963883
5 84 1081 893064962 929725256
87 87 10917625 983566532 24302
14 33 -999999833 12 -18544
36 42 15207219 339240551 -126208774
12 39 0 9592057 767472
86 11 -439742411 -4401 2499951
51 87 -791 438937531 32057278
10 79 -734497175 4 15387476
74 21 -513398 999999983 342413846
91 46 -5597928 -5577566 116436907
1 14 191963191 905631440 -862460851
63 4 -999966902 35467 54924
42 31 -991741839 1210064 -2462638
74 45 -372312 1000000000 66591
21 61 6 954643638 371890
12 74 -999999828 -12297 -27116149
11 27 472934 437290306 23180045
42 74 -237393998 -47 -4349579
95 15 -197482334 139185 -4439151
81 96 92044428 287388789 -914534504
4 4 -999998068 2004452 -5898927
75 87 7124 990289769 32136615
98 97 -839931698 388940996 23459751
80 76 15689032 425329330 2282059
21 92 38638 971011841 23115624
21 8 9522 953249992 -977
21 98 201849 999994959 1897795
28 21 -999316237 -437764 -2343179
98 50 -264 63793805 100978365
74 78 188251223 984351323 6436726
43 21 8310 559221997 -1256556
74 74 -29992104 448949653 6416
58 75 -977271605 -2711 -8046864
4 66 -649632266 3664242 39591302
32 16 -57 655946966 -185921767
38 74 -2740 838842147 -5869745
1 48 725401 221767267 -894941839
80 26 486075895 554208628 -387059
74 15 -838711712 -429241901 1903883
21 34 -679208431 811503 -17125754
37 12 -1 972233328 -155988452
38 42 -193465568 -192348 -3410264
74 98 -34722 826156202 233625451
6 4 -999896720 -319 -74937135
98 98 -617585960 10516 -520703620
21 14 -568975367 93122 -117049283
98 57 18921786 784071827 691490026
74 98 -175479396 413969 1614316
62 35 6 942225085 341186720
86 3 -16035878 1365848 -4522
31 98 -788 999905698 1898713
42 21 -301014664 -54856666 -2418997
12 14 1635 94681414 100711
30 31 -5473017 168066411 73371590
96 31 33075 965083761 19879724
16 14 13166 611408942 5975495
21 21 8529559 938348051 38
21 49 -3513755 984312224 40797564
30 27 -992314676 0 -197600441
38 38 -478696470 -927 -5
11 21 -881498264 -52196 -2476157
21 98 -999727284 -19819444 -2466060
21 21 -954483538 26155537 -5461982
98 14 -27 999999995 42249670
28 21 -999999885 -49428585 -2369831
48 21 376230 48817230 -4939028
27 74 -78 993108097 837785
67 74 -7544 510398201 35674
86 98 1082343 617667211 13949170
82 89 -8255 980510936 27219
18 21 4 999999947 265285274
95 21 -167805160 6845403 -12517836
12 86 221905 252693100 3865
74 74 -34725499 175589266 879591
21 12 -717934730 -9228 -117497
4 37 44 999999999 166932738
45 77 -999999990 246 -3175155
21 98 -830118042 -2 1854322
31 12 -96921633 -558206 -157058
50 38 -825359439 -43274730 -535343484
74 73 -17604 664610152 800114437
21 62 -325 921727503 51366320
38 74 -999998237 98759743 -753215045
98 64 -216884351 5 -1927333
74 5 -220308980 1338720 -30631
98 18 -80 999635362 27942807
21 87 -8137165 394793091 47075175
98 57 -563948149 78104 6931751
98 21 -950309800 78911 -2247816
36 75 -90 348276579 -129677966
98 87 -622029383 -7515 4143884
74 74 -633576857 32181915 -202
74 41 -301312395 -5074823 6845693
35 53 -777232349 1127 -4619
74 98 -209317750 -7398474 1895975
55 91 -982718215 412005 -26938906
21 86 -974180257 0 -67524
78 21 -219 828697762 -3061310
21 21 -974830667 -475742008 -6
19 5 -39790367 -29520327 -118
21 74 -998222958 13307149 -2607722
90 21 -11 999819640 9207566
12 61 -267683 9477047 17969
81 21 702079 328122984 -810146534
7 12 -108220499 52411 -6806
47 15 -999999988 -148 710656
74 32 348859 997534760 258904882
82 16 -611317013 15976 -589946
27 48 -894615265 4512 4265455
20 74 -371617452 942 -72521881
8 38 -50 705678681 5857721
65 42 -383913053 -12928 -1144175
52 31 -987837280 -111244880 27901
15 60 1 946795434 -1918213
67 29 -50398 279765622 852
37 44 81854 999999779 -154262539
34 50 -999174013 -2614132 27956039
74 12 -402983812 0 -30038
74 21 3788 935345099 40957
31 4 -773503761 -162995 58181
21 74 894 614008129 -40925
38 30 -189998338 -5900 -5811969
32 67 12592 31936066 -186176333
65 43 -193 999011663 -2304902
65 42 -383986363 193 -1144939
81 37 -743297422 3224403 -747517256
12 98 -3118 72412638 2097272
12 87 4 426448446 32055982
60 72 -167499 12762700 64052318
4 37 -650988249 -2 163010187
24 78 -2061 999999993 6209077
76 18 -1511748 999030974 -155863
21 50 -998909178 -1376383 27884204
44 12 -359133382 -167079 -156168
21 98 -303523 582520317 320133220
21 86 12580155 987836072 219548043
95 47 -148121328 -45258808 -6867410
61 74 -999999413 -1726202 10802
6 85 -999884021 92077 -71180758
73 30 50431 938206293 761069
80 21 -18434 425383663 5687917
98 15 -999982451 -48937 -190741
12 38 -771683126 -15 -292743581
38 18 -684368008 298 -33978402
47 48 353 786276422 5025923
98 21 -614418775 -978 -1855098
4 21 178 999978884 -13967
89 66 37416953 52100889 50592977
87 31 250 173941800 -32021334
87 55 1217 859469552 306978375
12 81 -341686055 588 912394175
21 74 11504768 339060175 100749
81 74 6 175500077 -914501248
45 91 323889172 333163181 37689
55 9 -17281663 -17105689 -273209
31 18 -845162249 2 -24509
42 98 -300853641 33 -564240
96 30 -721462669 999999882 89576
21 86 -2242 804548941 -63289
12 98 -422 425815611 1925937
61 34 -2048 987211927 13138
21 61 7 999999584 22620153
31 86 -891905220 -170310328 -24024
62 21 -949857762 781707 -38396001
49 42 5236935 916515902 -3847804
81 12 -2505 195502101 -914531518
12 49 -991802508 -13423510 39185242
21 95 750168 145942062 13216895
87 42 -999995237 329365544 -29565962
81 49 -186732109 65013 -873667368
21 74 4999 180549684 -40936
42 78 -764014477 5482 -144557090
21 87 -3891 924301148 31985184
41 79 -265090069 999999369 8515237
96 38 595 999731686 5903419
98 12 -36922137 950995 -28383154
87 42 3 582615001 -29482569
5 21 -943866236 -109832 71569
50 56 -25917501 6280589 80641961
16 21 -528 611382884 71133
12 56 -5248441 108099048 421778979
98 4 -617204001 8236 -2235602
38 15 -705581105 -26605442 -35781191
12 6 105204 42456008 181584448
30 87 -4230 -4109 31968089
14 98 -276921 390561574 73443029
12 56 -4800847 848346800 110910059
21 1 0 690645792 899903670
74 82 -852230989 -44451 -884396669
94 39 26699695 999975577 841284
11 18 18 360088135 -2512307
8 98 -81689970 -2955820 1883861
5 87 0 840010271 32107415
74 21 -181658437 1 5578
12 74 -204330 174928063 33953
51 80 -138671 778751 530294
49 87 -634973306 -52359559 -8815994
4 74 -650988190 2 -64437
38 21 -349 999991434 -5828823
35 48 -9857003 813942867 5261638
3 21 -1227376 968611000 17241121
0 91 -6664300 11751 -2706
12 1 -1000000000 446941 887543953
86 24 -819752420 -26 -16221
4 14 -2086720 999982572 -81895
81 78 -14438789 322210518 -908283391
98 98 -547533302 3189 -28459
45 8 -12863753 -12802647 32129
17 32 138069 664076849 185112705
85 74 -35159306 -38 27884
38 21 -986630788 2563 -379826736
61 81 -195506791 139465588 913678499
28 15 -682951231 -1324637 -175272334
61 42 16171 825480894 2472008
37 39 258082470 737452682 -166248389
74 21 -171275921 795377896 12559892
92 8 -987828011 -29178263 -366584
87 74 -999999962 0 -32025898
74 74 -549849806 1 -7
74 21 -196061536 14204 -583002512
30 12 141875066 915934912 23160352
74 14 -181679496 61031257 -25448
98 21 357233 708406007 -1200822
38 84 -916 999775236 923742995
74 11 569678678 999999899 2486321
12 87 23 25418978 52265246
12 81 -999970616 -160 914533028
31 98 -35 908753819 32571256
23 25 -322257763 -322210696 3304
16 87 0 999789697 45711452
7 21 -930976360 10144 70030
12 23 -38788 829926881 27577
74 24 1167514 999724697 -31359
87 21 -702497473 130436 -31987246
87 65 -999999952 -346651 -85378428
61 21 0 988003304 53110
78 21 -437412145 64681038 -6186154
29 58 -802932230 72 -2601
29 14 -205118380 965014021 2805830
19 21 2506823 598465286 71476
70 24 -756330242 258780 -225785469
98 42 -622016180 16 -539933395
38 77 -705808062 100 -6924760
42 11 -310278018 0 -377138269
15 35 1144625 999644952 696639
37 87 -231572825 196355274 -135851233
94 12 -687941541 -31 -180230521
57 19 204377213 204387061 -21949292
70 45 -357967555 -16973920 -228650712
74 15 -373675770 40659197 -8107585
89 81 -7 941475273 914505900
69 97 3662 17483 -19167358
31 1 -685355645 -1487686 899940937
87 16 -418 727721739 -28208353
26 87 -3 999865681 57743130
21 56 -73535666 199755231 108527758
31 30 -145654629 -3646620 58417
71 57 25140 524934144 20502169
4 21 -402599057 26 -15788
21 4 -5839385 605541276 15928
98 21 -664306365 -32898260 -4164686
54 81 -289708105 -8463 914534298
31 21 1 999873819 84325
14 87 -730434543 -986637 32050008
8 31 1356 845277252 -14718
42 48 55703 3636539 2541923
42 42 -819296742 42530709 -10
62 31 5653874 908025463 -22296290
62 21 -35665284 949334852 -22250296
86 5 -8 784221540 968670924
26 31 56760507 902168702 -114529
81 5 -180535645 -2 -914533744
5 59 811073081 919029596 71742591
74 74 -226656632 -39397209 -38
21 21 -871010341 -11350644 -2
20 27 -562614758 -67 -72489345
21 37 -568800036 242894 108663135
8 12 -717958226 -23455 -2121833
31 4 -222988391 -52664392 31135
74 61 -985853419 0 -13774
82 42 -815304411 -324470 -102813444
21 98 -543684486 -2196643 -46606523
75 12 66 998684761 444259
74 57 -57935 999999996 21924043
6 14 5 1000000000 -71174726
12 64 169062 164217982 -1346
21 31 -514 173996032 -43386
87 31 -999999720 -8978374 -33958212
91 43 -310 137 1279828
1 21 1 477558976 -899901342
21 41 -674205 855365397 6805349
98 74 -800812 613815735 -1884736
21 12 -89 999999932 976783
16 21 -40398 502286223 78605
31 52 -170093382 -39 -20460747
62 81 239 999953220 892209116
67 27 7293 999999991 64286
74 4 -55296 758151827 792109090
48 86 -822946278 -1402895 -5028597
12 21 -999881934 54547 -3362020
87 77 140531601 999782879 -31989981
74 27 61591433 999999997 32927
1 27 -238585325 999962696 -899023863
98 4 -307062517 40196 -1839437
39 81 -1411 941391689 913853626
31 98 -808860621 11 -168546
5 14 -2289271 933304020 5580
15 51 -885408393 -126795225 -2315999
29 74 -803945132 -517009747 -139604938
98 84 -845084711 104062 927702224
44 98 -999999928 358323227 1768893
12 86 -911960404 -1554 -126576
76 77 -2846 -2804 -162441
30 31 -999939789 34814889 -60480
12 65 4762 102794520 3634046
38 15 24 976540468 -3599373
4 14 -369962819 999082979 -81893
42 35 -755860878 -18533 -2486714
38 30 -152447495 771683166 420839668
98 6 0 650071150 69253660
1 21 -993035682 -182 -914555765
8 83 -999999394 24 -619329
92 42 -825523829 0 2156478
31 1 -27282 668162177 899946468
21 98 -635294742 -275107 1855001
63 18 -998816981 -6659484 -431503299
21 74 4934 179726305 -16223
74 18 154 999717748 -27093
98 24 -999912389 19 -1928858
12 48 -10872 42309040 9163953
48 21 2 999987816 -4958974
21 42 2651793 947891473 2419007
94 57 -199582210 -199580738 21950170
37 21 1955 550291243 -166945276
37 54 -1000000000 0 -167018303
36 47 -2537 1445 -129673576
12 66 126 96363479 50887419
20 69 -988328079 3192 -90565382
74 74 -160 837036800 153919871
88 53 -238368 1837809 -447133688
59 83 -43765834 51 -3673
38 22 139 999999998 -5900984
17 74 -790327040 331212256 -750615387
72 97 -173986494 -2375 -64059148
28 74 469534 999984551 -2380433
31 19 -845170785 -12256 -162531083
15 38 -4559296 999999870 3963950
74 20 -999999964 -710149134 72521850
98 21 11 546751153 41767526
42 74 22887 314681114 -2459895
21 87 -8149917 933501568 31992449
69 35 -213550558 989967751 -19045476
59 83 9636 485369156 575
31 62 -174001913 37 19682401
31 31 91378 965181222 951
20 40 -200037 49664 -72244371
85 21 -996544709 -2593300 66492
21 14 337588969 999999963 -65838
21 42 -999904177 -432 2399231
42 14 -859297597 -83090222 -2485997
74 21 183704379 988438071 52163
21 48 527858 688056087 4960957
47 98 -999743708 -417659 -684401183
21 29 7071164 284095072 -71460
74 73 -259758070 11550971 -3824250
72 62 69135605 69277425 -41726951
74 21 -388314528 85070411 16428
20 5 73 999992451 954153535
84 87 -197042204 750692018 -889390299
15 21 -755807881 -379714 -1866778
38 68 99161 998841726 -5050987
38 10 -999960481 302 -13605945
12 15 -6 174700801 1936208
48 60 -821508903 19138 -5044220
38 61 -998263273 642887247 -5881850
74 70 -1390465 628800446 225760518
98 96 -621394656 -2731 -157727120
98 87 -295097049 49817 30054901
20 44 -241460 -229843 -72395639
21 12 3 999984560 933200
74 38 -985399703 -22077028 -444959137
48 74 47008373 300310142 54097800
21 15 -935506740 -11803532 1864096
12 20 -999999699 -8332 72551529
75 47 -289258723 57056 7348
9 48 -997899554 -4590414 5032381
21 79 -113490454 999999970 15320606
12 87 -342924 37869559 32063227
93 66 -18455116 41826432 50621552
48 12 -999868076 -151581108 -5031804
15 45 -670447954 15 -99597823
48 81 -658803452 -28 900700114
38 28 -5666538 563612193 67646269
74 18 -351180081 -56711 -365892198
74 5 -5540780 999999988 -25299
65 12 -5824461 764525058 -3347593
42 21 -987853012 -26366 -2419002
68 96 109747000 168355901 -850172
12 42 -999070733 -10708 2186599
14 98 -184 390561390 1921188
74 21 -3454010 872276321 357773252
71 5 -649332345 -64139 -670544243
21 21 -859952088 15134 -1
98 81 251 999999999 925012637
17 9 -995771544 -453 -1224808
15 31 -145628643 170829 -1908984
98 30 -999922813 -2 -285132598
21 52 -860156667 7225637 -626075473
21 61 287404 950240859 -52927
4 12 -37860237 -3086 -101575
6 44 -371834068 1532862 -71023333
73 98 -1664786 578932469 3868866
62 63 -987451881 377 -22328917
75 65 4337124 383990400 117066811
78 7 -1130712 -1128608 -6206968
12 5 -545884655 708344344 -2046221
48 79 -821531748 11 10346864
87 21 -73690 253249430 -31984943
22 94 112364198 112368935 -178
35 8 28 762544467 583242951
52 42 -12069965 999991874 2490967
98 96 9006 285454113 -1925440
45 62 12 670444739 98143725
21 12 -9814633 27107453 -108324
74 18 334911 999880601 -3977
15 87 38 999990504 30119769
85 15 -109587 8774303 1937141
12 79 -734495615 -11761056 3181499
39 50 42175 996564076 63420358
86 4 -781838328 441290 73097
31 79 -108635996 -357 -240568578
38 61 -540 1000000000 336445792
12 74 -897696380 347 29418
91 18 -622024927 4546 -63845
81 80 -425494310 0 -914004213
88 1 198805126 521873197 625039084
30 96 1538 295527626 -88572
21 74 -880180567 2257612 -294336212
48 74 -821543428 -113 -5001889
78 47 -153 764023182 -6201691
68 74 -999999882 3010702 -819374
89 69 405831 418501 19138750
21 21 -943866379 -43922392 -640957
31 16 -963829830 525319 -27509
56 81 -1 921254715 805934413
16 74 109124584 449299610 35633
98 66 -2125 151255293 48694243
98 42 46094 593840556 805453
30 21 5076 779477964 -16810
1 42 -991496103 -264198024 -897674956
3 74 -39 12 31094
63 21 -14864 568890319 66855
87 87 -738407481 -6 -562817
74 74 40263466 175500203 2926
11 31 2 439633292 -2488115
74 98 -181792148 -112567 1849668
87 42 -999998525 1291282 -29566031
5 74 14364 550349356 30629
47 60 2 801982262 191550
74 48 378 556909924 5014021
21 49 -1 954412226 40797664
18 64 -8572981 5218 -4170
47 87 -472 757142579 41415199
21 81 -167689117 -217 914462155
38 15 -1941943 755407257 31838525
19 87 -743566161 133829935 32014539
1 25 -120513 998348319 -889066358
45 83 -17171 -17162 -11388
35 15 -18 755379352 1933050
98 87 3076820 998326892 30129920
11 62 -999396124 920 17792970
39 63 -973252348 -4 -40633878
65 84 -698317926 -13 926007389
89 14 -68064 -56240 -22386
5 37 -999958140 0 167004951
61 75 -995606323 4455488 -139727
9 17 -22 165454685 1074545
8 79 -56094250 966471367 15391269
42 21 -299211754 0 -2419027
44 21 3715 971459675 -85153
92 12 196776 999997679 -327823
87 4 -146 449597536 -31965577
47 74 -729072841 112430924 -2149310
98 74 -234188935 321308754 -1446227
98 48 89 999944396 3161564
87 74 -998474962 1 -33519426
92 93 -6151 814841606 1667037
42 21 9 802107997 -2418982
60 31 -999999757 9553192 13225
21 16 -1916231 951287227 318751560
15 12 -717925689 -1 -2248849
55 47 -785559124 704241 -265869
86 21 -64514713 790880490 67522
37 12 10256 999999989 -167016243
81 21 -111371539 258020134 -914462788
87 21 -154 181039738 -31906302
74 30 -838004344 -1859 53340
74 20 -171619485 -11336 71754897
48 74 -821168910 1016 -12166313
35 65 -679953 -62 3630889
39 21 -715260412 4 -1968372
81 74 306387106 624335997 -798319452
16 5 -840029892 -200110859 -495
5 57 -991744816 -770 3226806
21 21 -278049179 -43 -9233824
87 87 1311 728730988 1
77 87 -6985874 999998011 89311641
74 74 -175770687 -5 -60849
90 74 -999818829 157935 -467484
25 74 -256951192 123 -63646810
74 10 -203975987 5451374 -37835
38 74 -692777268 874591 -5901194
95 74 -148298069 -24 -6375073
78 87 85 999999170 25848250
15 21 -806485717 973266572 -1796023
50 98 -999046807 -7550555 -26030765
51 21 -448112298 2828 72276
74 38 -851759206 -13600684 5787394
12 21 -999996574 -2554 -4924519
13 21 -447049979 -1002 -206693092
78 25 -677741820 172704059 -6205552
21 94 -999999284 3 -42097692
20 36 -434916606 -434915845 57127653
18 21 91658144 569300873 180335783
79 4 11 634341735 -13114022
21 87 -983566860 18284 31984919
21 21 -275632344 987836012 43151
87 37 -654958 852690890 134960480
