100 1000
-999876564
999960333
-999912121
0
0
-610093292
0
0
0
0
999968645
0
0
0
0
-24279
0
999999173
-967815858
999610165
24276
0
0
0
0
7363
999999969
999999160
251131
999918040
0
0
0
0
0
-999999775
827
1000000000
0
0
-999918040
0
946097328
0
-1000000000
0
-999967813
270314
0
0
0
0
322177956
999993490
0
62555
-670328988
-998812879
0
0
52715551
-999999996
999999775
995392578
0
999992633
0
-999999992
-999960333
0
999849566
0
967815858
0
0
-999999994
0
-999868263
0
0
0
0
0
999729683
670328988
0
0
-999999969
-385299286
0
-999993033
0
0
-999993490
0
0
0
677698608
0
0
10 6 -999999969 -272132682 999763955
98 67 202035868 993545074 -998670048
99 88 999999992 999999993 -958951502
37 30 -993860223 878470436 864577414
52 92 -999999978 -992077472 999999944
29 68 -575274260 999960341 -999999999
95 18 999993489 999993490 -999980151
4 86 -993559497 -993228351 999996995
27 11 -999877844 -738058960 999833678
30 98 -999999982 -999304212 954858261
85 70 -999999973 -999999944 999998516
19 74 999876456 999876922 -997891906
6 29 -999937973 -999927823 1000000000
63 93 -999876861 -999874541 960618937
44 20 997236671 999998789 -998978285
93 25 -999941273 -974755900 999917481
16 75 23621 5568401 -999480574
29 80 999917959 999940880 -990876207
83 5 619370545 999999982 -849417561
71 36 -999999982 -998876899 999960189
91 46 999999557 999999611 -991818723
90 29 -999999995 -985724134 999999982
64 27 -997558791 -995555689 999998687
54 4 -997927901 -997927786 999999984
1 50 -999999997 -989928011 987556777
55 94 999937945 999938128 -999999996
13 29 -999967843 -999940424 968686420
19 70 993891947 998739886 -857325242
13 48 454774641 998645513 -999981758
85 27 -999752012 -988952949 999997979
66 99 999907161 999999992 -963913476
26 43 -1000000000 -998831853 999999154
47 78 -999938733 -999177659 958166514
78 87 -999999998 -999999991 999999940
45 62 999114259 999999981 -999999724
94 88 999567593 999918048 -999344955
47 13 -999611127 -999610165 999999995
54 84 589478355 999999998 -955388793
33 93 169527877 999617246 -996708539
25 28 -999999969 -999999853 999998348
99 23 999948429 999999997 -985869126
98 20 -991421411 -991393331 999999998
49 37 937827390 997928250 -999999486
16 66 -999985752 -70024762 998835698
17 49 -999999969 -999999877 990493569
58 55 -670361521 -670328882 999999980
90 12 -999610274 -999597801 999999996
22 8 999898132 999999969 -999908432
22 32 999729683 999729737 -999037908
67 2 760057384 993622141 -999999984
37 39 999999963 999999997 -879330953
44 92 663419938 670329018 -999872018
30 20 999999710 999999997 -999992598
28 52 -999999980 -999999952 999150360
21 65 -999999999 -984378549 999943807
95 3 999982993 999984406 -999965570
38 97 -375469657 999980038 -935889801
95 65 999751036 999751161 -999980432
93 67 -999876673 -999876557 999993873
62 45 -999983774 -999721581 870600029
63 66 996480786 999937951 -999999957
53 28 999993709 999998601 -999999938
77 64 381588 497883 -999999559
24 74 -999999999 -998083056 999999983
13 14 -999999987 -999999072 999990217
52 16 322177940 322180205 -475600864
23 71 -999888335 -989703458 999999700
7 17 -999999995 -998556345 999999994
63 28 -999983733 -985225404 999998397
50 40 -999627251 -999615778 999999863
22 73 -999999999 -999999591 472286840
57 61 -116601027 -52417175 287901862
12 14 -999876575 -999876535 999741933
98 41 997927894 997928516 -1000000000
91 17 -999999971 -999999846 999999992
77 78 -994079766 -991913278 997648052
57 99 993541106 993967818 -999999980
25 55 999998143 1000000000 -999995369
96 66 999930766 999992715 -916068006
66 68 954649456 998613041 -994978933
45 32 -999970600 -999772182 999995703
34 3 -999983753 -805437392 928484661
94 77 -998613041 -998565082 999999532
98 41 997558111 997558790 -999999999
79 59 -999751137 -999751079 999638050
56 28 998612892 998614068 -750264447
53 9 -999610169 -999607301 999980683
36 21 -999984234 -985310334 993773926
0 38 997869170 998841105 -999912370
25 94 -999984574 -999937303 970846833
3 72 990977194 999995903 -999999717
8 20 -999973453 -999947022 239274028
76 46 -999764724 -999751132 999999647
57 7 -999999981 -999999969 999999969
29 19 997199941 998381449 -999997603
8 97 -999998601 -999998592 999975462
50 48 993541162 993541171 -999999999
7 10 -999999970 -388663338 990443769
2 37 -1000000000 -961211512 790360007
10 53 999977100 999981422 -999999981
42 98 -999999999 -999710911 999266281
78 37 -993542819 -993324628 999999991
46 16 -993542137 -356130620 999995571
30 73 589289027 999999998 -999999988
33 34 -999999992 -999709590 999971219
72 39 991421045 995513136 -999965856
39 96 -999983742 -999907193 999970481
75 77 -999983790 -999983729 1000000000
30 17 -999994058 -999820287 142546404
58 98 997927891 997930105 -986421687
2 61 994935032 999937964 -972542312
29 11 999999961 999999982 -999979001
21 84 999999969 999999989 -999999926
14 78 -999918169 -999917785 641399903
60 36 -997559368 -997556895 999999993
27 41 582744417 670329539 -999998892
0 17 993327743 993541633 -999934435
7 14 -999953014 -999918031 993065235
63 2 -999999986 -999999965 999986814
26 36 999954147 999967830 -999999963
51 1 -999999984 -999999777 999983730
57 15 -999984280 -844808911 999976022
29 41 -659450 529186419 -999758362
46 97 839605846 999999976 -999999319
83 38 -999999972 -999999960 999999989
17 22 999999456 999999972 -999994113
74 87 -965068381 -946097140 999428516
2 30 925615776 1000000000 -966858017
78 86 987826217 999999997 -999999950
69 70 999996741 999999980 -998979840
14 31 -999997470 -960493866 999999792
23 87 999993469 999993733 -999999995
69 56 999998058 999999575 -999808805
39 54 648020671 671038602 -999999924
15 39 999999036 999999624 -999983856
19 40 -999998649 -946394319 803423549
52 40 999992632 999999699 -950168331
1 64 -999984073 -990261922 969409118
71 91 990014674 993541194 -996293186
50 76 998348462 999770855 -999999642
33 91 997913470 999998602 -65591440
59 7 -999918717 -594876806 997269924
55 91 -999851061 -951548561 999999993
98 35 -993541170 -991608835 884255968
13 26 -999610165 -999610156 995140325
15 90 -999938169 -993429110 999995950
16 48 -999938006 -999937946 979124442
59 89 -999882986 -999876533 999999957
41 31 -999992638 -999731555 952826870
64 95 999999998 999999998 -999999981
9 91 997390344 997559814 -999999705
63 74 999999403 999999999 -1000000000
79 41 -999987313 -999838991 999999993
2 70 -999849662 682273094 995873951
74 34 -986931835 999999998 -991336570
38 51 -999999974 955463503 997407331
58 26 -999783132 -990474261 999999943
92 87 669431438 670441111 -997693341
20 27 999183534 1000000000 -999993761
65 45 999903169 999997530 -999999998
77 39 -997558868 -997364233 948811546
73 20 -999998084 -999997575 999999174
5 78 -999983775 -999983624 999999887
26 0 931777079 946968560 -977099606
97 8 -322185363 -300844999 999803240
27 47 -999612345 -999604622 999999898
45 90 877973555 987309598 -972664670
49 3 -999999971 -999999969 986690028
37 47 996543482 999732788 -999975387
93 9 -999985570 -999983641 529423833
13 40 990110594 997928225 -997858487
81 54 999999997 999999997 -999433712
18 50 993541167 993541185 -999991520
42 87 946085359 946097330 -258905694
72 26 999610090 999610181 -690860553
44 50 967181376 991421327 -982104094
97 58 998742001 999999969 -999907933
8 17 999999907 999999993 -995531118
33 7 -999942165 -998080078 475452371
26 49 996465724 999999999 -999999949
63 55 998611921 998615614 -564143077
0 38 -994170965 -748460129 990427032
44 97 998814004 999999996 -999999996
74 66 999912121 999912363 -999996590
32 13 -999999991 -600515545 999999989
82 91 -999999987 -971456001 995989737
15 0 999750807 999751136 -999999780
89 99 -999999987 -945835069 999998775
80 77 -995181851 -978311496 999441774
55 94 999879138 999918122 -999898871
69 12 995392537 995392584 -999998807
99 37 -999968269 -999967812 999999928
73 59 954312177 993541177 -999999992
27 14 999872779 999876564 -986618822
61 5 999944336 999999969 -999901520
58 89 -999983735 -999983645 999999978
40 2 964546673 999999975 -999729446
20 80 -999999973 -999999732 813543195
47 61 52502723 52715606 -999934008
61 78 -999984142 293663889 999998473
89 23 962898005 999964909 -999997359
94 62 991421327 991422046 -999999665
92 48 999970093 999999990 -427255637
0 45 883015911 997560461 -983452232
63 46 -999999981 -964952417 999786941
62 74 999572341 999919606 -999999327
70 2 998587807 999952818 -694274569
95 18 -999999973 -566885269 999999940
94 79 -999999999 -999999989 319221576
34 29 -999999985 -999999969 961809158
40 29 -999999699 -999999487 997129411
44 81 794187297 999999997 -999999994
11 25 -993541195 -993541170 806929876
3 97 -999993584 -999986866 999999991
63 20 998352174 999972561 -999999994
80 25 993531998 994269325 -999949066
46 15 941589537 999999587 -999999992
91 12 -999920345 -999874353 994929916
82 89 -999993492 -999988186 998440324
82 97 -999974435 -999967807 999999695
83 92 -999999039 -393681122 999999985
55 79 -999999983 -658043532 999999894
62 95 999751121 999753079 -1000000000
62 74 991418902 991421618 -999823429
42 65 997318458 997562632 -999999917
15 3 545757185 670328997 -999951055
12 75 -824687388 999999981 -999985106
27 18 993541169 993541176 -999995689
8 6 690142590 997558883 -999999982
39 77 998612668 998613043 -999999534
34 94 999975092 999988933 -57815300
44 17 -993542194 -973129474 999940744
97 92 999999510 999999970 -912355725
90 52 999998601 999998604 -999995561
4 17 -999999998 -999999725 999991554
21 61 -999984957 -999983438 999978811
75 15 -999938402 -999782916 40745769
41 59 190376783 989659152 -999999679
14 72 999937921 999937992 -999999998
94 59 -993541170 -993541084 977588661
48 71 998612811 998613135 -999999998
30 55 999983599 999983743 -999999914
15 36 999990039 999995544 -999999960
78 53 -999993490 -999356776 1000000000
93 1 -997558831 519001143 999999995
34 47 482646519 999991034 -999274906
94 98 -991453323 -991421303 773295278
33 20 991693890 999999994 -995889023
59 18 800193025 999999998 -999996401
40 80 -322177957 -322177955 889223876
15 0 999871886 999882638 -969487068
1 95 -999999980 -997720433 997463536
31 12 -999971121 -993986124 968703143
55 54 -679909492 -670328986 999999983
31 78 992840160 997579929 -999997914
23 64 -377488885 -358351 999991414
8 97 999990079 999990095 -754113055
45 93 -999999969 -228427436 999999983
38 67 -999983731 -999967599 999884806
69 65 -993541246 -993541167 999999935
24 73 952455605 994158113 -992230855
50 89 999863486 999876595 -873048010
3 75 -999998865 -912397241 981213140
84 76 -997928378 -997927848 999999538
93 7 -920636819 -920636450 999732600
37 40 -999999997 -999667381 999995447
39 96 -670329031 -670315643 986737022
16 68 -999999971 -999586481 987637029
59 2 -999999997 -999999879 999913353
71 84 -999999990 890451752 999999967
18 93 982441299 999997649 -990350957
26 87 -670329093 -670313281 999997696
39 51 999998844 999999975 -999998162
63 86 997558592 997564095 -999999771
7 48 -993667823 -993541129 999949843
84 97 670328971 676348477 -869522698
20 19 -997927897 -997462300 998846190
87 26 -999999998 -999999733 406112302
83 60 999943723 999998612 -648169177
31 96 382833 382879 -989531955
52 63 -987488098 -987308981 878240968
2 55 -998709316 -998245250 999999000
0 6 -999999998 -999997645 999999261
44 26 -991421745 -936799772 949688461
42 81 -999999987 460438042 776502803
66 78 -999999972 -986572848 999964458
53 89 999981216 999983022 -999204799
76 96 897851417 999998761 -1000000000
27 28 -457312392 999967820 -999103294
56 5 -997927897 -941091197 994289876
35 99 -999999987 -999999962 999998011
68 91 999993811 999999970 -999999892
33 52 -999615802 -999567321 996804007
48 61 102648843 999999995 -999882189
60 22 -153837396 999999882 -999999874
71 8 997676580 999937969 -878828752
19 27 670328704 670329093 -999999252
92 73 -999999997 -713689932 888241746
24 64 999357051 999999998 -897752408
68 78 999912121 999935837 -999999999
15 67 999998601 999998690 -999994083
13 47 -997927897 -997925488 999999992
41 85 -999912126 -908402108 999995336
73 22 -998691659 -995464464 999999816
50 12 -999999999 -999815273 999999966
84 96 523204969 999999982 -999772074
26 97 -999877291 -767704102 999998739
25 61 -927912 9942 -999997690
9 67 -999999997 -999999854 923541306
62 91 -999937564 -812955443 999999999
36 19 -999998612 -999998516 999950684
80 39 996124874 997579531 -991784456
29 98 -999967839 -522431835 999838308
35 73 999995024 999999973 -999944723
60 90 998613038 998668268 -999998603
0 72 -999937952 -999918514 999999769
92 86 -999879667 -999876487 961652986
0 13 -342308703 -322117805 999619763
62 43 999449145 999999999 -856897485
81 56 -999009572 -998979834 999999996
15 56 -997927897 440657092 970342181
75 25 -999999970 -999998455 999999564
71 81 -999610202 -779627320 999999883
10 55 -999983860 -999983713 986394533
73 32 996351379 997927986 -981289055
96 74 993541127 998968442 -999993127
34 12 -999941064 -999932690 999997410
96 66 -999992739 -812667100 999999015
95 22 -999993535 -999993338 988896942
14 58 -999999984 -999999978 999999203
57 12 -999999584 -998224853 559765327
65 27 -999610169 -999610148 999528012
22 83 -999729689 -932740116 999024743
24 89 999998015 999998602 -999999975
64 63 -999999982 -936169910 999997888
11 52 999524807 999852726 -1000000000
36 93 999774717 999996144 -999999971
29 8 -999999994 -999905767 981841479
9 76 -1000000000 -999999959 802258044
78 67 999992158 999997575 -1000000000
40 69 -999986636 -972758323 999999770
59 0 660751250 670329004 -972373838
89 95 999384901 999998857 -998846940
94 44 946730249 998613260 -996078280
31 65 999994133 999997833 -965670829
55 35 -492800864 -16723 999999981
6 98 999999418 999999998 -957407298
73 66 999979790 999998603 -996206683
21 59 -998901074 -657297680 999805607
23 81 999609495 999610165 -999999204
47 87 -999999983 -999999977 999999989
12 71 -999999983 -994846584 999598713
57 49 4590349 322183426 -999485376
65 32 999939074 999967212 -999999077
61 21 -993541254 -992293149 970050135
80 14 999390529 999938684 -999997260
68 27 556036777 999998610 -998704415
54 76 997558712 998494413 -973645128
39 30 -999999985 -999999908 999999077
26 30 999466456 999999998 -999997040
13 20 999967805 999969946 -999998465
7 58 985753759 999999998 -999999554
86 40 -993541386 -993541167 999996970
39 24 999950772 999999997 -999999895
99 53 -999999995 -999999965 999999987
78 68 987667925 999999972 -999988219
94 84 999999981 999999981 -999999995
93 57 990330151 999938580 -999997270
31 14 -993558094 -993506498 999999997
15 92 997420227 999999985 -590149965
9 37 -999610204 -992887561 998780642
78 81 -999615893 -999615781 999999915
22 58 981771433 999615795 -999999944
86 76 999937928 999942315 -999972993
59 70 999582621 999999981 -999998921
66 8 999999261 999999987 -986673762
22 20 993345434 993591610 -171691644
30 78 -998613064 -998613027 900701334
14 42 -999998952 -907574000 999973743
59 37 -998728701 -823030649 999999849
7 48 999983730 999983733 -992956230
85 91 -993605018 -962960925 999999993
98 4 -999999969 -999999961 999999993
95 92 -999984132 -999983731 1000000000
0 87 -999983788 -522082809 999995277
94 65 955434068 999999972 -916407154
78 45 -322177968 -322130558 999931537
21 1 -999999979 -999960503 983438880
0 27 999900358 999970661 -979908778
51 23 999993429 999993614 -999814521
19 26 -999999978 -797649816 999987156
77 28 -296710 -251064 420703972
54 79 -999985093 -999983704 999999999
33 2 -859783208 -321884374 999996444
40 42 997558789 997558901 -999999835
16 30 998578940 999999997 -999914040
54 29 920835473 999938423 -917775801
86 78 999999772 999999970 -999999746
83 15 997558289 998767804 -975087415
18 31 -571228882 999937957 -999955058
58 51 -999999989 -983808328 999991263
41 44 -535650880 999999997 -999996616
53 36 999941748 999999998 -998896342
68 14 -670331903 -245062595 999996622
59 57 -997558790 -996427234 999540840
93 55 -876969618 999990157 -999999613
36 60 -999999969 -995008999 468070587
27 69 -11424302 31347 -999999933
17 44 999999147 999999178 -999999883
24 13 998612946 999317110 -981566732
85 15 909613540 999751149 -999565029
80 23 -999937959 -999861197 988261279
52 41 -999992633 -190126470 1000000000
97 7 -999967814 -999944028 999999969
33 22 -999998717 -999666805 727099987
91 22 486321243 997558790 -999998657
65 32 -999967212 -999942309 995756398
69 98 555222544 999999986 -999999710
10 73 915355820 1000000000 -999716047
96 54 -997928967 -997907280 999685970
99 3 -999998767 -999998596 998253775
63 18 999999449 999999975 -999999938
51 85 -999993501 -741083308 999887021
94 58 997917501 997952066 -999372428
13 53 993541094 993541199 -999999999
87 75 982634264 999975724 -994484583
45 62 -313879488 999998703 -326440083
47 89 998148125 999999999 -999999995
98 59 -997618755 -906723452 999999992
37 43 -920643476 -920636746 999244040
73 8 999999848 999999993 -987085928
83 49 999537317 999999970 -999709025
69 98 -1000000000 -999934091 944904254
79 28 966095418 1000000000 -999999627
79 80 975888781 999667133 -999999999
1 15 -999999996 -999063848 999871392
90 56 998613037 998613480 -999999997
42 24 527410351 999938184 -999999999
19 62 957879417 999988125 -999999837
76 28 -999998612 -996413671 999999987
80 9 -999999982 -948056360 999311282
88 56 -999670423 -931809450 999999997
5 30 993541156 994369494 -999999923
12 39 -999999904 -999997672 997701924
74 57 -999998628 -999998600 999988278
6 94 -999999998 -999956941 974087898
54 57 993541168 996287913 -999419902
36 44 -139726 7002362 -898360514
4 41 -997928173 -997921778 999993177
58 96 -999998610 -999966126 999999280
82 50 999999968 999999996 -999956429
56 8 999954487 999990137 -172133958
6 42 999937370 999941371 -999999999
24 71 -999610170 -360916523 999993746
16 71 999999935 999999992 -999985750
38 5 -999998601 -999845608 858779610
64 83 999999917 999999981 -998988145
99 4 -999999984 -999855394 765319575
25 37 999950902 999998608 -999999665
5 97 918367869 999999970 -999999939
62 59 -999914086 -999846346 999999998
32 74 -999999986 -999637890 999932635
94 96 911225129 999593773 -999999818
89 77 -999999991 -999259564 999999970
93 39 842696000 920646113 -998849224
94 32 -999999999 -999999639 999999775
80 68 999912014 999912133 -987010813
47 12 996893344 999937977 -990578468
8 22 -1000000000 -999981334 999999507
62 17 999995119 999999971 -999999932
37 68 999997358 999999420 -999996140
31 23 -1278943 -382862 999999882
89 3 999999920 999999969 -999984303
93 20 997558766 997558790 -1000000000
31 39 -998991307 -998915664 404192940
45 88 -999999998 -992653422 999998972
57 19 999876564 999876744 -998866804
39 26 999303204 999987170 -998556547
49 54 -989824155 -987309553 997755018
31 18 999967813 999967949 -982409068
85 52 999995798 999999994 -188262817
72 15 999990076 999990170 -999960062
25 62 999687027 999754923 -999999999
59 55 999741945 999918041 -999991266
14 1 -672603737 -669035199 999642617
33 9 322177934 322178066 -997540507
21 8 -999919038 773255323 999999990
87 74 -993565936 -993540827 999999253
26 85 658229171 670352827 -999999122
31 60 -997559699 -997424450 999999959
40 63 -999617183 -994583579 999999993
25 13 -999999432 -999875765 999998649
88 51 998395904 999999981 -994353745
48 66 -999999970 -999995651 698410441
40 61 999992386 999993628 -718845622
41 47 -999927050 -999374051 944945352
78 49 -999983735 -999968770 999996211
90 49 -993799392 -978501814 906575513
0 70 999615766 999615782 -999999997
58 54 157997733 993544388 -756563528
69 53 978391622 999999973 -991994724
88 5 610093286 611220794 -999782477
74 70 -999999990 -999998876 768048403
26 12 792355165 999973594 -999848409
80 41 -999912152 -999912120 999002834
93 83 -670334232 -670328986 995495654
31 45 -999992634 -999868706 999998438
97 84 973364115 997559051 -999999705
67 58 -999999969 -999999754 999999861
82 22 999992874 999993678 -999926194
20 26 999970012 999970808 -999682931
32 37 -417586281 999736819 -999999996
80 18 998462436 999983746 -999999284
88 5 -999877672 -997091706 919056125
21 76 -999939470 -999770581 999999881
83 83 996655608 999999998 -999999949
87 67 942852072 999938139 -999215214
72 45 -997558823 -997558774 999999879
24 84 999610151 999623934 -999999992
30 60 998612732 999565549 -999999622
19 72 999555792 999610166 -999999775
30 25 650447040 1000000000 -879471941
69 32 -999939257 -999918030 124724883
29 94 -999999590 -999583871 999999984
7 25 -731448843 999881155 -993775265
31 13 993541169 993568541 -999999776
78 83 997558383 997595160 -996121166
39 69 999969711 999977863 -997964450
78 46 955122726 999622429 -958417040
58 30 999999304 999999993 -600173544
90 65 993540887 993557593 -998096864
33 0 -999999588 -680230157 998563107
70 74 -999998634 -999998591 999999659
12 14 -999999998 -999999612 999999344
61 35 999999960 999999981 -999999957
46 37 -999999987 -999999954 999977667
47 10 999335366 999999979 -999999970
8 62 997927730 998003004 -749068338
1 29 999426802 999967198 -999913915
43 48 978290946 999998621 -1000000000
43 48 -999998548 -999972652 999999959
63 61 -999913482 -984626260 999899309
61 72 -999999992 -999946123 999999239
54 0 999998514 999999970 -1000000000
76 43 -999983761 -999983710 999251539
20 54 997558699 997575678 -996704911
74 87 999999441 999999603 -999999949
53 26 993541151 995061226 -986361430
28 58 995247030 999967884 -946028273
17 7 999597668 999983981 -999999780
91 87 -999999671 -992384937 999241493
95 63 936165595 999939858 -999998505
89 87 -999993645 -999993321 995701478
80 9 -330195251 -321959895 999999951
3 17 -999937968 -999928372 999973314
57 30 989768710 999983782 -999954305
64 60 -993543606 -803476484 999999563
65 20 989994534 999997663 -880344940
64 0 -999984909 -702426485 994831343
14 15 999998395 999998661 -843976467
78 82 -999918047 -999917887 997804310
80 56 670328929 670328988 -999022179
7 68 -920639642 -918457143 985122298
59 46 999999913 999999974 -1000000000
0 57 -362571967 946097411 -146470517
67 8 -999876938 -999440046 999999986
65 7 -332149018 357860418 -999733333
37 68 920636807 920636918 -999999997
69 26 -999983845 -999927263 364683156
73 58 999999940 999999970 -999999032
24 65 999999995 999999997 -999995523
81 84 690811611 998988632 -999989041
41 49 -999999973 -999999969 999999979
61 66 999610711 999967813 -999995142
5 22 -999999999 -999973298 996324582
66 81 -249344120 999993533 -999999998
96 34 999999544 999999993 -968618609
43 26 998495513 999999998 -999975379
54 90 -987309639 -987298476 999999702
27 60 999147925 1000000000 -995511745
89 81 -999762400 -999578574 22223236
92 43 999999983 999999998 -999999222
7 79 -999876761 -999241682 844758213
38 8 -999976766 30242253 998139486
88 48 999608462 999616770 -999779925
97 58 -999998640 -993807842 999999661
22 41 -999615999 -805359669 998944724
60 37 998869818 999937962 -999999940
2 0 -442129780 -322174091 900687383
33 76 -998613191 -443033209 999999996
4 35 -999999985 -169252001 999999843
59 76 997612236 998976716 -998966261
10 69 -999981650 -771417423 992963777
56 71 -999999973 -983959935 999216319
56 73 999550836 999999992 -384048751
56 55 -999990541 -982636251 763637378
67 18 999937940 999978028 -998852302
45 26 -999878162 211045116 997828673
60 34 52715551 52776354 -999999075
73 59 -323054111 -322177888 998597709
4 78 999999858 999999983 -999855172
99 75 984040074 993542175 -999999883
8 50 -997572301 -950936984 999945250
88 79 999876542 999895740 -837950272
70 56 -999999981 -913345782 999927455
68 70 -999999970 -999823953 647304490
22 87 -993553511 -993541161 1000000000
5 67 999200844 999999999 -999819224
2 94 -999983745 -998746058 999998536
20 69 498681451 999998761 -999984916
31 12 998983284 998988943 -999999503
20 4 -86190487 999999982 -999999939
5 84 -998081214 -997927896 999546066
9 17 -997558888 -997553584 999999778
67 44 -997927921 -996752671 999999917
79 43 -999999990 -999999952 999927951
55 34 -999938036 -998832974 974093167
69 63 -995400776 -995392574 966646904
7 75 -999999972 -999999847 999999950
79 31 942875424 999997666 -999996739
27 41 -997571368 -987426835 999999883
84 49 -991308680 -981947940 1000000000
38 87 999997317 999999972 -999923144
59 32 -997929131 -997927674 999546254
59 44 -999999998 -999999306 999997401
58 98 -998719279 -899202835 998805094
50 25 -999876565 -999876346 838540404
16 34 -999918082 -971338354 999999931
67 8 -999967834 -999965994 996539526
28 43 -999751137 -999751130 999887101
11 83 -999967818 -999964229 946636429
5 1 -996970365 -920296354 999998386
28 34 -999999983 -999999731 868490395
23 74 -999999970 -999999289 999998865
65 51 941792876 999985002 -999998820
33 35 998632437 999937965 -999999985
59 45 999615772 999619279 -986690671
79 69 -999999992 -999814503 999999997
17 6 -997784231 40470645 962007576
61 40 999997696 999999987 -162168301
43 35 993520128 993641742 -999725419
98 73 -999984361 -988598436 999999965
22 3 -997932963 -926268856 999606157
88 15 331390377 692790294 -999964546
0 76 -999615908 -999615674 999992115
74 28 929831130 946115381 -999999729
2 42 -1000000000 -860285928 837993454
7 57 322177946 322177956 -997171128
85 3 984961377 997928258 -999999989
89 97 -999983929 -999981558 999966496
1 97 -682464699 -670328748 999908634
85 66 999999962 1000000000 -999999658
49 69 607104041 999999992 -155421635
57 91 -999876658 -969150260 999546724
11 48 -999876565 -999861867 999999672
59 62 -999999983 -999999166 999999989
1 36 -999998602 -999998525 999728714
48 26 999999958 999999989 -999950036
45 46 999887168 999967816 -639844400
48 59 322177953 322177994 -999560626
28 24 -236258931 999999969 -999763652
36 31 999862939 999983762 -981652027
99 28 -946862777 -864352909 999861185
63 8 -999999999 606267182 999996418
55 91 999912117 999912230 -999999918
60 95 999999743 999999975 -997054651
61 49 993541170 993541170 -999405650
70 77 999998477 999998617 -999924996
76 23 -999999999 -991334499 999999944
57 70 -997559965 -997558790 999948798
78 27 -999938075 -999920323 996957230
66 86 999923163 999949626 -999999956
14 19 999980139 999995810 -999999766
13 77 -331540546 -322177929 999999997
87 90 -999884986 -999673601 999998747
63 28 -998613042 -998531205 620530222
8 81 -999945659 -972713655 999998451
99 48 999876562 999927160 -999999954
49 83 318030658 322290957 -999736930
0 57 -999999761 583182862 998753757
69 37 -999999978 -995236367 999999999
37 11 -999999970 -733243344 996227220
85 67 -999999969 -999999622 985910382
87 5 -999987302 -999951807 1000000000
0 83 669102377 670329281 -971567331
7 86 950978634 999999970 -998337897
94 51 -999999975 -999960235 997395692
66 23 -998187774 -997895808 997299492
53 2 999998285 1000000000 -999981802
8 90 999997976 999998899 -997933042
35 87 994646568 999942334 -999995852
17 29 -999999999 -861775453 999999826
15 56 -999999986 -999999976 982125170
97 83 999979157 1000000000 -985928573
75 49 -1000000000 -999999995 771429960
76 29 997558790 999874838 -999181299
17 92 -999894940 -998672461 619082666
99 79 999563015 999997665 -999999160
75 95 999937271 999943528 -999997788
19 17 999983721 999984872 -999999926
27 71 -999999969 -999945945 999976788
76 67 999842897 999983765 -623258875
71 79 997892049 998613093 -999984463
37 85 997927877 997927899 -1000000000
69 89 -999999987 -963037590 893294192
69 89 -999981294 -999749670 999998979
72 63 996816246 997558855 -999994594
35 20 -997927989 -996815868 988744858
19 16 -519619 24337 -999999987
43 67 -920637036 -920636813 998057985
23 5 912801904 999902996 -980693221
7 29 999999968 999999988 -999999886
52 28 999175792 999999979 -999996147
10 69 -47193 -23542 998552652
15 86 -999999999 -207222214 999995315
30 23 -999999973 -999999967 829380049
17 67 -999994437 -188431043 988863342
66 81 996691531 999918692 -999999184
41 53 999828539 999999971 -999999998
41 16 999982427 999999969 -999999939
66 0 992771613 999998625 -999983775
46 61 999964226 999983911 -999999841
54 16 -999999969 -999819239 999994247
91 52 -999955561 -999837819 999999179
16 82 999918036 999918072 -984375366
24 47 -998613058 -998607206 1000000000
41 85 -993541327 -993424638 999999988
43 31 -999999582 -999110741 947057165
5 65 -999999975 -999992395 999999397
93 63 661652148 999628154 -1000000000
58 12 -999912121 -999909218 986853721
84 16 857916953 999999997 -1000000000
11 2 -999850052 -999849566 999021660
31 1 -999999998 -999999871 999978453
7 95 -999999981 386071783 999999944
35 0 997927897 997927901 -999799240
60 88 994777610 999999998 -999915973
28 93 -999983885 -969797249 999879458
81 14 -999991543 -999967724 993059269
65 12 -322182907 -322172601 999999957
62 48 -999999970 -999999968 999952461
39 67 920636811 929222112 -999999627
81 22 999967605 999971444 -999999980
29 58 -999857289 -999612868 999999681
56 87 -999344803 -998986607 999999978
12 88 995392558 995490986 -999984753
48 88 -999937958 -952294408 999915287
36 27 -999999996 -999523508 943254395
18 49 858786990 999983758 -1000000000
99 31 -999999997 -516087704 999994442
38 60 998259318 999983737 -998977149
62 86 997397681 998001095 -999999916
52 71 -999999998 -960950093 999961380
71 61 -999938060 -998581963 818820073
63 28 999876522 999876818 -292913793
46 97 -999937954 -999937951 219430050
32 67 -999967816 -999963933 999996403
12 57 896051202 999998847 -999115903
90 65 999895879 999999997 -991923370
98 38 999964334 999999979 -999801589
65 1 997558785 997558798 -944390751
20 6 993532619 993541431 -999913625
82 61 999967715 999975999 -999721009
98 43 322172169 322178758 -976160265
88 58 -670329033 -670328848 999983129
7 43 992640556 994389384 -989950101
33 36 -999999984 -999931378 613033806
29 75 -1000000000 -627837273 999999924
58 37 998613040 998613071 -999996479
12 95 -999998604 -999996005 986761242
37 97 -999999981 -999999965 999984017
77 16 -999985686 -999495382 999860055
46 52 547177095 999937954 -999884631
92 48 -999998602 -999769346 999995737
1 12 999943523 999983925 -922998382
5 52 -987309807 -987296445 999999660
48 83 -322177967 -322168978 888692810
79 85 675593002 999882771 -986990974
88 90 999998704 999999969 -921614039
38 53 -999611199 -997901521 999948340
40 94 970953817 999043664 -999846440
87 29 -1000000000 -999936843 982000508
55 77 999989591 1000000000 -999886167
58 10 994628140 999912136 -999999998
83 15 -516429998 999999985 -999509237
64 88 999621656 999937977 -999975112
85 81 -999993568 -999993488 999999999
64 24 997558790 997586461 -999999977
51 97 999983731 999983731 -988755526
52 42 803119019 999998602 -999999978
28 71 999831589 999969085 -990795073
54 74 998884847 999999669 -906328357
93 44 664024580 670343848 -983931144
12 43 999983553 999983735 -999999624
71 46 -993542417 -901425184 999999723
77 77 999999661 999999970 -193274882
9 49 -999967813 -999967796 999999967
80 3 -670329006 -670012608 999908189
26 39 -991421327 -991421279 963734860
43 54 999998612 999999629 -999999992
39 52 -999938329 -999926973 999997362
73 92 997227738 999999978 -999999989
65 48 -999984143 -319784960 999999906
42 39 999999966 999999970 -1000000000
56 83 -999999997 -999933016 993742608
88 28 -999999989 -961630733 895608144
60 34 -999999969 -999999959 999999994
73 75 -999983733 5510073 107765718
99 73 -999997675 -999942645 999994120
96 23 967881105 997928219 -995677427
48 8 -999999969 -999986255 999378751
63 64 -989964143 -984861962 999999998
19 66 -997928411 -997898634 999825800
8 45 -997927993 -997927799 999991489
31 19 -890010475 999937992 -983568863
84 36 997551103 997558809 -999566949
40 11 -993543096 -993490302 999999995
20 50 -991421692 -991418859 992384854
18 22 999999354 999999997 -999971005
44 47 997045972 998613045 -999296890
41 11 -999991679 -999977440 999914394
83 9 -999967818 -999967805 999999903
87 38 -997927899 -959864636 999739582
59 28 -999755931 -186500114 999997710
11 30 -999999992 -999891576 999999656
89 41 947245397 999999997 -997566704
86 80 997558401 997558804 -900733418
6 98 -999990830 -999983194 999999699
75 8 855534337 999999981 -851960563
49 86 -998225690 -997927824 822892657
96 63 -999983790 -999983672 999340910
74 72 939966321 991477884 -871024717
90 31 -999876565 -999860048 32121713
0 43 999751060 999751189 -999998521
56 10 -999999975 -999993904 543992737
27 65 -999751146 -999088385 999947948
11 58 -999994423 -999888205 999998978
60 58 -999969974 -999946831 999999997
50 15 -998323461 624359197 999715751
95 79 999975036 999999998 -999973945
77 75 999989986 999998601 -999999721
12 45 -999999977 -999831243 1000000000
68 19 999864684 999999981 -999999310
4 16 993540707 993541182 -999999626
46 89 -999766249 -999736660 955250156
3 63 -999912636 -999912115 803172567
96 98 999996983 999999998 -997003308
85 98 995668550 998651770 -981787321
41 90 382866 1021433 -999060730
36 71 999998800 999999999 -991754290
27 70 999935707 999999997 -999999972
17 43 999994773 999999987 -995929330
17 65 -999999996 -999998900 999999186
47 34 -52715630 -52715107 999999596
52 29 999998925 999999998 -999999991
59 5 -999999970 -998061776 999990905
1 6 -993541191 -993540831 993631520
56 70 -999626856 289654477 999853472
98 44 555173723 1000000000 -999968885
95 66 -999968173 -999957154 879281653
41 92 -999999977 -101929551 20434705
21 85 999833490 999912121 -996986161
54 62 -999938579 -630764848 558750301
80 74 179372058 999610252 -999999059
47 34 999989705 999991030 -999999986
39 2 -998613073 -769259484 999862130
45 5 -999999992 -999923203 999999988
70 3 -999995422 -879183138 650813856
18 26 943696948 999967813 -999946427
95 19 -999999993 -999376115 999845417
19 39 999310067 999972212 -999999378
9 60 -999983732 -999983719 966691182
16 65 999937755 999937953 -999998830
84 64 420996782 987311554 -1000000000
2 21 991704367 993874646 -762266124
97 76 -999999998 -999999967 954447852
96 70 -999999997 -999999976 999999989
90 37 -999937958 -999748590 999895004
64 57 -999937993 -125625018 901934312
49 68 -999999992 -999978103 1000000000
5 56 -999998842 -999998575 1000000000
74 15 999876561 999876761 -999099947
38 48 999980679 999998793 -999872840
74 11 -999999994 -999999974 998310684
11 31 999967813 999967814 -994869283
99 49 995137374 999986905 -999997997
23 74 -999612006 -999599370 980896325
47 19 -999999972 -999999858 999999994
79 65 -999610234 -992085596 999999466
87 15 -999976493 -999970381 999999990
6 91 -999999970 -999988610 999999983
80 34 999918030 999918439 -999976910
1 14 -1000000000 -999949059 942163282
15 62 -999983737 -999983725 999991821
21 76 998524968 998613069 -999995139
56 39 -999999982 -999987923 999999987
69 46 998961816 999990474 -999791440
91 60 999759438 999938029 -284293869
78 12 322171184 328934682 -998961220
26 2 -951160447 -860905375 999914665
88 68 999999814 999999993 -986823695
40 0 -999998602 -320958095 999999998
53 27 -999998996 -999870511 1000000000
22 98 999867969 999967815 -999999999
6 56 -999999998 -999238527 999959792
88 30 -999999973 -999996394 999998554
28 67 999998057 999999992 -999999962
58 14 999999931 999999972 -999998886
12 3 -999922919 -999911881 999962585
36 7 999799849 999967921 -976659237
39 89 999934567 999937958 -994792140
55 61 998129813 999999985 -994023321
21 20 999937476 999963397 -999889136
62 35 999813464 999999800 -999999941
55 19 -208645 10959222 -999999811
12 83 985419811 999999970 -993071093
66 20 -1000000000 -983813325 999999960
30 66 999993490 999995043 -790623066
0 73 862004254 999999999 -884957558
67 47 997927849 997929908 -989996695
15 44 997911303 997927904 -200701791
24 69 -993541317 -402787111 993895238
92 10 -999989899 -999983729 736870242
27 57 -999999984 -999999354 999950905
68 1 -999999984 -999999557 999999999
73 62 -999998808 -999942081 962387501
33 66 998612997 998682669 -999289183
45 43 -322793127 -322177424 980477528
85 96 670021249 670329475 -999787441
95 76 999997258 999999976 -990099004
33 94 999999561 999999611 -999988903
54 45 853720747 999983748 -995172660
87 12 -998987137 -992751398 999799521
40 11 999998669 999999581 -1000000000
40 22 -998011408 -870336649 999999946
24 32 -999999971 -991094312 999999642
18 24 -967817648 -967815856 999850109
72 24 -999999970 -999429391 979758698
31 11 -999999775 -591473177 999947140
88 32 999918037 999918040 -976780784
38 12 997683115 999610262 -999998704
45 5 -987317088 -987309598 40453629
8 45 -999883030 -937362188 999999992
29 59 985594826 999807764 -998678770
24 0 988888734 997776813 -974595963
86 62 -999880337 -999876557 1000000000
84 39 998981847 999620914 -982290510
16 77 322177956 322731977 -999994840
68 78 504606757 998613122 -949230956
24 67 -999998601 -987631134 999782064
27 24 967806317 967816169 -999993181
72 27 188596386 967817461 -999999037
17 31 999875565 999906531 -1000000000
53 59 -999999999 -999649116 999999999
87 99 999872680 999881934 -999986437
19 68 -670436434 -667451726 999985324
45 91 -999998601 -999996196 999993003
75 38 -705021521 993541199 -1000000000
45 52 448293211 999616315 -914575715
47 44 999999976 999999991 -999999999
98 90 -999999977 -999324733 999999884
45 87 -997927956 -997229046 999999942
20 35 -184495211 25313 -931835341
19 31 -999971142 -881661793 1000000000
50 93 999999146 999999997 -999997719
25 76 -999751140 -999656201 999994601
0 81 999999968 999999982 -999999344
47 46 -999616196 -998223651 999999990
91 65 -999937956 -999928925 830677958
2 66 999960599 999983824 -981731907
73 8 322177940 322807244 -981405308
60 4 -999999998 -999998257 999994489
45 62 941960106 999999998 -348338600
20 7 999937932 999937965 -999999396
24 4 -495175976 999999971 -999999341
74 64 -999999969 -998593167 999819822
9 40 999950542 999999997 -999990458
2 99 -947620569 -945452081 999999569
77 8 -999999970 -695044783 999999968
13 1 -999998611 -996166120 999949056
98 40 -322178316 -322163481 969633826
27 64 -993541205 -759143268 999999888
99 44 -136957762 999998624 -999998277
81 48 -999624307 -999615769 999978210
2 10 -999912436 -998606072 999988751
81 79 -999751175 -999746359 974400724
41 14 993540789 993544276 -999999961
17 24 -999937952 -938446493 999182391
44 60 993520151 993541206 -999992053
60 37 999940683 999986318 -979455794
29 2 -999999975 -999692664 999999994
84 37 999603590 999610856 -999999828
29 96 -5701729 743099117 999867581
80 6 -999985129 -999980681 999242773
95 14 778850151 999968378 -989340689
64 33 -999999969 -634920760 965026740
14 21 -999999997 -999999997 961096291
97 77 -998824550 -897535533 909013742
12 12 985170510 985170709 -999999963
63 69 -999970785 -842835233 994711425
