176916719
94407660
544258177
105922509
141317752
629938577
44232028
405953440
537811758
443252150
196670271
329079065
593105379
136431237
306488085
322380958
88799826
96912084
577467057
163959670
876514640
662932794
477181978
65949542
119811886
181217910
819042066
136431237
718697235
346209706
633051911
777909553
331487169
599149591
906953259
568484556
691103780
452459592
963352506
545052260
480476399
353321718
792937040
528756313
1601677664
752028766
136431237
30052410
95990639
136431237
638332658
537811758
306647414
487449327
996998470
720041811
195626384
629898748
1663687615
546769678
545052260
957356140
326439606
983917278
163815973
942895402
414594572
685400425
942895402
535999829
710870139
547580917
354325646
996236455
854968295
849289623
909058872
555610857
1530222949
981229809
797337844
