512342480
784928508
559811577
470850912
952769734
953292241
917006962
169764888
136987924
1842043684
684185411
782661943
727024412
647713890
192014409
231832822
727024412
134706415
570981511
545206283
1141435282
129099933
1327877319
408388854
782661943
638455939
747165460
1273688106
1594632696
50514865
728508574
398793145
643437693
634063725
1504196218
728257729
140145001
747543114
78228861
805152546
1820086740
1253188423
29190516
767759721
235524450
412368057
603187531
136987924
983937488
115129181
277645214
968755343
897981471
202717710
953292241
325699987
728508574
574343409
