211804214
221145449
485318753
699698539
874373796
358686711
105082529
431280497
797347745
100098955
779351358
601275085
291971829
650059452
315441762
837373641
347915730
890864267
584282453
519357636
412678932
990484070
804091173
80342525
830121583
129863774
917853413
657176339
83282169
2233207
247471874
28134357
352790990
655515046
284023228
214420757
783135099
372495980
417110906
363207882
105506387
262891357
500586860
804516753
670858574
272356405
222895660
116416543
386755877
968181599
482897098
957776745
718024005
186328332
20493116
185959466
684644907
499297367
950923625
994232893
252975361
478710092
519253455
55420863
174569591
203017985
939736639
770260430
802098811
238823844
431176184
300162705
371590026
479878557
579980593
748526412
971940339
