931013739
988876111
250712129
842560616
146617765
513797507
859595757
782930310
227664053
71889170
68572898
698506579
968435812
156181019
390327055
273319967
578415780
859652606
851639076
853968804
497567105
984283669
367422964
124252827
924615284
830957459
912753797
497402577
89460212
81582602
610995542
97295300
323971549
496960360
287784756
720319355
420426902
936211358
283462523
710687768
948799076
578502947
276219333
477674584
317726112
643469693
98714832
464882151
619617181
409963783
371979786
245262261
781272218
439063373
376696469
132293923
838637542
480523699
145413992
528305995
986414321
172963780
376129309
141795778
576976757
60378889
424363156
147754466
875527331
844410620
234540454
71994560
523801927
317485124
455624236
91527859
551836490
329558044
267397058
901130248
668942697
606105322
295790874
983646276
441411223
31521300
324942778
574100600
340415709
661294577
869783485
548925710
812378749
2563256
702691634
174492057
258791183
883738014
467961256
116684498
964767655
19375896
880000692
232577275
303083032
886321360
303183472
393309070
445293869
206021586
77794534
407336472
644163750
554103515
205750495
68809925
482444428
140360117
245705623
633834681
622636430
154391330
509152348
385071629
2736921
