88
17 12 500057710
58 55 30107400
51 11 209267735
23 17 399008443
81 25 587182879
29 2 253805047
49 10 868977855
87 59 195162272
68 32 770611025
8 2 620832441
3 1 706435382
72 30 431937570
59 29 809928698
32 0 433527491
22 9 167265453
47 10 180426755
13 5 368100056
79 35 721753846
37 6 464996347
34 12 438782171
55 43 314300241
82 19 550621782
70 52 46147266
76 46 121038460
80 66 474964156
75 0 152536707
20 17 955201486
11 7 446057126
85 15 949027833
53 42 386859146
19 6 864636174
36 2 330922634
28 8 568056530
83 9 433177567
26 7 458109740
52 33 120714503
73 25 294403015
84 38 989881170
9 2 628486950
41 20 277614809
31 24 860690632
71 15 639857948
86 64 568805828
21 3 957474456
39 13 396169943
6 0 975233885
69 38 160906496
12 9 926002846
27 19 758608227
25 15 550847495
40 16 448906709
46 36 461020002
64 45 622786609
48 12 43412192
60 10 130763530
63 40 556636624
78 60 851501935
4 0 66950057
2 1 741997441
62 13 582647217
77 75 919321995
14 4 867115954
1 0 118884819
30 23 617776916
16 14 257571541
50 41 542275937
57 13 119634119
15 10 621658025
42 22 853056580
45 23 510226328
67 48 760720367
44 30 597214910
54 34 84098971
7 1 175415880
10 7 510176862
61 46 549763655
56 28 161552224
74 57 260015622
65 33 123862181
43 28 626274618
18 11 658107226
66 26 846344646
5 0 578541379
24 10 497916597
33 19 86561733
35 24 532703056
38 11 459050660
