70
7 1 776026758
21 16 956678859
52 30 452720554
35 33 341598455
6 0 641105036
10 5 14794717
22 5 9273459
40 35 787563200
1 0 559811578
54 5 152089337
46 24 514686814
37 11 346283652
2 0 192014410
55 14 237462881
12 5 894892899
41 26 656787151
14 0 16609339
50 26 876453251
26 19 235611800
17 1 940732245
31 9 119932538
20 7 968755344
15 1 29190517
5 1 277645215
39 33 693782515
34 33 832590610
60 17 43682976
51 43 928472014
36 16 889752737
63 57 729100216
3 2 783587084
49 17 925036723
30 7 782661944
45 11 484659330
64 4 432384535
61 54 50514866
16 9 796633469
18 2 641040998
56 51 322160446
32 20 618863045
38 11 906815308
25 17 605708172
48 22 168335179
19 10 243193943
53 15 11844690
9 1 115129182
65 43 267319888
67 28 470850913
47 34 546683979
24 12 522400394
59 48 643437694
68 44 634063726
11 7 647713891
23 15 747543115
66 6 944916773
58 46 968998502
29 28 230441677
57 5 768682371
13 7 720571223
43 42 325699988
8 6 478219071
44 0 408388855
42 11 558988763
69 25 30265498
4 2 235524451
28 14 952769735
27 4 713122607
62 37 225072893
33 0 263420410
