7 1000
841413509 58432763 698722376 544666771 190469745 876171369 379243778
1 0 6
0 3 15779398
1 2 4
0 4 871792615
0 1 373561084
0 1 66082124
0 1 333369101
1 4 6
0 6 740717564
0 1 925258574
1 0 6
0 0 41403749
1 2 4
0 6 790728897
1 0 3
0 0 796835024
1 2 3
1 3 4
1 1 4
0 0 583405069
1 4 6
0 4 997800578
0 4 124287042
1 0 4
1 2 6
0 0 955375538
1 2 3
1 0 2
0 2 530685151
0 4 378504476
0 5 864288493
0 4 103628046
0 1 311045258
1 3 7
1 1 3
0 0 627615873
0 3 464765598
1 2 5
0 6 792489176
1 2 6
1 3 4
0 3 41699799
0 0 569750999
1 4 7
1 0 2
1 4 7
0 6 474945444
1 3 7
0 6 348109033
0 5 328926692
0 6 58057609
1 6 7
0 6 150142741
0 5 705417618
0 0 534503882
1 1 5
1 2 7
1 4 5
0 3 741258899
0 4 155999956
1 0 4
0 1 762112899
1 0 1
1 1 6
0 0 192564111
0 3 838101266
1 6 7
1 2 7
0 0 913296001
1 5 7
1 1 4
0 4 89148297
0 0 703190045
1 0 4
0 0 65396056
1 1 4
0 0 31389215
1 4 6
1 1 7
1 2 6
0 1 685603164
0 0 142517002
0 5 424233773
1 2 6
1 3 5
0 2 295508368
1 3 4
1 0 4
0 4 762877583
0 3 665976164
1 3 5
0 1 104575470
0 3 591406355
1 2 6
1 4 6
0 3 446318449
0 2 619542286
0 5 286135936
0 2 564107418
1 3 5
0 6 164754627
0 2 856787398
1 4 7
0 2 789401702
1 0 3
1 3 4
0 5 76100344
0 0 357435683
0 0 880495760
0 4 942842820
1 2 5
0 6 519184705
1 1 5
1 0 2
1 4 6
0 0 501223991
1 1 6
1 1 6
1 4 7
0 1 584350504
0 1 155468641
1 5 7
0 5 262255775
0 4 738812057
0 3 784536389
1 0 4
1 0 2
0 0 764895612
1 4 6
0 2 834649763
0 2 787281092
1 3 5
0 4 164460255
0 0 724743081
1 5 7
1 3 7
0 4 76340325
1 2 5
0 5 478758718
1 0 5
1 2 7
1 1 2
1 3 7
1 0 6
0 0 765995326
1 0 1
0 6 244017874
1 1 4
0 1 405965063
0 6 120850864
1 2 7
1 0 2
1 0 1
1 1 6
1 3 6
0 6 521606532
0 4 381094857
0 5 178040832
1 3 4
1 1 7
1 3 6
0 5 839369015
0 5 946387874
0 4 103493353
0 3 18929596
1 3 7
0 1 503167041
0 6 796332662
1 0 5
0 5 361479372
1 3 5
0 2 522871092
1 0 3
0 3 301280553
0 0 984748220
1 1 3
1 6 7
1 0 6
0 1 313192612
0 5 98677364
0 6 149242970
0 3 946874520
0 3 253711707
1 2 4
0 4 924995744
1 1 2
0 2 570404063
0 6 3089794
0 3 321274759
1 3 7
0 5 159682086
0 1 731566486
1 3 5
0 6 440415912
0 4 312592103
0 0 113695871
1 4 7
0 3 482979161
1 2 7
1 3 7
0 6 465041839
0 5 468064925
1 0 1
0 2 338970491
1 2 5
0 2 532384902
0 4 979042800
0 3 555993476
0 2 568043699
1 4 7
1 3 4
0 0 182171308
1 3 7
1 0 6
0 5 363754627
0 2 220855025
0 3 917813673
0 3 996676389
1 0 3
1 0 4
1 2 4
0 0 341032463
1 2 6
1 2 6
1 3 6
1 4 5
1 2 6
1 3 7
1 1 6
1 2 3
0 3 588063867
1 0 3
1 0 3
0 2 371797421
1 2 4
0 0 955342282
1 4 6
1 0 6
1 0 2
1 4 7
0 0 892167550
0 5 314073761
0 0 782879132
0 3 249667230
1 4 6
1 2 7
0 2 229596417
0 2 53624712
1 6 7
0 4 835400890
0 4 840805010
0 3 351381801
0 2 58352931
1 4 6
1 0 3
0 4 281233134
1 3 7
1 0 2
1 3 5
1 0 1
1 2 5
1 3 6
1 0 1
0 5 615769919
1 2 5
1 4 5
1 0 4
0 2 562244697
1 0 3
1 0 4
1 1 6
1 5 6
1 5 7
0 1 813130481
0 2 424107116
1 2 6
1 2 3
1 3 5
1 3 7
1 4 6
1 1 5
0 2 287683549
0 2 650917461
0 0 10907178
0 6 448376320
0 5 463942566
1 3 6
1 1 6
0 5 782189399
1 1 6
1 5 7
1 0 1
0 2 814507106
1 0 3
0 5 957908432
0 5 812139358
0 3 73476855
1 3 5
1 0 1
1 3 6
0 1 837877700
1 3 7
0 6 801623050
0 3 341487197
1 5 6
0 2 760361404
0 6 351627753
0 6 366382365
0 4 207605295
1 3 4
1 1 3
1 0 6
0 1 320209957
1 5 6
0 3 315419264
1 1 5
0 2 236561250
0 0 771672397
0 6 43748732
1 5 6
0 5 794927095
1 3 7
1 2 5
1 1 5
0 5 808533967
0 6 895216013
0 2 214102642
1 0 5
1 1 6
0 4 683604256
1 2 7
1 0 5
1 0 2
1 2 7
0 0 438525702
0 4 919494777
1 0 2
1 2 6
0 5 109270898
0 6 609813868
1 1 5
1 0 6
1 3 5
1 0 1
1 5 6
0 1 394192461
1 5 6
0 1 575666760
1 0 7
0 2 145569457
1 2 3
1 1 7
0 3 983648542
1 0 4
0 2 422038800
0 6 802286634
1 1 6
1 0 7
1 1 4
1 1 6
0 5 808405438
1 0 3
1 0 3
0 1 967422643
0 6 965860548
0 3 124620323
0 0 458643900
1 4 6
0 5 36328663
1 3 7
0 3 947400813
1 2 3
1 2 6
0 4 474885337
1 3 5
0 0 11347689
0 1 103340180
0 1 418516
0 0 635981906
0 0 173828545
0 1 233601453
0 6 866818058
0 4 565557270
1 0 6
1 0 5
0 4 259843392
1 0 7
1 1 4
0 2 785938532
1 2 6
1 0 5
0 6 284148661
0 1 357263280
1 5 7
1 1 3
1 2 3
0 0 534242413
1 2 7
0 3 293402010
1 1 4
1 0 4
1 1 2
0 5 365844546
0 2 584849051
0 0 170720648
0 1 703236498
1 5 7
0 6 478866843
0 5 689835149
1 0 5
1 1 5
1 1 4
0 1 867236763
1 1 5
1 3 6
1 2 6
0 3 150388112
1 3 4
1 0 6
0 5 533367180
1 0 6
1 0 2
1 3 7
1 6 7
0 1 386124651
1 4 5
0 0 949109195
0 3 126289337
0 2 17221134
1 2 7
0 4 699745244
0 5 469438630
1 0 6
0 4 676373553
0 2 337246349
0 2 182715524
1 1 6
0 4 305946466
1 4 6
1 0 4
1 4 7
0 3 717663961
1 1 4
0 4 4451570
1 3 6
0 1 706573108
1 0 7
0 3 482026768
0 6 984047595
1 3 5
0 4 218548146
1 0 6
1 1 6
0 2 74973668
0 3 595404074
0 2 387101242
0 5 843543448
0 1 381867
1 1 3
1 3 5
0 5 944714901
1 1 6
0 2 447479434
1 0 6
0 1 728556550
1 0 1
1 0 1
1 0 3
1 1 4
0 1 50495924
0 1 486877247
1 0 5
1 1 3
0 0 636322894
1 1 4
1 1 2
1 3 7
1 1 4
0 3 752436642
0 4 988230320
0 0 726667617
0 1 985279389
0 5 542594018
1 1 5
0 0 998755982
1 2 7
1 3 4
0 4 474073988
0 0 727904135
1 0 5
0 1 642934509
0 1 782915709
0 0 846085362
1 2 6
0 1 416453615
1 5 7
0 4 785209862
0 4 196512481
0 6 545687527
0 1 802365569
1 0 6
0 4 410728551
1 1 7
0 6 899933652
1 1 3
0 5 399718636
0 4 267639644
0 5 503472156
0 2 105093590
0 4 950784432
1 1 6
1 5 6
0 2 826019270
0 3 559005648
0 3 862100401
1 3 4
1 0 3
0 4 702652655
0 6 99574523
1 5 6
0 2 623886238
0 2 41093656
1 0 7
0 0 278513975
1 5 6
1 4 7
1 1 2
0 3 41167711
0 2 114037934
1 1 4
0 5 197940883
1 5 6
1 3 7
0 0 507846690
1 0 5
0 6 96835242
1 0 5
1 1 4
1 0 4
1 4 5
1 3 7
0 2 21971614
1 1 6
0 6 307538996
1 5 7
0 3 673872965
1 6 7
1 6 7
0 5 677854230
0 2 588277788
1 2 4
0 2 697429512
0 2 464813336
1 0 2
0 5 601815315
0 0 394021869
0 0 297625241
1 1 5
1 1 4
1 4 5
1 4 5
1 0 7
1 2 4
0 2 616534034
0 2 713108576
0 0 130341984
1 0 4
1 2 4
1 1 6
0 5 700530974
1 6 7
1 4 6
1 1 4
1 1 3
1 0 2
1 2 3
1 0 5
0 2 55120464
1 0 4
1 5 7
1 0 4
0 5 923523246
0 6 74652519
0 6 388621072
1 1 3
0 6 954576147
1 1 4
0 1 389834867
1 0 1
1 1 5
1 1 3
1 0 4
1 3 4
1 3 6
1 0 1
0 2 935929465
1 1 4
0 0 389281718
0 6 894451348
0 3 56257339
0 6 78803949
0 0 540525026
0 5 656777201
0 1 776124798
1 1 2
1 2 5
0 2 922579225
1 3 4
0 5 567843593
1 0 3
0 6 552851261
0 4 968106956
1 0 5
0 1 429080385
0 0 809100612
1 1 4
0 1 347293684
0 6 176646125
0 5 781288942
0 1 258112222
1 2 6
0 1 952284115
1 2 6
1 3 7
1 5 7
0 0 739796212
0 1 247361011
1 0 6
0 5 418626589
1 3 7
0 1 541971674
0 6 78522193
0 4 518263398
0 5 298116255
0 3 844725074
1 5 7
1 0 1
0 2 359762380
0 2 992735796
1 2 3
0 1 373777609
1 0 7
0 2 837699495
1 5 6
1 0 1
1 2 4
0 0 557650768
1 1 2
0 6 529874792
1 1 4
0 1 378060470
0 0 318001327
0 6 518753716
0 0 653655185
0 1 788077725
1 2 4
1 0 4
1 2 3
1 2 6
0 6 373429339
1 1 2
0 5 473914175
0 0 502966908
1 1 2
0 2 732839519
0 4 662893298
1 2 5
0 4 864340458
0 3 261951630
0 6 642288520
1 4 5
1 2 7
0 2 266955025
1 0 2
0 2 199330706
0 5 439675504
1 6 7
1 2 6
1 1 5
0 0 903686857
1 5 7
1 1 5
0 4 631947522
0 6 390701222
1 0 1
0 2 749843375
1 4 6
0 5 251901414
1 5 7
0 2 264912953
1 6 7
1 1 7
1 4 7
0 4 345694614
0 6 380782546
0 5 584036426
0 2 803145613
1 0 5
0 1 856953456
0 4 326949837
1 6 7
0 1 256450839
1 0 6
1 2 7
0 2 221172660
1 3 5
0 2 878818940
0 3 223374010
0 5 34673345
0 4 898851311
1 0 2
0 5 758005582
1 3 5
0 4 775555732
1 2 3
0 2 585084858
1 1 7
0 2 482534261
0 3 157580026
0 0 4588964
0 0 244556810
0 1 481468311
0 6 63636290
0 1 285251789
0 0 594143393
1 2 6
1 0 2
1 1 6
1 1 3
1 0 4
1 2 6
0 1 659744907
0 2 213963884
1 2 7
0 3 177730558
1 6 7
0 6 305903535
1 0 4
0 5 809499034
0 0 606324847
0 5 568048267
0 4 358270035
0 6 139620085
1 0 3
0 4 841638359
1 5 6
1 0 5
1 3 5
1 2 3
0 4 563509047
1 2 4
0 5 346422237
0 2 692991403
0 0 508850651
1 3 5
1 2 5
0 1 328038977
0 1 895862824
1 4 7
0 0 428646629
1 1 5
0 6 501826819
0 2 532941328
0 1 973124304
0 6 14094330
0 0 394480658
1 1 2
0 3 100386720
0 0 629998205
0 3 732840828
1 5 6
0 6 873754247
1 0 6
0 1 959609624
0 0 179109867
1 0 1
1 2 3
1 0 3
1 2 4
1 0 6
1 0 6
0 2 757171027
0 5 313915311
1 3 4
1 2 6
1 3 7
0 2 904521346
1 0 3
0 5 183685212
1 0 7
0 6 663324357
1 0 2
0 6 728561715
0 2 421548864
1 0 1
1 0 2
0 6 40585441
1 1 4
0 6 666077857
0 6 885093004
0 3 961906094
1 5 7
0 3 174184802
0 6 541214031
1 4 6
1 2 7
0 3 65871226
1 1 5
0 2 22856160
0 3 344285344
0 4 276243082
1 4 6
1 0 7
1 5 6
1 2 6
1 2 3
1 1 6
1 5 6
1 2 4
0 5 327389031
1 1 7
0 6 756396506
1 1 3
1 0 6
1 3 6
0 0 939919807
0 4 799101973
1 0 4
1 0 1
1 2 6
1 5 6
0 2 782080718
1 0 6
0 6 458575931
0 2 834224849
0 0 382004897
0 5 595209920
0 5 2814504
0 0 188422500
0 4 53215995
1 2 3
1 2 4
1 2 3
0 5 340027250
0 3 113830430
0 2 967216654
0 0 701191604
0 2 855363869
0 2 904897779
1 0 1
0 2 390494809
0 5 995114795
1 0 1
1 1 4
1 2 6
1 1 7
0 3 599913924
1 0 3
1 1 7
0 6 992501309
0 2 324590439
0 4 268726486
0 2 164628344
0 3 122692771
1 6 7
1 1 7
0 2 303658074
1 2 3
1 1 4
0 6 962366492
0 3 690265190
1 1 3
1 2 3
0 3 691444803
1 3 5
0 2 179205384
1 6 7
0 5 76086808
1 3 5
1 0 2
0 5 463046257
0 1 941737288
0 3 704249288
1 2 3
1 6 7
0 2 53775039
0 3 888271951
0 3 246599386
0 5 738956788
1 1 2
0 5 692308923
1 1 3
0 6 937835105
1 4 5
0 2 541550208
1 5 6
0 3 566263614
1 1 6
1 1 3
1 1 3
0 3 776348355
1 4 7
1 3 5
1 4 6
0 5 907741021
0 4 623084630
0 5 786548060
0 5 603718371
0 4 872276444
1 1 3
0 4 562045323
0 6 145847239
1 4 6
0 3 934105241
1 1 2
1 3 5
0 4 295538305
0 0 826498904
0 4 570160958
1 2 6
1 4 5
1 1 4
0 5 474196872
1 1 7
1 3 5
0 1 317970471
1 3 6
0 6 319179919
1 1 6
1 0 7
1 4 5
1 1 2
1 0 4
1 1 4
1 3 5
1 1 3
0 0 774032429
1 1 7
0 2 190131776
0 4 481449469
1 3 6
1 0 3
0 6 304666237
1 1 5
1 0 3
1 0 3
0 5 492464754
0 1 564338608
0 0 937408266
1 1 4
0 1 503496721
0 4 723032123
1 3 5
1 1 4
1 0 5
1 1 3
1 0 2
1 5 6
0 5 818948619
1 2 4
0 0 562429684
1 0 1
0 0 650643593
1 5 6
1 0 6
0 5 484637532
0 0 331062876
0 6 273469475
0 2 384243446
0 2 937383529
0 3 721083124
0 2 985157801
1 5 7
1 2 6
1 4 6
1 2 6
1 0 2
0 6 410060001
0 4 611382669
1 6 7
1 0 1
1 2 6
1 0 5
1 0 7
0 2 141139406
0 2 660587513
0 5 242817145
1 1 5
0 3 602524814
1 3 5
0 2 739413372
0 6 690312294
1 0 7
0 6 719163762
1 2 6
0 6 684913989
1 0 6
1 3 4
0 6 184376950
0 6 510979930
