8 1000
251229786 256388306 355236246 511734336 908168265 367810644 342843868 180913440
1 7 8
1 0 7
1 4 7
0 0 198201647
0 2 367567646
1 4 6
0 3 176847021
1 2 3
1 1 2
0 3 997146049
0 6 206390822
1 2 4
1 0 5
1 5 8
1 2 8
0 5 975158871
1 6 8
0 5 885575428
0 1 103432393
0 6 318956392
1 6 8
0 7 895096782
1 0 8
0 4 685681946
1 2 8
0 7 821848665
1 5 7
0 2 519862906
0 0 981099048
1 1 7
0 4 91607928
1 0 1
0 1 893441290
1 3 7
0 4 80205686
1 7 8
0 0 666478730
0 3 141431002
0 3 367695327
1 1 8
0 2 203816094
0 7 762721014
0 6 46005914
0 5 873834448
0 6 888184981
0 5 560719175
0 2 617244544
0 4 343436519
1 1 3
0 7 813712639
1 2 7
1 2 8
1 0 1
1 1 6
0 3 209350189
0 3 472532824
0 6 353446055
0 5 792273800
0 1 514960228
0 5 937858344
0 4 99920286
1 5 7
1 6 7
0 6 762673450
1 2 5
0 6 624044040
0 0 596311920
1 2 4
1 1 3
1 2 6
0 6 944544935
1 5 7
1 2 5
0 7 127038202
0 6 347239077
0 3 281052427
1 3 5
1 2 8
1 1 4
1 1 4
1 0 3
0 7 499620298
1 3 4
0 1 946092694
1 3 8
1 5 7
1 3 7
1 3 5
1 1 7
0 6 224122593
1 0 7
1 4 8
1 0 6
1 0 6
1 1 6
0 3 615986873
0 6 301168510
0 3 633242660
0 7 336249957
1 1 6
1 0 2
1 2 7
0 5 817543899
1 4 5
1 4 7
0 4 284967689
1 2 4
0 4 461789708
1 2 4
1 1 8
1 0 5
1 1 2
0 2 943595194
0 2 314807389
1 2 3
0 6 277207807
1 0 6
1 4 8
1 2 3
1 1 6
1 4 8
0 1 532299156
0 3 127051546
1 7 8
1 1 6
1 1 7
1 3 4
0 5 214983871
0 4 856676320
0 7 491664824
1 7 8
0 0 462615088
1 1 2
0 5 858741246
0 2 307828530
1 3 5
0 4 401208306
1 0 1
0 2 81551327
0 4 900630445
0 7 144347721
1 7 8
0 5 750512055
0 2 354058824
1 5 8
1 0 5
1 6 7
1 3 4
0 6 108443464
1 3 5
1 0 7
1 6 8
1 1 6
0 4 725440570
1 5 7
1 4 6
1 2 4
0 4 529251802
0 4 70874819
1 3 5
0 5 174095594
1 4 5
1 3 5
1 0 1
0 5 464519201
0 4 136541172
1 2 8
1 0 1
1 1 6
1 1 8
0 3 724868444
0 3 192730091
0 7 693459435
0 7 162082612
0 4 915335680
0 5 117139538
1 0 6
0 6 947219930
1 3 5
0 0 151827686
1 0 7
1 1 4
0 7 746175268
1 3 7
1 5 6
1 4 5
1 2 5
1 6 7
1 2 8
1 4 5
0 7 933048564
0 1 393901052
0 3 855943062
0 0 429952790
0 3 654366166
0 4 661438542
0 3 303383627
0 0 710831149
1 2 6
0 6 227408039
0 2 820385165
0 7 94070706
1 0 6
1 5 7
0 3 913729256
1 1 5
1 0 2
0 1 737668807
0 2 730287961
1 2 3
1 1 7
1 2 3
0 3 196282611
0 0 651803038
1 3 5
1 3 8
0 0 694509341
0 2 196892823
1 5 8
1 1 7
1 3 8
1 1 2
0 0 790184597
0 1 168104026
0 2 13534923
1 6 7
0 6 641878629
1 1 5
1 6 8
0 0 442499451
0 0 573517769
0 0 954184983
1 1 3
1 1 5
1 5 7
0 5 874975637
1 3 4
1 2 7
1 0 8
0 2 148013239
0 1 119683852
0 5 644724849
1 0 7
1 5 6
1 1 4
0 1 976421596
0 2 999776145
1 4 6
0 7 176222904
1 0 2
0 2 761281742
0 0 15473586
0 0 144325975
0 2 948451550
0 5 767906446
0 3 673090909
0 0 398014602
0 4 651178975
1 2 7
0 1 521622449
0 7 230574109
0 6 707351184
1 4 7
0 3 915842319
0 4 199560780
0 7 401056956
0 0 904028104
0 4 78243912
0 2 784689692
1 1 8
1 2 8
1 3 5
0 1 287068484
0 6 351330497
0 4 347459843
1 7 8
1 5 7
0 7 291271266
0 0 677005004
1 2 7
1 3 6
1 2 5
0 2 994600068
1 1 3
1 5 7
1 0 4
1 0 3
0 6 979486966
0 4 480608456
1 6 7
0 4 697616249
0 1 844245903
0 5 339899573
0 5 895489833
1 0 1
1 1 7
1 4 6
1 1 8
1 0 7
1 1 3
0 3 34560790
0 4 517053784
0 5 470646528
0 7 719913766
0 5 535610587
1 3 4
1 0 3
0 3 427650118
0 0 175849819
0 0 863142881
1 2 4
0 6 649392165
1 2 8
1 0 4
0 4 390433942
0 4 708950549
1 2 7
0 3 365844718
1 2 4
1 0 6
1 0 5
1 1 3
0 5 479669631
1 1 3
0 1 89022021
0 0 855372183
0 1 140601848
0 1 642334999
0 2 183138176
0 5 703990584
1 5 6
1 0 8
1 6 8
1 2 6
1 4 8
1 7 8
0 0 977143735
1 2 5
1 6 7
1 0 4
1 2 4
0 4 190494323
1 3 6
0 6 688161498
1 5 8
0 3 326708535
0 1 912387103
0 4 715521082
1 2 7
1 3 4
0 1 671970941
0 2 805575430
1 2 4
0 3 534856256
1 2 7
1 0 4
1 2 3
0 6 668184573
1 0 6
1 6 8
0 3 128131269
1 0 2
1 5 6
0 1 867612885
1 2 6
0 3 737248827
0 2 684947083
0 5 722240272
1 1 5
0 7 405514353
0 0 678879753
0 5 717413802
1 0 3
0 4 991690807
0 6 816751236
0 6 694256788
1 0 8
0 4 807341822
1 3 7
0 7 845456468
0 7 404248714
1 3 7
0 7 696700564
1 6 7
0 1 841573830
1 0 8
1 6 8
1 0 6
0 6 488882671
0 3 344881526
1 3 5
0 2 523479896
1 1 8
0 5 623625378
0 6 288352189
1 2 6
1 2 8
1 5 7
1 0 5
0 0 510299586
0 2 54744565
0 4 282291848
1 5 6
0 5 203722463
1 3 8
0 3 104624456
0 5 355107837
1 4 8
1 0 3
0 7 20558640
0 3 36239124
0 0 331057427
1 3 5
0 5 681392944
1 4 5
0 7 572698525
0 5 36285008
0 6 657369693
0 2 789234703
0 7 462170480
0 5 114920398
1 3 8
0 4 647786541
0 2 976368291
0 0 78583967
1 3 5
1 2 3
0 7 477594837
0 2 204548954
0 4 491943716
0 0 731769497
0 5 183169074
0 1 64521044
0 0 336201504
0 6 10780890
0 7 693204936
1 2 7
0 4 169352711
0 6 750773441
1 4 8
0 7 457602873
0 0 983168507
1 3 4
1 0 5
1 0 6
1 6 7
0 7 362704599
0 0 897186579
0 1 938437492
0 7 331797588
1 0 7
1 2 3
1 7 8
0 2 354777523
1 1 4
0 3 295026893
1 6 8
1 6 7
0 4 91209613
0 2 784169728
1 4 7
1 0 6
1 5 7
1 5 7
1 1 2
1 1 7
1 0 1
1 3 8
0 1 226761160
0 2 174232640
1 5 8
0 3 772861624
0 7 537859546
0 3 896739126
0 4 291721791
0 5 461526727
0 6 752743540
0 1 102897888
0 7 381856412
1 2 6
1 0 3
1 0 8
1 1 5
1 1 3
0 4 704718959
0 5 872957152
1 1 4
0 5 788296410
1 2 8
0 2 119172667
1 4 5
0 1 334705815
0 3 169731035
0 3 403594004
0 0 348326760
0 4 157355348
0 0 973163264
0 4 963969841
1 2 8
1 4 7
1 1 8
0 5 351421695
1 5 6
1 1 2
0 6 701647812
0 4 503403623
0 1 852357250
1 1 5
0 1 718669262
1 0 7
1 0 8
1 2 8
1 6 7
1 1 2
1 0 5
0 1 804704579
1 1 5
1 0 2
0 3 850194924
1 2 6
1 0 4
0 7 834116648
0 2 697487829
0 5 887609206
1 3 7
1 5 8
0 2 521288083
1 5 7
1 2 3
0 2 178598522
1 7 8
0 0 443105162
0 2 310975812
0 0 284215068
1 4 6
1 2 3
0 4 122395876
0 2 890227394
1 5 6
0 0 825269157
1 7 8
1 2 5
1 6 7
0 5 610472229
0 0 422566729
1 0 4
0 4 739452439
1 1 4
1 5 7
1 6 7
0 3 673416177
0 6 461197204
1 0 3
0 7 294899655
0 6 64502866
0 2 805324619
1 1 3
0 1 839504415
0 0 738241614
1 0 6
1 1 7
0 1 33558956
1 7 8
1 1 3
0 2 632678147
1 4 6
0 2 45344158
1 2 5
1 0 8
0 3 960084501
0 4 119594749
1 6 8
1 0 7
1 3 4
1 5 8
1 1 6
1 0 8
0 0 57837350
0 1 900160916
1 0 4
0 5 48771863
1 3 8
0 1 542672347
1 5 6
0 6 843109352
0 2 12860780
0 2 192999944
0 2 568293065
0 7 762396979
1 6 8
1 3 6
1 4 8
1 4 8
0 5 450642293
0 2 977285378
0 4 511964584
0 2 716839065
1 1 8
1 1 6
1 4 7
1 1 3
0 6 678752267
1 1 3
1 0 3
0 5 453835356
0 5 773806338
0 2 927164145
0 5 546530428
0 1 919705991
0 1 482970698
1 0 4
0 2 975835243
1 0 2
1 4 8
1 1 4
1 1 2
1 1 3
0 1 193748038
0 4 295386378
1 2 5
1 2 8
1 0 5
0 5 950974793
0 7 756280908
0 4 350397135
0 5 324906745
1 0 3
1 0 7
0 3 770783416
1 0 1
0 5 924928030
1 1 6
0 3 620346205
1 0 8
0 1 292262973
1 1 5
0 1 876420380
1 4 7
1 4 8
1 0 1
0 4 23409901
0 6 500589407
0 3 241005655
0 0 594781000
0 0 387955565
1 4 7
1 0 3
1 3 6
1 1 7
0 0 298715747
1 3 5
0 6 663554348
0 7 341298769
0 5 233261970
0 2 97925148
1 2 4
1 2 6
1 0 6
1 5 7
0 4 826982129
0 3 132507840
1 4 7
1 6 7
1 5 7
0 3 892109089
0 5 909288023
1 0 1
1 2 8
0 6 521915585
1 1 6
0 4 338900802
0 7 167425966
0 4 204872307
0 4 118017602
0 4 176510527
0 2 91764198
0 7 349490761
0 0 247001675
0 3 72213735
0 0 42288972
0 3 645835558
0 2 862090761
0 5 109297853
1 0 7
0 1 623998114
0 6 528049844
0 6 581000535
1 1 7
1 4 8
0 3 386983206
0 7 397578018
1 2 6
1 3 5
0 3 323164342
1 6 7
0 3 515306758
0 4 318438715
1 1 8
1 1 6
1 4 8
1 4 7
1 2 7
0 6 675357731
0 1 258572667
0 3 491036594
1 4 7
0 0 596759318
0 0 435713197
1 1 2
0 4 729698095
0 1 21259384
0 7 915219750
0 4 553390724
0 2 426608368
1 0 1
0 6 571144756
1 4 7
1 1 6
0 4 156756090
1 0 4
0 5 194522267
1 1 4
0 4 517565981
0 6 88344113
0 5 304802830
0 3 787289461
0 1 788957670
0 7 919475234
1 1 6
0 5 323343255
0 7 89178098
1 0 1
1 7 8
0 3 123048087
1 1 8
0 1 693232055
0 1 612801903
1 5 6
1 2 5
0 2 968191351
1 3 4
0 1 328368019
1 4 8
0 0 148069698
1 1 6
1 1 7
0 4 718163622
1 1 8
1 3 6
0 7 692405745
1 1 3
1 7 8
1 4 7
1 1 6
0 4 111027679
1 1 7
1 1 8
0 6 666115352
0 1 281351119
1 2 5
1 3 4
0 0 543495267
1 4 7
0 1 42911444
1 0 7
1 3 4
1 0 3
0 7 498159183
0 5 11451745
1 0 5
1 0 2
0 7 65366958
0 5 976398848
1 5 7
0 4 693880044
1 1 5
1 1 8
0 6 589971513
0 0 345525510
0 1 459982206
0 1 544904029
1 2 4
0 4 168504031
0 6 289261266
0 6 121007870
1 0 2
1 5 8
1 2 4
1 3 4
0 6 186775659
1 2 6
1 5 7
1 4 8
1 0 5
0 1 530703543
0 4 689989516
0 7 318164724
1 2 8
0 6 371615352
0 2 177597848
0 0 675374363
1 0 7
1 1 8
1 0 1
0 3 632589532
1 5 7
0 7 310412799
1 3 7
0 0 55867392
0 1 275623560
1 4 6
1 6 8
0 4 878980486
0 2 449036467
0 6 762459128
1 5 6
0 7 717491333
0 0 98826954
1 4 5
0 7 98515796
1 0 7
0 1 125435227
0 5 477775083
0 6 74696866
0 5 127149860
0 7 823683491
0 7 538099695
0 7 691352977
1 6 8
0 4 77159318
0 4 798769943
1 3 8
0 5 133990810
1 1 2
1 1 2
0 0 472566350
0 4 349275089
0 7 107856733
0 3 79564124
1 2 7
1 3 8
0 2 670317778
0 2 301881444
0 1 559231529
1 5 8
0 2 909300463
0 4 205369580
0 7 879647889
1 4 7
0 3 827110243
1 2 7
0 5 1350515
1 2 7
1 5 6
0 5 859330549
1 2 4
1 1 5
0 0 137634516
1 6 8
1 0 7
1 2 8
0 2 843288865
1 1 2
1 1 3
0 5 880328263
0 7 542663685
0 2 389666567
1 0 2
0 4 43282906
1 0 3
0 0 672279498
1 2 5
0 4 604404155
0 2 598394799
0 2 780276800
1 2 6
1 7 8
1 1 7
0 5 907600320
0 6 240052701
1 5 6
1 6 7
1 1 3
0 6 683711616
1 0 7
1 4 7
0 7 6801886
0 4 330208395
0 3 995708147
0 1 758959120
1 2 5
0 6 631275284
1 4 8
1 3 8
1 3 8
1 0 3
1 2 8
1 2 6
1 0 1
1 4 5
1 1 6
0 7 615404557
1 2 5
0 7 664294540
0 7 634693276
1 0 3
0 4 438778780
0 1 320883213
0 5 320277746
0 6 951590901
1 5 7
0 3 678022938
0 3 713135861
1 0 2
1 1 3
0 1 364705513
0 7 460401058
1 4 5
1 5 8
1 4 7
1 1 3
1 7 8
1 4 5
1 4 8
1 2 7
1 5 8
0 2 702736093
1 2 6
1 2 8
1 0 6
0 4 348341347
1 2 3
0 7 596831969
1 1 7
0 3 912931992
0 4 483060228
1 1 8
0 2 380940189
0 3 803733810
1 0 8
0 6 277219000
0 0 369076504
1 1 6
0 1 356444414
1 0 2
1 2 8
1 0 3
1 1 7
1 5 8
1 2 5
0 0 682725043
0 3 130051181
0 2 634415748
0 7 464861644
0 7 78470885
0 6 887103097
0 4 847046146
0 1 346178065
0 4 614519887
1 3 4
1 5 7
0 0 518819520
0 1 535012380
0 2 56479507
1 1 5
0 4 167280741
1 4 8
0 1 788590850
0 4 84858229
0 6 830742509
1 7 8
1 2 5
0 7 44290519
0 6 849888675
1 1 6
0 7 165971356
1 1 5
1 3 5
0 2 564101458
1 3 4
0 0 210756171
1 1 6
0 6 391023089
0 2 231148983
1 0 2
0 7 307170932
0 7 219027871
1 0 4
0 5 676884380
1 1 6
1 0 5
0 6 814812701
1 4 8
0 0 467645775
1 0 8
1 0 7
0 3 547017806
0 4 907468769
1 0 7
0 1 969468658
