19 150
13 11
6 18
15 0
5 1
4 9
4 5
18 17
0 18
6 4
14 2
16 15
14 5
9 13
6 9
3 15
4 1
7 13
13 6
3 14
0 13
8 7
7 9
12 18
14 9
2 7
15 12
15 4
16 7
6 11
8 6
15 6
13 14
0 11
4 18
3 17
9 15
17 15
5 17
0 8
4 17
18 2
3 2
16 3
8 4
15 18
8 5
4 16
14 6
2 8
8 13
12 6
9 16
3 5
1 14
10 15
10 9
11 5
10 18
10 4
17 7
3 9
5 2
5 12
12 3
8 12
12 10
6 5
2 12
17 1
18 3
18 7
12 11
16 8
15 5
11 10
10 17
1 7
6 0
2 10
7 11
8 3
12 0
0 10
7 10
8 11
9 17
5 0
17 12
1 9
14 4
11 2
7 6
13 10
16 13
12 14
2 17
7 12
4 2
15 14
8 9
10 6
16 18
17 13
10 3
11 15
16 6
2 1
18 5
4 12
1 3
15 1
7 14
16 12
18 13
2 0
9 0
4 11
9 11
12 13
16 2
13 1
15 8
3 4
12 1
16 11
14 11
14 18
0 14
1 10
0 17
1 8
13 15
18 8
16 1
10 16
10 14
1 0
9 12
15 7
0 3
8 10
7 3
4 0
10 5
17 14
18 11
4 7
1 18
15 2
13 4
