1 1000
192279221 156648746
0 0 528756314 434883274
0 0 659789618 608119380
1 0 1 543030428
0 0 108201617 428505484
1 0 1 909058872
1 0 1 304620505
0 0 842804670 567530398
1 0 1 144376610
0 0 589558487 134166194
0 0 553010677 955308711
0 0 739990895 349655325
1 0 1 458194371
0 0 225659488 923622442
1 0 1 189845338
0 0 701326769 360797562
1 0 1 610379669
1 0 1 175671834
1 0 1 913636469
1 0 1 942581882
1 0 1 63074408
1 0 1 252728018
0 0 401033746 139381337
1 0 1 963352506
1 0 1 339470264
1 0 1 996236455
1 0 1 326439606
0 0 182538449 877980488
0 0 96912085 154071710
1 0 1 204059421
0 0 405953441 718697235
1 0 1 385632116
0 0 281221796 749035961
1 0 1 344958618
1 0 1 390143235
0 0 421663554 829251359
0 0 395005916 204518013
0 0 849289624 779931867
1 0 1 236424237
1 0 1 550125446
1 0 1 503316297
1 0 1 28565500
0 0 794174956 544258177
0 0 105432269 44562564
1 0 1 896616998
0 0 380937488 27828123
1 0 1 854248606
0 0 675361365 540932136
0 0 638568587 259188591
1 0 1 785316591
0 0 711859965 835360370
0 0 729753829 973849297
0 0 195626385 789440908
1 0 1 326810208
1 0 1 911332404
0 0 556831371 37285994
1 0 1 181217910
0 0 994337228 332058127
1 0 1 638332658
1 0 1 359729359
1 0 1 568069676
0 0 685400426 510134242
1 0 1 164889532
0 0 522973051 850448894
1 0 1 749446521
0 0 981229810 180999313
1 0 1 811799398
0 0 552007490 767002401
0 0 802742189 157822377
0 0 806266307 219727203
1 0 1 367144078
0 0 981617025 76965015
1 0 1 996998470
1 0 1 700275843
0 0 450550347 983917278
1 0 1 80741174
1 0 1 360912431
0 0 408395905 975980920
0 0 866803514 952671462
1 0 1 118844757
1 0 1 965893603
1 0 1 889200711
1 0 1 56222204
0 0 953655007 216442068
0 0 843904263 903158972
0 0 485987174 741840499
0 0 853044666 225880642
0 0 258285783 384092381
0 0 364669394 443811758
1 0 1 942895402
0 0 881011222 643999571
1 0 1 742091261
1 0 1 283659587
1 0 1 777909553
1 0 1 549859515
0 0 535999830 106597600
1 0 1 698553902
0 0 993970424 860312486
0 0 115921193 851511173
1 0 1 460526403
1 0 1 398047100
1 0 1 197822958
0 0 682461440 972237693
1 0 1 214392111
0 0 284108800 593105379
1 0 1 555701636
1 0 1 443252150
1 0 1 717014585
1 0 1 797337844
0 0 355399365 400446956
1 0 1 210364435
1 0 1 455246050
0 0 814946363 957356140
0 0 883786335 869032217
0 0 50127023 660073647
0 0 10574671 48693590
1 0 1 95995740
1 0 1 669578165
1 0 1 751880184
1 0 1 688272446
1 0 1 855849113
0 0 961481040 362386983
0 0 598315996 799730843
0 0 642981872 374565666
0 0 775163487 738962011
1 0 1 149471018
1 0 1 940665860
1 0 1 30515320
0 0 220526651 150080689
0 0 379655988 89467028
1 0 1 646336728
0 0 162810809 685184955
1 0 1 131047254
0 0 14832333 629898748
0 0 658555204 58123355
0 0 903896942 876514640
0 0 816465457 228127237
0 0 287120196 795895896
0 0 555610858 43082330
0 0 484656340 41403223
0 0 493083362 239342127
0 0 562926441 622267958
1 0 1 563067320
0 0 871200175 205432410
0 0 307561717 744265362
1 0 1 473326365
0 0 255007174 859919832
1 0 1 757796288
1 0 1 683565708
0 0 246969223 603970731
1 0 1 507430597
1 0 1 815551892
0 0 140358821 488892788
0 0 263465867 547365544
0 0 634044717 211921935
0 0 273501231 773263914
1 0 1 746293521
0 0 884733790 511944621
1 0 1 474523998
0 0 128828207 246629295
1 0 1 899450083
1 0 1 757581439
1 0 1 983957577
0 0 400855852 841963269
0 0 524609981 133063463
0 0 436160970 372798560
1 0 1 717183311
1 0 1 921343022
1 0 1 708222101
1 0 1 730059918
1 0 1 294997728
0 0 199662340 954855701
1 0 1 863896784
0 0 351945717 274277599
1 0 1 932595006
1 0 1 770561548
1 0 1 550386264
1 0 1 272831912
1 0 1 286650748
0 0 139310065 919981633
1 0 1 331953246
1 0 1 154689880
0 0 728248666 2348133
1 0 1 513212966
1 0 1 734213391
1 0 1 464540046
1 0 1 668988066
0 0 415821704 332380990
1 0 1 523454974
0 0 103794003 984764356
1 0 1 666159799
1 0 1 888044245
0 0 420436936 139184679
0 0 703785711 976149807
0 0 569280731 954422487
0 0 465308630 476233342
0 0 848290571 553683157
1 0 1 693396101
0 0 123194261 584805911
0 0 373924153 929798062
1 0 1 623572337
0 0 239198737 508049638
0 0 113252987 944635098
1 0 1 410981779
0 0 583110435 543667217
1 0 1 890286355
1 0 1 11842635
1 0 1 743284383
1 0 1 857385467
1 0 1 595010493
0 0 295475939 418002823
0 0 972518854 866206243
0 0 303138914 884720018
1 0 1 990547098
0 0 118176143 47201281
1 0 1 619795593
0 0 512935104 898747808
1 0 1 630371684
0 0 421869538 920169714
1 0 1 646451262
0 0 492544840 214849554
0 0 827983492 275912146
1 0 1 294340139
1 0 1 760744527
0 0 977601399 409242716
1 0 1 683929095
0 0 667620249 845663344
0 0 159241785 117849961
1 0 1 388065037
1 0 1 784194755
1 0 1 847099296
0 0 7255279 83629503
0 0 255576464 979826457
1 0 1 936827179
0 0 834970521 163631244
1 0 1 657897256
1 0 1 198926195
1 0 1 17912802
1 0 1 366373593
1 0 1 114555289
0 0 74625395 754440001
1 0 1 386213578
1 0 1 129669266
1 0 1 733537686
1 0 1 678352533
0 0 278667564 233824669
0 0 610609598 245978547
0 0 684451869 730717647
1 0 1 366104980
1 0 1 954445889
1 0 1 818475984
1 0 1 269305089
0 0 631414869 627537733
1 0 1 174722858
1 0 1 25537708
0 0 442014602 16897257
0 0 842611356 702451878
1 0 1 295644895
1 0 1 836900558
0 0 966563742 842580909
0 0 186631875 730129551
1 0 1 660986677
1 0 1 820781494
1 0 1 945424168
0 0 339805572 771136768
0 0 868153136 281168886
0 0 629145089 553638543
0 0 436078199 725741166
1 0 1 93521364
0 0 481186981 422615121
0 0 678564187 179123682
1 0 1 632101163
0 0 987107434 264039153
0 0 271047783 124994222
1 0 1 438604084
0 0 140611928 211696929
0 0 61880419 112886438
1 0 1 887021661
1 0 1 745734154
1 0 1 196132276
1 0 1 378877135
1 0 1 282137368
0 0 151340285 525536600
0 0 681682132 584498240
0 0 808787322 473408786
0 0 410670779 716252067
1 0 1 542409636
0 0 346524801 664699983
1 0 1 757306633
1 0 1 692806751
1 0 1 769716981
1 0 1 413475644
1 0 1 206114387
1 0 1 174872769
1 0 1 615517880
1 0 1 261831920
1 0 1 848987243
0 0 747941136 389090035
0 0 185684019 412853328
1 0 1 810043261
0 0 820611464 721538709
0 0 261931834 389991369
1 0 1 705986348
1 0 1 894164465
1 0 1 126433355
0 0 838638088 865014306
0 0 611177239 147186191
0 0 368551538 912629603
1 0 1 213921269
1 0 1 424421644
0 0 623928128 215979634
1 0 1 698181412
1 0 1 423814263
0 0 955700464 8697445
0 0 453400683 895551935
0 0 241283441 583577526
1 0 1 792266878
0 0 116458907 70636283
0 0 655601892 433121420
0 0 369696083 873016060
0 0 216039508 650970632
1 0 1 947965863
0 0 590614411 983188553
0 0 494645628 806805168
1 0 1 495312827
1 0 1 16773534
0 0 900505545 635161098
0 0 590101170 278267073
1 0 1 890431002
1 0 1 849478393
0 0 128356033 326611991
0 0 614711113 9190167
1 0 1 893575380
1 0 1 904267069
1 0 1 834623710
0 0 48835148 40741114
1 0 1 562569207
0 0 676833984 650387526
1 0 1 362176920
0 0 548596897 437633171
1 0 1 736974357
0 0 88561270 640065035
0 0 979655181 286634328
1 0 1 515722731
0 0 807549653 554891236
1 0 1 733609649
1 0 1 395675398
0 0 400245117 550011573
0 0 778047030 264308827
0 0 946807350 332436642
0 0 963700321 760921403
1 0 1 701462380
1 0 1 660991114
1 0 1 568944327
1 0 1 218836065
0 0 754858786 401163348
0 0 406474910 596987305
1 0 1 313499366
1 0 1 336612840
1 0 1 229654215
1 0 1 857180456
1 0 1 531409925
0 0 439853041 519917056
1 0 1 212403589
1 0 1 971285502
0 0 541241761 960775328
0 0 797841399 832725788
1 0 1 427009612
0 0 38666096 936939322
1 0 1 429334207
0 0 372312932 504612776
0 0 656687484 465093473
0 0 801994916 185682475
1 0 1 995907892
0 0 327792962 191946834
1 0 1 894873789
0 0 844668198 844649080
1 0 1 218211790
0 0 319682049 489365747
0 0 222663098 344295376
0 0 331850017 761629800
0 0 99128191 823734783
1 0 1 180399077
1 0 1 781767899
0 0 766771993 874470317
0 0 375059427 161474666
0 0 479181692 707076025
1 0 1 995253532
0 0 847063690 908199966
1 0 1 798922392
0 0 410488554 622117271
0 0 334517817 327411919
0 0 638835968 828852272
0 0 321730513 558283668
1 0 1 269917683
0 0 978662588 307083739
1 0 1 847686446
1 0 1 704062872
1 0 1 737927447
0 0 651768625 561762117
0 0 831057369 812264343
1 0 1 710525545
0 0 193455281 205915644
0 0 9463003 616501479
0 0 842011625 218307924
1 0 1 228967030
1 0 1 50815249
1 0 1 611189756
0 0 132902881 40143865
1 0 1 56117027
1 0 1 986129225
1 0 1 477145715
1 0 1 870823184
0 0 16696013 686703230
0 0 652697322 963776350
0 0 872946714 391131971
0 0 741174093 360582588
1 0 1 424455068
0 0 447922489 107474494
0 0 875201344 177259386
1 0 1 707867104
0 0 264205522 177562124
1 0 1 499582749
0 0 426283882 634913343
1 0 1 67663339
0 0 644053804 366007475
1 0 1 217056407
1 0 1 75500991
0 0 650776894 858813923
0 0 581994316 468058437
0 0 997260701 542930829
0 0 760246012 878386702
0 0 348418370 707319353
0 0 284435572 912422083
1 0 1 158895896
0 0 349511506 217164624
1 0 1 427684149
1 0 1 146542610
1 0 1 386981119
0 0 327820366 633298192
0 0 989392137 165908401
1 0 1 571862989
0 0 183245556 685567651
1 0 1 537888602
1 0 1 93131510
0 0 930868726 398280137
1 0 1 510002481
0 0 214395789 963803717
0 0 977875423 825124436
1 0 1 421734312
0 0 781082834 974946386
0 0 986064833 796675683
0 0 786726814 512968004
1 0 1 575173331
1 0 1 53732469
1 0 1 41050057
1 0 1 626019194
1 0 1 957014064
0 0 976943111 228880397
0 0 897861289 498500194
1 0 1 227138939
1 0 1 260051904
1 0 1 746267157
0 0 325418409 886189601
0 0 791710692 192075097
0 0 527619618 694362333
0 0 535483324 236959003
1 0 1 845297822
0 0 854421360 94888515
1 0 1 822452043
1 0 1 910657112
0 0 576562179 358719226
1 0 1 490052021
1 0 1 831564609
0 0 568063907 126150601
0 0 939050259 561830636
0 0 484992856 853492995
0 0 987834307 327776718
1 0 1 803287901
1 0 1 703434501
1 0 1 487245537
1 0 1 424838734
1 0 1 69558311
1 0 1 190870667
0 0 633615947 586407998
1 0 1 730821058
1 0 1 158730013
0 0 964216734 745196098
0 0 726794603 438702596
0 0 775072244 561964544
0 0 440552943 635143872
0 0 68047145 16795680
1 0 1 743515493
1 0 1 75656482
1 0 1 6825079
1 0 1 757767394
0 0 559019276 814022819
1 0 1 213604276
0 0 782903205 996632284
0 0 482102794 495242628
1 0 1 907496438
0 0 298100279 216976177
0 0 933748196 728393029
0 0 327134203 449896370
1 0 1 709339965
0 0 488979837 684480796
0 0 468397115 823700268
0 0 688459960 887066734
1 0 1 349296213
1 0 1 914313875
1 0 1 337531178
1 0 1 403339131
0 0 105539842 794737526
0 0 32066799 892179613
1 0 1 711239517
1 0 1 252975685
0 0 656404888 277915673
0 0 465895571 352408934
0 0 630588792 921580466
1 0 1 342660749
1 0 1 912174136
1 0 1 604959050
1 0 1 4081085
0 0 3287576 721187185
0 0 503582330 866761084
0 0 516476126 56194768
0 0 965672500 717766816
0 0 45751153 560413438
1 0 1 331156412
0 0 651605350 182463194
0 0 504408526 452734382
1 0 1 871750092
0 0 861914512 670601681
0 0 120668279 457028871
1 0 1 853653164
0 0 491831820 434928780
1 0 1 768335269
1 0 1 169559155
1 0 1 452843196
0 0 183488960 663293072
1 0 1 334126802
1 0 1 186130415
1 0 1 710264010
0 0 51259772 33386988
1 0 1 247718842
0 0 692257113 580229434
0 0 428601803 710044431
0 0 715624653 593524416
1 0 1 46619087
0 0 926754491 707981374
1 0 1 536267246
0 0 786081731 432359365
1 0 1 323252354
1 0 1 108824835
1 0 1 272261340
1 0 1 857392344
0 0 822530825 151506998
0 0 311790422 645576222
0 0 631630498 828518977
0 0 276608867 627630589
1 0 1 628995865
0 0 276886953 931936826
1 0 1 842140960
0 0 149248067 568679780
0 0 663526146 384176848
1 0 1 568301535
0 0 486359633 570530251
1 0 1 774658723
0 0 735695417 666441968
1 0 1 868688782
1 0 1 667351696
0 0 24765519 629576109
0 0 796761668 670214314
0 0 234089078 82265977
0 0 846265770 141972220
1 0 1 81846649
0 0 737015636 918025246
0 0 88643386 447367070
0 0 294163136 638613260
1 0 1 160776227
1 0 1 692206418
1 0 1 315107711
0 0 42606451 389581324
1 0 1 685839943
1 0 1 621893463
1 0 1 429493994
0 0 461766409 165697195
1 0 1 943574139
0 0 140369538 27285280
1 0 1 463913407
0 0 198056602 66377240
0 0 355714531 800958036
0 0 733701734 169501974
1 0 1 868679710
0 0 199464272 758802989
0 0 982069373 736019779
1 0 1 799651342
0 0 224384624 157499620
1 0 1 640309629
1 0 1 715427786
0 0 60515564 143415799
1 0 1 230320633
0 0 689284165 495210240
0 0 625475786 105508217
0 0 640916819 524993678
1 0 1 802068314
1 0 1 431156476
1 0 1 968945971
1 0 1 803499890
0 0 500257182 836282173
0 0 549021951 982986919
0 0 292328472 231971779
0 0 115594327 899691905
0 0 492569383 94548798
0 0 271219311 272697923
0 0 312862368 460983507
0 0 124412611 381067909
1 0 1 190400506
0 0 908768977 336443696
1 0 1 564421438
0 0 693837 960597979
0 0 453326565 349454776
1 0 1 939976922
0 0 543174198 666397523
1 0 1 900049154
0 0 378781429 342806139
0 0 952445831 661676442
0 0 66970766 994353542
1 0 1 675275373
1 0 1 788709528
0 0 43978409 99743163
1 0 1 829501365
0 0 293644403 540730574
0 0 778452119 492784256
0 0 705282764 896329396
0 0 324362167 859535470
1 0 1 67891623
1 0 1 848083645
1 0 1 237946074
1 0 1 379594407
1 0 1 259994735
1 0 1 281042344
0 0 886278106 798113368
1 0 1 747016248
0 0 638935467 605149267
0 0 657205109 284877948
0 0 790535385 570829034
0 0 305552965 397751774
0 0 705175366 952519221
0 0 370512747 303034927
1 0 1 888272251
0 0 239841441 819864599
1 0 1 465596754
0 0 517350733 394679406
1 0 1 188373984
1 0 1 95629591
1 0 1 428098387
1 0 1 246562308
1 0 1 966964466
0 0 967380601 622147651
0 0 725688899 853992720
0 0 813595314 7755131
1 0 1 525408791
1 0 1 11611492
1 0 1 32209369
1 0 1 58518344
0 0 664738478 800838388
0 0 264079223 466589998
1 0 1 638293492
0 0 358863043 176500885
0 0 236194637 170207716
0 0 494037406 219649123
1 0 1 61306403
0 0 567336416 237992986
1 0 1 706598729
1 0 1 97825225
1 0 1 310268780
1 0 1 693656917
1 0 1 884143262
0 0 754677769 331736101
0 0 583543463 764288449
1 0 1 232846145
0 0 594932642 985332496
1 0 1 390712108
0 0 78662955 993331906
0 0 916521216 223238023
0 0 543316984 273995395
1 0 1 573188803
0 0 152636899 671944628
1 0 1 297744446
1 0 1 573277675
0 0 30598355 424868446
1 0 1 333755272
0 0 237918228 791811495
1 0 1 196332201
0 0 898987268 317997194
1 0 1 198185861
1 0 1 271835336
1 0 1 805467853
0 0 330976181 195927987
0 0 286034335 192749557
1 0 1 411505021
0 0 599572587 835367393
1 0 1 629770695
1 0 1 910069766
0 0 366059311 96156340
1 0 1 531624073
1 0 1 128049783
1 0 1 129085555
0 0 150650368 272060471
0 0 682486219 956906169
0 0 360644072 372438753
0 0 474915098 893943106
0 0 85489419 870869976
0 0 563134443 966726081
1 0 1 251340860
1 0 1 214570362
1 0 1 164376896
1 0 1 557897184
0 0 65137262 783898605
1 0 1 87402643
1 0 1 675997338
1 0 1 166457160
0 0 779669742 180262565
1 0 1 903042405
1 0 1 445154090
0 0 576826333 116070212
0 0 828192527 990145395
0 0 896851322 925566158
1 0 1 271184939
0 0 923269597 404768820
1 0 1 155131560
1 0 1 378734880
0 0 300645498 553373533
1 0 1 301092829
0 0 823324266 214788384
1 0 1 253447777
1 0 1 481126921
1 0 1 294636701
0 0 427845928 477796912
1 0 1 207233252
0 0 763655889 44148101
0 0 842282510 553320505
0 0 209496230 775230920
0 0 622516702 209423035
0 0 599527229 174515950
0 0 964630139 183791713
0 0 278460511 870796034
1 0 1 241737713
0 0 949228883 170228476
0 0 444640653 507590607
1 0 1 740814015
1 0 1 692362327
0 0 312184594 334814226
1 0 1 907659917
0 0 462612772 319819718
1 0 1 449515696
0 0 73400806 442818735
1 0 1 795313232
0 0 686384078 959486444
1 0 1 736672169
0 0 423848582 959280003
1 0 1 684566341
1 0 1 109512916
1 0 1 593952972
1 0 1 439481916
1 0 1 227629519
1 0 1 386181243
0 0 786154966 953336987
1 0 1 516677452
0 0 891946123 394146131
0 0 630060616 906505013
1 0 1 369886614
1 0 1 211577748
0 0 56103362 698054675
0 0 670718592 274411301
1 0 1 677342743
0 0 767323155 969625512
1 0 1 4571690
1 0 1 208228774
0 0 573410791 613549679
0 0 471719443 261358965
0 0 379313931 884606739
1 0 1 975981482
1 0 1 423498722
1 0 1 692460797
1 0 1 772716122
0 0 717318390 557310148
0 0 633687224 203997703
1 0 1 330943160
1 0 1 103527909
1 0 1 527981810
0 0 304189311 736491329
1 0 1 778747464
0 0 927914906 350760743
1 0 1 763881780
0 0 544241929 567805090
0 0 218448228 284751148
1 0 1 912637106
1 0 1 902779585
0 0 84287718 227237280
0 0 969169696 242327873
1 0 1 49395046
0 0 710420164 350213537
0 0 581966233 663549117
1 0 1 36243408
0 0 118127066 764815979
1 0 1 35386298
0 0 334912556 413009700
0 0 56087822 599845814
0 0 756287491 175810866
0 0 191982927 756220087
0 0 810251926 113421813
0 0 932943179 812746412
0 0 532842620 636716423
0 0 308527263 70940736
1 0 1 207795242
0 0 463898267 778993018
0 0 104176948 747401836
0 0 461478149 513607968
0 0 691762659 947866931
1 0 1 124650127
1 0 1 899497287
1 0 1 831147575
1 0 1 178310838
0 0 420530359 108052729
0 0 958949847 515607811
1 0 1 122405887
1 0 1 177124122
1 0 1 521541764
1 0 1 519268517
1 0 1 289164865
1 0 1 679909176
1 0 1 527540089
0 0 432927883 324481269
1 0 1 228251790
1 0 1 330579784
1 0 1 929525652
0 0 541611162 608420446
1 0 1 283656564
1 0 1 401311013
0 0 938017962 592294527
0 0 74387365 613608279
1 0 1 293139661
1 0 1 163207015
0 0 956813242 410793040
0 0 795832414 659021794
1 0 1 556074678
1 0 1 688168134
0 0 175817638 772526048
1 0 1 8234909
1 0 1 556709178
0 0 148124003 959694599
0 0 475310796 44215999
1 0 1 126715586
1 0 1 729971301
0 0 844508260 611578698
0 0 893933600 849149515
1 0 1 31747924
0 0 103390221 90037450
1 0 1 144655656
1 0 1 351065005
1 0 1 78122115
0 0 376072331 634253095
0 0 140706073 76257536
0 0 435298468 382833994
0 0 258035404 514176378
0 0 204921734 857055311
1 0 1 942399113
0 0 965250933 130718156
1 0 1 317280477
1 0 1 428408288
1 0 1 214942632
1 0 1 271881167
1 0 1 988768948
1 0 1 796549153
0 0 50654256 638761931
1 0 1 942490217
0 0 295480352 621305688
1 0 1 98891570
0 0 556909556 911224260
1 0 1 477128571
1 0 1 908640406
0 0 151960 182677087
1 0 1 254636703
0 0 294546273 682473680
0 0 598576737 995858615
0 0 895345570 992372551
1 0 1 322279520
0 0 647083241 758739011
0 0 124948462 388640750
1 0 1 113900437
1 0 1 844878678
0 0 247935301 910854628
0 0 37432726 884142930
0 0 8658878 138962951
1 0 1 882163409
0 0 231660322 67413544
1 0 1 52769325
1 0 1 81962486
0 0 542054796 523678555
1 0 1 469711223
0 0 822143969 862262309
0 0 668562605 274458194
0 0 204509332 58782515
0 0 32221929 272523244
1 0 1 450339115
1 0 1 936184536
0 0 343375523 437982457
1 0 1 431014249
0 0 105432776 104188851
0 0 740576670 66902476
0 0 723472119 977996651
1 0 1 228244437
1 0 1 766474053
0 0 239762963 636319179
1 0 1 956569873
1 0 1 468510045
1 0 1 266578695
1 0 1 703753225
0 0 810430681 714252591
0 0 449912643 787955265
1 0 1 37164739
0 0 784978568 521467320
0 0 384220145 14389990
1 0 1 539481225
0 0 974877926 38759618
0 0 180935582 967145600
1 0 1 567468477
1 0 1 687347428
1 0 1 614070130
0 0 266054035 66168486
0 0 551061946 30658986
1 0 1 230536541
0 0 259431680 177023720
1 0 1 433741804
1 0 1 470808389
1 0 1 97992488
1 0 1 625459757
1 0 1 456075062
0 0 366166641 516687814
0 0 923095801 65886506
1 0 1 697436100
0 0 848804121 339987990
1 0 1 375857218
1 0 1 985149132
0 0 665116873 901468483
0 0 914192222 117583085
0 0 765241111 494333431
0 0 377560277 739135901
0 0 909699921 755821674
0 0 280576593 126247760
1 0 1 548962108
0 0 457920511 567604004
0 0 942257176 228293500
1 0 1 451104192
0 0 823958703 320182786
1 0 1 16444640
1 0 1 206272478
1 0 1 985725308
1 0 1 100383255
0 0 712547640 301341652
0 0 781527308 7255137
1 0 1 206747690
0 0 2854901 774787867
1 0 1 16145394
1 0 1 895227473
1 0 1 206892731
0 0 84413315 363733316
1 0 1 220673160
0 0 530094715 684841436
1 0 1 453500431
1 0 1 209466309
0 0 47733366 506527624
1 0 1 550386366
1 0 1 389692190
1 0 1 929241001
1 0 1 474776801
0 0 60566724 219010370
1 0 1 628613656
0 0 191434177 173803663
1 0 1 289037494
0 0 978784977 733154920
1 0 1 670864206
0 0 962614133 74527806
0 0 906129634 849778012
0 0 122815202 15733932
1 0 1 347076420
1 0 1 493410296
0 0 205547802 70735599
0 0 856319135 145566043
0 0 571357378 3843006
1 0 1 864849751
1 0 1 329747785
1 0 1 974627445
1 0 1 540656057
1 0 1 662064101
0 0 580261631 475264693
1 0 1 694033148
0 0 836822031 413101197
1 0 1 356048434
