5 1000
729561620 415335212
437019263 878914770
692819384 929176066
657049556 799637676
179913267 266003265
1 3 5 183631677
1 2 4 21564799
0 1 612278332 480645345
0 4 591363278 253325503
0 4 329123774 683907575
1 2 4 374077434
1 1 2 951620049
0 3 85032252 155899669
0 4 235246973 542322453
0 4 64213609 920497409
0 2 767197068 363475924
1 1 5 765774517
0 4 514849001 829916620
1 4 5 842602014
1 4 5 240708812
0 1 252074633 223654983
1 0 2 199402856
0 4 91242178 347675278
1 0 4 858527700
0 2 315153330 597307279
1 0 3 508879689
1 1 4 492316089
1 2 4 737656734
0 2 746517969 79257081
0 0 774957951 645014315
1 0 4 882381640
1 2 4 189284340
0 3 536705247 518293388
0 4 916363328 379872962
0 3 589361600 278705257
0 1 323952535 905975648
1 0 5 413099362
0 2 821558233 43108663
1 2 4 310887685
0 2 72340311 302339054
0 2 715960581 608591101
1 1 5 212306188
1 2 3 190845897
1 3 4 849278450
1 2 4 336406888
0 3 242719768 829345542
1 0 1 652680078
1 1 4 334307859
1 0 5 629193703
1 4 5 785569377
1 4 5 318102593
0 0 755143583 712306072
0 4 265991489 357878405
1 3 4 409573091
1 3 4 960006315
1 0 4 562391304
0 3 430725103 667434084
1 1 4 70893525
1 2 4 687045886
0 3 465656152 684313042
0 1 887144756 982432390
1 2 3 957758072
0 1 203198045 4302363
1 0 1 48613043
0 2 636639090 396975967
0 4 150970982 954687411
1 2 5 680528957
0 0 229695925 481447422
0 4 435510951 74130087
0 4 689824455 203165636
0 4 942481031 482471172
1 1 4 979063267
0 3 106389502 639821517
1 1 5 356281937
0 2 629587424 982727395
0 1 339603667 666027806
0 2 129469519 434280803
0 2 499590297 545523930
1 0 3 851127068
1 1 3 39683407
0 4 42071654 18148359
1 1 2 234905292
1 0 4 539411684
0 1 157033245 920769087
1 2 4 672701876
0 1 179382556 249165508
0 4 368329527 257594009
1 2 4 353094399
1 0 5 969199413
0 1 333221777 488618492
0 4 278215623 278855153
1 3 4 368903611
0 1 624381626 257628615
1 0 4 133999519
0 4 269073722 190483917
0 3 577064820 57365298
1 3 4 902016901
1 0 5 654906625
1 4 5 983045190
1 3 5 88392576
1 2 5 653296783
0 1 387243286 766529944
1 0 4 603142599
0 3 708490117 658038825
1 0 4 243499717
0 1 272853997 250401958
0 2 156038487 476805780
0 0 874643232 870125515
1 3 4 863494753
0 3 359055555 315303146
0 1 593518112 294397480
1 4 5 265652279
0 1 857443550 264109589
0 1 279928488 786525798
0 2 898608147 287994458
1 1 2 128495016
0 1 975324494 523511380
1 0 3 923204982
1 2 3 758743009
0 2 269291193 593927519
1 0 4 652791330
1 2 4 806420735
0 3 612072767 560264036
1 2 3 423962646
0 3 234711390 944254645
0 1 513390968 895104642
1 0 5 606723936
0 3 613258203 244587510
0 4 234985359 760986450
1 0 5 858413256
0 4 683639771 79626469
0 1 548081804 327821783
1 0 4 770518657
0 0 427995017 263635537
0 2 866321870 217774152
0 4 130771488 719640233
0 2 638052651 921358237
0 0 988023285 734468928
0 4 826774113 267461014
0 0 997135898 996323006
1 2 3 707951729
1 4 5 586283500
0 0 603678527 942340449
0 3 672281237 873543945
0 3 530792399 4499947
0 3 205270245 842845759
1 3 4 316829321
1 1 5 185588854
1 1 5 864712902
1 0 1 794912364
1 2 4 986073643
1 0 1 906765336
1 1 4 942909447
1 4 5 628233472
1 0 2 885512639
1 0 3 960031150
1 3 4 44225606
1 1 4 960696582
0 3 722382591 75319658
0 4 930636380 996372626
0 0 67518313 947029467
0 1 344396267 723519435
1 1 4 938537169
0 1 810179243 870938783
1 2 4 671188132
1 0 5 531010434
1 0 3 911795398
0 2 751691941 298968426
1 1 4 204958763
1 3 5 611526482
0 3 905182040 287688100
1 0 1 95049208
0 4 251684352 692138098
1 3 5 963036169
1 1 4 787229414
0 2 326763330 352159210
0 0 166045474 340948950
0 1 576022663 510564025
1 0 5 173444820
0 0 692731483 987248335
1 0 4 369959252
0 3 840017573 103025771
1 0 2 673034053
1 2 4 386754048
0 0 117505739 143205985
0 3 605795936 298064717
0 3 519046242 465219319
1 0 2 382130370
0 1 175049832 234138909
0 4 28797756 43913694
0 2 121550758 532265423
0 2 493705673 163322861
0 0 778221315 30754390
0 2 697570573 520994035
0 2 655260440 696818602
1 1 3 234279716
1 1 2 445857435
0 2 833199422 853198939
1 1 5 120759843
1 0 3 501699647
1 0 5 834180967
1 1 2 357305022
1 1 4 569726104
0 2 877137370 478771057
1 2 5 785190569
0 0 190896111 615860881
0 0 13992083 308722631
0 4 565666587 687876735
1 1 5 37955267
0 0 939619148 521492626
0 4 586191042 931904904
0 2 79575161 3550910
0 1 806314843 625764381
0 3 266606039 281108641
0 4 765307879 339196765
1 1 3 209929507
1 1 4 81776621
0 2 11630121 457025201
1 0 1 583506485
0 2 644095609 668365587
1 0 2 350868616
0 3 813766284 617731391
1 2 5 623236364
0 3 973119155 493554486
0 3 434342445 34981129
0 4 105172668 907770893
0 0 946006142 685257946
1 2 3 714713833
1 3 5 848239397
1 2 4 330959208
0 0 194337140 408233487
1 1 2 268150824
0 4 115683897 215079652
1 1 2 675779270
0 1 569117001 905911180
0 2 8541288 474199214
1 3 5 903111168
1 2 3 446368963
0 3 193800218 665812970
1 1 3 367054826
1 2 4 915405301
1 4 5 265417023
0 4 316795446 639053643
1 0 3 788824942
1 0 1 469126553
0 3 797451613 629279611
1 3 5 653474418
0 3 249405180 760368646
1 2 3 548233381
0 4 309021163 411488659
1 0 2 611183970
0 4 703639931 455985893
1 3 4 135951850
1 0 4 840841023
1 3 4 726472761
1 2 4 526988525
1 3 4 402441495
0 0 682882206 528072682
0 3 69664561 813592843
1 1 2 780572864
0 3 117817645 572713663
1 4 5 350545868
1 1 3 845268334
0 4 981475687 58273530
0 2 926265408 578877364
1 0 3 658052028
1 4 5 209874867
0 0 190908889 338734897
0 4 312968246 555211543
1 2 3 62242310
0 4 529150906 56631573
0 2 894009628 908188126
1 0 4 969355163
0 3 874160294 72498555
1 3 4 77844202
0 3 687317391 513625978
0 4 309190108 958513401
1 0 5 164150619
0 0 281779618 897197552
0 2 255501693 971688370
0 1 150176172 380267805
1 0 3 199811917
0 2 7267556 789680569
1 2 5 818545052
1 3 4 842235840
1 2 4 194282102
0 1 745725082 958742092
0 4 600530343 235910317
1 1 3 674045846
0 3 415927471 468767450
1 1 5 171699045
0 4 230978787 881395266
1 3 5 846316912
0 0 274373852 922563329
0 4 52035768 348843145
0 0 96905301 603116695
0 3 710813880 448711549
0 3 691152810 979747902
0 0 778632 138634889
1 2 4 963279165
0 0 540882479 528795486
1 0 2 751153015
0 3 117019490 89590611
1 3 5 103005472
1 0 2 586947668
0 1 412667422 675138549
1 2 5 599650149
0 4 881050185 953533719
1 0 1 134896600
0 0 442228839 906497438
1 0 1 114341247
1 1 2 682896059
1 0 3 264780419
0 3 501463948 896056767
0 3 96386808 128499069
0 3 979886584 630556043
1 0 4 564374380
1 0 3 195061603
0 2 188405852 414972137
1 4 5 559095449
1 0 5 930548098
0 2 569922801 177776188
1 0 1 109600705
0 1 462584180 425327209
0 0 631642352 302251478
1 0 4 934383041
1 0 4 69971999
1 1 2 236613684
0 4 831573787 540290827
0 3 331747815 542793590
0 0 681345038 749943773
0 1 403661990 954180356
0 0 839567715 108807572
1 2 4 359992180
1 3 5 152330333
0 0 288269668 263054547
0 2 923849472 689171
1 0 4 801424077
0 1 14558401 816574994
1 1 5 525801187
0 2 597670716 283264162
1 0 3 884125646
0 0 752811105 966249105
1 1 5 249857307
1 3 4 772372686
1 1 3 983573241
1 3 4 312025963
1 0 5 858989447
1 4 5 930478137
1 0 5 254943333
0 0 794910630 375417859
0 3 80756660 979465376
0 1 766406440 219581787
1 4 5 902567383
1 1 2 552055904
0 1 187341225 383629
0 2 843852864 798430504
0 2 924757237 38600905
1 0 4 923924583
0 2 178862377 948566469
0 0 948944926 681925226
0 3 732346125 667555405
0 0 210229888 827900839
0 4 383641822 82199929
0 2 614508212 28806963
0 0 593657525 68653599
1 2 5 202681833
1 1 5 624224860
1 2 3 12274240
1 1 5 931913297
1 3 5 271592035
1 2 5 73907839
1 0 2 943695709
0 1 51757782 254244521
1 1 2 332097643
1 3 4 751435341
1 1 3 374493011
0 0 408676847 656945492
0 4 660798499 699473070
0 2 589874929 215853102
0 2 406258547 277051039
1 1 5 811665278
1 0 2 60887387
1 2 3 892343433
0 4 186703892 84958194
1 2 4 169888167
1 0 3 548842376
0 0 744318479 688889247
1 2 3 925095229
1 4 5 736781931
0 2 96858216 546169684
1 0 3 151780625
0 0 581861177 282120263
0 4 821824149 104284288
1 1 3 581444807
0 4 523001903 747748245
0 0 530236413 129440054
1 2 5 367647587
0 3 465017010 440458332
1 1 3 155660292
0 4 255582120 694893951
0 2 168505027 487571325
1 1 5 527311886
0 2 398733813 468691121
1 1 5 229450963
1 4 5 642433914
1 4 5 366073442
0 0 235345896 949818183
1 4 5 750129857
0 3 230350302 895889845
1 1 4 638875942
1 0 2 697175444
1 0 1 849728510
1 0 1 326363449
0 3 443122859 623915089
1 3 4 966886473
1 0 4 71076445
1 2 3 153619679
1 0 2 686408658
0 3 452052771 479182497
0 1 377682167 641738503
0 1 343404237 766431022
1 3 4 13543209
1 4 5 91711311
1 0 4 584424162
0 3 984872489 413844740
1 2 5 737593536
0 4 317294784 505746355
0 1 179662654 641624504
1 2 4 379215583
1 1 3 30735627
0 4 390624346 88472780
1 1 5 968332011
1 2 4 618928931
1 0 3 427562563
0 2 772500937 171857422
0 1 712247172 476968133
0 4 927420862 905566635
0 2 354579100 887068411
1 3 5 130525749
0 1 403038276 229496696
1 1 4 874326561
1 1 2 511746341
0 4 305328640 64823733
0 0 270793788 920693670
0 3 315064553 372189597
0 3 677165571 423597606
1 1 2 79379492
0 3 368428402 692059126
0 2 955278091 972393821
1 1 5 361427902
0 1 325914428 144473907
0 0 347669037 680836981
0 2 13248608 356772750
0 4 650513054 942828764
0 3 692382216 976061520
0 3 269025506 318473931
0 4 904867080 202085832
1 1 4 935174056
1 4 5 98771581
0 4 608950344 620028930
1 1 3 767447428
1 2 5 137101550
1 1 5 251244799
0 0 238091792 248905447
1 1 2 601895986
0 2 476530996 752272535
1 1 2 833179903
1 0 2 282200918
1 1 4 47377213
0 4 694560435 298447425
0 0 991692703 251324358
1 0 5 382002967
0 2 229927593 599832959
0 0 316636378 183194349
0 0 620560991 149785327
1 0 5 621450790
1 0 1 902075084
0 3 926445619 223505583
0 2 618811515 604582699
1 0 4 800030400
0 4 303698127 701412026
1 0 2 854057241
1 3 5 139626664
0 3 572926109 366365794
1 1 5 61317506
0 1 907396097 476508866
1 0 2 237899948
0 0 471180554 535931513
1 1 5 469841875
0 3 683340100 167826752
0 1 358639983 685425107
0 3 542943158 38011365
1 0 4 308902830
0 0 662563186 874115787
0 0 456017799 709500528
0 3 398369486 87844265
1 2 3 894545775
1 0 5 867478255
1 4 5 813514922
1 2 5 657272535
0 4 478772105 298978822
1 2 4 242885864
0 0 975304563 586698449
0 2 56541277 801425210
1 0 4 748305350
1 4 5 767845434
0 0 262688872 912841652
1 0 4 271557183
0 1 402825932 970447141
0 3 947195211 761711067
1 3 4 774686777
1 1 2 877077439
0 1 351831832 250518785
1 1 2 844014633
1 0 5 985701634
1 3 4 911020449
0 0 383225589 511578441
1 3 4 39161105
1 4 5 190447259
1 0 5 651706941
1 2 3 402992523
1 1 3 146651106
1 3 4 833630666
0 1 982168575 434377732
1 3 4 129514405
0 0 531149558 572041657
0 0 463279799 847518096
1 2 3 620696024
0 4 403003084 448067007
0 3 263484737 207381920
0 2 55721125 528905695
0 3 473372299 360984802
0 3 238895818 861938397
0 1 428436885 686040640
1 1 4 74111191
1 3 5 825969471
1 1 4 554634394
1 3 4 331029263
1 2 3 105043968
0 1 976213259 452965020
1 2 3 114264815
0 0 831559490 287026520
1 2 4 629551747
1 3 4 473862368
0 0 261360032 871558588
1 3 4 744715742
1 2 4 761328829
0 0 66033813 878695249
1 3 4 938210852
1 2 3 38726654
0 4 575780834 283620837
0 2 559274294 855147104
1 2 3 49426264
1 2 3 586075686
0 3 22183126 166929198
1 1 5 312946329
1 1 5 502464967
0 2 471380438 436148550
0 1 901456167 215488475
0 2 591272160 734294888
0 1 16311421 978824722
0 3 443687618 79913647
1 3 4 848878307
0 0 770629677 15744776
1 0 4 786307564
1 0 1 807701928
1 0 1 704761771
0 3 7510726 355281123
0 1 173266376 814021802
0 3 964809922 914133986
1 2 4 317417137
1 0 3 250631224
0 0 407751292 349239383
1 2 4 677636967
0 4 661354189 657032032
1 1 5 731414263
0 4 943078700 574982652
1 2 5 243480427
0 4 183742463 528755972
1 0 5 756535519
0 4 93606490 780778823
1 0 5 784723711
0 1 136389465 538725372
0 1 633292220 755252398
1 1 4 590504639
1 0 1 451087711
0 2 246817473 85951790
0 4 976022426 532705481
0 0 856141930 537698527
0 0 513997979 677177578
1 1 5 926823520
0 2 625819999 573395830
1 3 5 692553338
0 4 5379947 332716559
1 4 5 929248147
1 1 2 139127884
1 3 5 319098240
0 4 182881744 866446286
1 1 5 300924119
0 1 377998954 195682955
1 0 1 437123727
1 1 4 968124954
0 4 484455195 376903492
0 3 838106159 806239821
0 4 440412321 578945819
1 1 5 784714896
1 1 3 328824452
1 3 5 54487826
1 0 5 967375158
1 0 3 696217674
1 2 4 412376983
1 1 2 349261539
1 0 2 913395813
0 2 151205872 640735999
0 3 754944987 753592538
1 2 4 27382223
1 0 3 599674227
0 3 205971433 361791474
1 0 3 457096252
0 2 65189463 334072629
1 1 5 862920327
1 0 3 753669104
0 2 984752652 490408030
0 2 832067728 631040329
1 0 1 147629363
0 0 344445368 40063667
1 0 5 931024906
1 2 5 784086930
1 3 4 385616999
1 3 4 791180849
1 2 3 780066845
1 1 4 994101010
0 2 130309770 232977641
0 3 947149467 11553288
1 0 5 114107697
1 1 2 229211493
1 0 1 512619339
1 0 2 714371102
0 1 195047485 311699475
1 2 4 612618405
1 3 4 780970967
1 1 2 694479303
0 0 509207795 450187163
0 3 649544920 807066665
1 1 2 822559636
0 0 185044200 123984544
0 1 659566824 97238724
1 2 5 524664694
1 2 5 444397521
1 1 2 728694989
0 3 727539213 608714191
1 0 2 98299828
0 0 687620249 336837125
1 3 4 120012143
1 0 1 3026688
0 3 340014205 944464161
0 4 257319631 42826992
0 2 894576865 587398908
0 3 499257962 77642898
1 0 1 705444783
1 2 3 560935490
1 3 5 865264700
1 2 3 491014093
0 3 637373900 20392494
1 3 5 705496554
0 3 863663587 289755804
1 0 4 472584183
0 4 514665709 637035585
0 2 882745050 836457136
1 0 5 978058974
0 4 329981544 428579956
0 1 139098426 150349178
1 4 5 330697564
0 1 813287159 318338668
0 2 662695786 28117152
1 1 5 146264903
1 2 5 93405568
1 2 5 508492620
0 2 590340235 795286852
0 4 973931779 562548983
1 2 4 846317579
0 3 897346152 600819688
1 4 5 862902889
1 2 3 106237401
0 2 157625831 493663599
0 2 65830020 8095070
1 0 1 620472928
0 4 122120300 957704977
1 1 2 123926291
0 1 99515095 521390341
1 2 5 20836642
1 0 2 635230341
1 2 4 838169061
1 1 3 501849343
0 2 710088109 574004567
0 4 213007273 33500607
0 0 774636007 246296324
0 3 821939957 632070704
0 4 261772415 716830914
1 1 2 24188524
0 4 543580922 230591785
0 1 412965800 970459693
1 0 1 75537516
0 1 447141226 883559428
0 4 169110674 733695945
1 1 5 469844273
1 0 2 145109754
1 3 4 883412425
1 3 4 451939221
0 4 54477724 740542432
1 2 3 916113684
0 1 864074909 514401117
0 2 632167269 61467849
1 0 2 379762062
1 4 5 423614307
0 1 351230670 133940892
0 2 691455124 246667774
1 1 3 990797570
1 1 4 663774543
0 2 322066998 823955303
0 2 695596097 622892485
0 2 838052085 735200493
0 0 168253340 102874652
0 2 452311021 984016144
1 1 4 472152529
1 1 4 369598382
0 4 273208671 900878432
1 1 4 370058180
0 1 602339124 61479692
0 1 341174780 615620595
1 1 5 81036334
1 0 3 534304435
1 2 4 116047762
0 0 788801787 59296264
1 0 3 361857124
0 0 810152395 374337688
0 1 7484423 615650795
1 0 4 575570568
0 2 73751996 643346575
0 2 69364230 704034613
0 3 368129136 799868343
0 4 183312558 420313645
0 2 849982196 218763851
1 3 5 817591331
0 1 818072957 92514928
0 1 282056829 38308361
1 1 2 442673318
0 2 96632041 725582078
1 1 2 558282438
0 3 4244031 663784236
1 0 2 992146705
1 1 5 550314550
1 2 4 849154048
0 0 829740241 796815253
0 4 508556217 143336077
1 4 5 420458902
0 4 297353012 978119564
0 4 182526157 26060903
1 1 5 283154725
1 4 5 771088473
0 2 668692439 721050519
0 1 236341104 990651609
0 4 902593418 790626597
1 1 2 530779431
0 1 282563887 444274879
0 0 753110125 836264024
0 1 371298087 501867718
1 0 3 927492262
1 0 1 977781371
0 4 238359708 676433075
0 0 374804454 721867658
0 2 270255280 657664158
0 4 869456047 516878390
1 2 4 198321244
0 1 474548429 43020183
0 0 982666907 403134635
0 1 669956657 71247129
0 0 429532192 164794374
0 4 7135041 660140266
0 4 983409994 720638202
1 2 4 788599520
1 4 5 409518284
1 2 3 555234953
0 0 408388277 796075666
0 3 301863169 796040511
1 0 2 858771530
0 0 559356585 680868513
1 0 4 59754618
0 4 16895084 540147238
0 3 250813583 989270164
1 0 2 560214064
0 0 721561923 740764950
1 1 4 72275472
0 3 79060550 610313526
0 0 839506182 726088240
0 0 71274420 957944867
1 2 3 553974402
1 0 1 439324091
1 1 3 439589752
1 1 5 155581147
1 3 5 541169751
1 3 4 775194105
1 0 2 76910011
1 0 3 768638626
1 0 3 713978835
1 3 4 189088418
0 1 814087657 621624577
0 1 204308664 802112081
1 3 4 7390886
0 4 361408142 358750629
1 0 2 272317027
1 0 2 665471489
1 3 4 804427999
0 2 750547341 453466756
0 3 926382799 68757699
1 1 2 919307178
0 3 130609643 785301935
0 2 199723503 132318499
1 0 4 71505509
1 0 2 490560654
1 1 4 914083064
0 4 432310460 356697934
0 3 929615044 419813188
1 3 4 589896124
0 4 674391964 365006498
1 2 4 621372205
1 2 4 508711147
1 0 1 928445815
0 0 351936599 431832452
1 2 3 293930752
0 0 931960018 274522815
1 1 3 852089557
1 4 5 725226944
0 4 662218002 452871989
0 2 540901345 571352842
0 0 519936324 100753946
0 1 224178644 47903042
1 1 4 429859586
1 1 5 426715617
1 2 5 651299707
1 2 4 765207327
1 1 5 751142596
1 2 4 541277906
0 3 572942948 220333023
0 0 155316249 741519156
0 4 33287993 123178382
0 3 797243352 275071871
0 2 645762591 641282316
0 0 938918413 746078141
0 0 734017086 553504770
1 0 4 230084527
0 4 855975695 410433218
1 2 3 906696096
1 3 5 786175925
1 2 4 119701421
1 0 2 245527998
1 3 4 511096066
0 4 256009746 603710400
1 0 4 757366804
1 0 3 99561456
1 3 4 864262367
1 2 3 480061836
1 0 3 18373781
0 3 376642004 141796413
0 2 488630636 596142929
1 2 5 852253524
0 1 365746154 351167437
0 1 30433043 828700970
1 3 4 397263868
0 4 905597587 671212674
1 1 4 710886082
0 2 111781025 235396644
1 2 3 503245665
0 2 773613564 335810047
1 0 3 535351293
1 2 5 705400848
1 0 5 509893220
1 0 1 574012519
0 2 49485215 662062495
0 4 354324117 762390737
0 2 380950279 504428468
1 2 3 879439533
0 2 61877442 105001801
1 2 5 380688840
0 4 288530087 693297280
0 1 93563336 85933196
1 2 3 937353580
0 4 15057308 817525320
0 1 962750399 587500929
1 2 5 863565854
0 2 345529441 368066984
0 0 106172857 207081989
1 4 5 888665766
0 2 177923130 30990318
0 3 955126594 480305678
1 0 4 773613136
0 1 257222376 132038110
0 2 133844698 146656817
0 0 234247656 43374830
0 3 243724241 231221902
1 4 5 757979993
1 0 2 260237717
0 4 896135755 25482063
1 1 3 319200481
1 2 3 446997449
1 4 5 491322176
1 1 5 988090785
0 3 702246402 201799867
0 1 593971995 400923809
1 0 2 977957537
0 0 905883526 924903677
0 2 482132662 966977756
1 4 5 330308593
1 0 3 229404587
1 3 5 988198858
1 3 4 248273034
1 3 4 109918529
1 1 2 343059811
1 2 3 333002939
1 2 3 415908248
0 0 635878886 551039628
0 4 99726873 331236079
1 0 4 795605865
0 3 338765140 679748489
0 1 808363895 25669809
0 1 775910478 86455216
1 0 4 34021098
0 0 877532313 45304548
0 3 56504092 35683315
0 0 926861481 970780093
0 3 33238556 735385275
0 4 169109021 358787922
1 2 4 599304075
1 2 5 670339077
1 0 5 610202851
0 2 804457228 144765311
0 0 465927817 775211918
1 3 5 389789385
0 1 391632414 305970405
1 1 5 547283151
1 2 5 152946246
1 1 2 810980806
1 1 2 946934034
0 2 106577786 830147047
0 3 30873396 885313317
0 0 665958335 709063983
0 2 825987959 964072285
0 0 785224316 872254686
1 4 5 777636190
0 0 847764104 154037064
0 3 866010165 320092344
1 1 3 627861118
0 0 536654488 936540340
1 0 4 737782443
1 3 4 236830410
0 1 837336742 33585144
0 3 961139116 494945292
0 0 820706678 654336556
0 3 424261428 750437342
1 1 3 394921635
1 2 4 840110771
0 4 884708455 425818273
1 4 5 236364838
0 1 928083273 868853871
1 0 5 791992071
0 2 679724216 955818888
0 2 267971380 250829852
0 3 19098134 454415388
0 3 144959463 149631820
0 0 557999218 994798950
1 3 4 397986084
0 0 563105319 516778122
0 0 298807688 859668917
0 2 372993798 502661039
0 3 295973616 907946624
0 1 936160347 337455674
1 1 2 636037353
1 0 5 766069895
0 0 772388981 229879655
1 1 4 301045163
0 0 225637091 266553291
1 0 4 256731661
1 0 3 16075757
1 1 4 580321849
1 4 5 368480323
1 2 4 879031214
0 1 17744116 839199110
0 4 600613200 750014371
1 1 2 158048359
1 0 1 718936379
1 1 3 60540229
0 2 457833467 765107002
0 0 986447038 160786276
1 3 4 289935087
0 2 124922279 488948664
1 1 5 872285962
1 3 5 763529784
0 2 443356932 226135561
0 4 554533291 797072036
1 4 5 435743302
0 2 80310071 6556177
1 4 5 833043138
0 1 635883684 589508316
0 4 794390058 74493159
