74 759
44 53 42 40 38 71 14 5 22 3 61 48 24 11 68 66 28 27 55 23 19 21 72 13 4 39 50 15 32 64 34 30 33 43 26 18 17 54 63 65 62 6 56 51 46 0 47 1 8 25 2 29 52 57 12 7 70 60 20 59 36 58 67 16 41 37 31 69 10 35 49 9 45 73
16 67
26 60
26 57
60 60
11 71
22 39
13 13
29 41
15 34
26 40
14 66
24 28
24 53
24 58
8 39
39 73
49 60
35 71
25 29
52 74
2 41
35 48
29 63
7 71
1 24
43 54
11 42
40 50
16 31
13 48
6 7
22 52
36 55
39 69
29 41
3 45
27 53
13 58
26 38
34 70
38 43
16 49
9 35
67 68
54 65
58 67
33 38
31 71
34 35
27 27
38 38
45 50
6 74
28 29
14 62
15 43
8 69
27 60
23 38
16 24
53 65
33 53
8 35
17 66
31 70
22 69
25 43
39 60
14 38
39 56
6 56
20 74
8 54
26 26
25 55
27 46
54 57
1 26
11 25
50 74
23 55
47 71
30 51
2 72
10 70
36 40
44 62
51 70
55 65
52 68
0 23
10 24
34 37
8 11
72 72
37 43
0 52
56 70
21 32
3 55
0 58
16 68
29 33
50 63
0 25
40 59
65 67
5 53
16 55
15 19
8 25
0 4
13 38
32 40
8 60
18 39
24 52
43 55
35 73
1 67
1 34
5 29
53 69
38 62
4 38
39 41
35 42
40 47
48 50
29 62
38 61
50 74
38 61
52 56
60 66
33 41
32 41
71 73
64 69
26 35
59 60
29 58
23 32
25 74
19 27
22 63
47 71
7 36
3 17
36 68
26 38
33 40
50 54
51 60
2 2
18 54
26 33
49 56
4 63
1 60
7 67
5 68
28 34
13 74
7 69
22 24
5 51
6 7
12 70
14 18
57 57
41 74
24 52
6 35
51 57
16 48
2 30
8 58
4 7
59 64
34 49
34 52
28 50
7 14
38 48
4 35
26 62
22 72
38 50
25 42
19 50
64 69
49 66
8 28
26 57
13 43
45 57
36 63
36 38
24 32
10 70
5 14
46 72
13 13
13 62
39 46
10 16
9 66
43 69
33 68
32 59
39 61
9 58
48 65
41 53
22 27
21 43
6 59
25 58
29 60
18 30
44 69
12 18
12 64
9 19
24 40
10 63
41 44
2 2
41 57
27 45
55 63
9 34
71 71
50 57
23 68
35 53
46 69
9 33
29 56
33 39
8 33
9 23
5 18
52 55
11 74
5 32
5 67
68 68
9 30
20 36
29 55
8 19
7 48
63 67
11 13
8 46
44 60
9 53
26 40
18 19
36 55
5 59
37 51
37 74
4 53
2 43
3 37
30 60
17 46
33 57
58 71
2 55
30 69
5 30
28 52
14 68
53 71
25 68
35 51
62 62
31 49
53 53
12 61
4 36
19 29
49 64
13 28
21 72
6 67
46 68
24 63
62 64
60 74
22 39
30 32
44 48
36 53
44 45
55 67
58 66
4 22
35 73
35 53
24 61
27 73
22 69
6 13
13 65
58 65
48 51
5 52
12 68
51 58
31 48
40 70
2 59
25 26
1 25
32 68
14 67
10 40
7 26
13 62
3 56
31 31
13 37
39 51
34 54
18 42
20 34
3 58
7 31
32 35
24 71
23 63
18 71
23 59
29 53
26 51
38 73
21 74
0 56
11 50
17 17
13 16
32 39
4 34
28 40
1 34
55 58
32 39
6 12
26 68
32 57
15 22
6 67
24 33
67 71
37 61
4 32
11 42
33 58
22 37
14 48
10 63
22 49
2 5
0 32
2 5
57 62
11 41
6 48
10 35
63 73
1 61
33 35
10 57
34 60
8 30
49 64
17 32
36 39
5 69
19 49
51 70
31 51
10 63
25 53
51 60
31 53
53 57
19 26
35 53
15 22
32 34
10 64
32 33
1 70
13 53
1 61
6 9
4 60
15 73
17 43
9 69
17 58
31 34
48 51
50 55
53 59
17 66
59 61
54 58
3 57
34 36
41 65
14 40
38 60
2 23
27 28
30 56
25 39
3 22
59 70
66 70
34 61
57 74
14 39
40 73
4 18
18 29
17 19
11 15
28 60
4 10
2 60
21 55
55 68
29 54
0 66
11 68
45 66
29 38
26 40
27 66
40 59
19 30
31 66
23 73
49 70
0 32
10 58
30 64
31 35
38 74
13 67
27 53
44 61
20 71
37 59
61 68
10 52
44 69
51 64
26 71
47 65
13 26
7 33
36 48
18 23
27 27
3 53
55 62
7 33
8 9
24 63
34 53
1 60
7 27
42 53
69 72
10 28
0 61
48 48
50 66
1 74
8 14
18 35
21 45
4 69
39 44
52 58
11 14
40 58
60 71
4 15
10 58
18 69
9 43
24 55
31 54
11 61
44 63
55 73
47 57
15 37
27 50
20 57
4 74
6 67
3 40
1 50
2 40
18 69
47 51
10 27
46 65
25 50
19 35
45 73
20 35
33 35
27 66
56 62
39 57
45 51
41 61
52 60
10 43
16 74
52 70
14 40
47 49
31 36
32 36
14 35
27 53
11 71
10 62
12 63
7 54
21 26
16 49
1 66
60 66
64 68
5 24
38 57
17 31
7 69
45 57
60 74
54 57
15 63
19 71
54 67
30 46
64 66
0 21
32 58
45 59
4 68
6 20
20 31
10 12
21 54
13 38
7 12
62 67
35 42
71 72
61 74
40 43
14 50
13 14
27 30
15 59
18 35
42 73
7 13
28 63
19 36
49 74
45 51
0 25
41 41
14 35
10 57
31 65
18 28
9 51
66 67
39 50
6 42
8 39
46 60
66 71
6 29
32 55
8 30
52 64
44 65
58 66
37 65
34 48
14 39
32 73
3 38
1 42
7 53
19 52
14 31
12 41
9 68
29 41
53 58
1 16
27 73
13 24
19 54
26 34
3 59
21 74
7 23
47 47
1 50
5 35
44 57
5 6
2 42
14 63
3 20
17 23
30 68
43 63
6 74
7 21
52 69
27 32
5 13
40 73
6 23
1 56
12 24
7 52
54 54
27 30
32 66
8 20
9 50
16 50
36 41
34 50
32 32
8 63
47 51
28 41
5 11
59 72
27 32
10 18
64 72
20 30
39 65
47 60
19 30
18 72
29 46
32 39
38 69
36 50
24 47
20 67
48 50
19 67
22 36
33 51
14 66
8 68
64 69
4 22
14 40
37 55
46 55
37 48
38 66
37 44
57 72
13 26
38 59
1 43
4 22
32 69
12 65
26 26
17 45
42 66
1 49
11 42
12 47
4 13
61 67
7 9
58 67
6 41
11 41
9 16
7 10
31 71
26 46
13 72
6 33
37 54
13 64
1 3
60 63
14 57
27 46
28 39
60 64
33 40
9 72
12 38
12 52
1 7
34 64
13 56
5 35
44 45
51 67
71 73
18 35
32 36
5 18
39 44
22 64
48 51
27 33
51 72
0 45
8 60
56 70
37 67
47 57
22 48
21 59
31 32
11 69
16 22
6 65
41 53
4 41
2 73
54 62
22 41
62 69
29 44
56 59
