88 829
52 14 47 26 82 45 32 6 29 55 62 16 79 71 41 77 65 53 49 20 66 64 59 58 69 50 46 30 38 7 54 80 15 56 19 70 11 63 84 37 36 25 42 48 21 17 87 9 51 13 60 67 75 31 12 73 35 10 3 23 1 85 2 43 24 76 72 4 81 44 57 18 28 83 0 5 33 39 61 27 22 78 74 86 40 68 8 34
61 77
60 75
16 59
33 47
4 49
24 71
23 38
45 85
27 48
39 39
51 61
67 79
4 87
65 81
9 64
35 63
28 64
28 62
33 56
64 67
67 75
48 61
15 48
42 85
13 60
47 75
10 68
6 14
13 31
52 78
8 78
79 80
48 57
25 32
39 81
2 45
5 83
10 87
8 12
65 72
32 33
42 77
69 71
13 81
13 86
51 58
14 80
9 44
58 77
3 74
0 81
31 49
10 70
20 55
40 60
11 75
3 30
21 57
67 69
23 70
7 47
7 74
38 87
46 81
18 86
85 88
61 77
45 53
42 51
30 62
33 40
61 64
22 66
54 65
13 48
44 64
31 37
14 64
61 66
12 82
12 25
14 62
79 86
7 16
47 85
22 64
26 26
7 88
2 27
52 69
66 66
41 54
9 53
59 68
44 87
30 73
8 88
23 34
32 74
62 84
53 82
5 64
23 51
52 52
7 73
69 82
31 58
52 65
3 12
72 86
5 85
12 53
11 43
41 82
61 85
35 49
34 70
7 79
56 61
24 26
32 32
27 44
37 68
30 68
29 85
52 60
20 85
4 16
26 70
27 88
14 55
3 59
9 44
76 78
37 56
40 86
55 64
50 87
18 31
45 77
39 88
21 56
2 42
71 83
17 81
5 45
60 73
21 56
41 84
35 56
26 78
25 85
20 38
13 19
57 61
28 72
26 32
11 15
48 83
71 83
49 77
61 86
7 17
52 56
6 84
17 32
36 87
39 45
50 51
45 76
69 77
15 83
5 7
21 30
48 82
10 63
11 85
51 85
8 80
0 40
5 80
1 45
25 63
48 69
49 79
11 27
28 48
2 84
79 86
35 45
36 47
0 24
30 80
55 83
41 61
45 78
37 42
17 48
29 75
3 24
19 81
11 63
23 55
38 38
12 54
46 70
33 41
40 60
12 54
8 55
40 51
8 75
23 70
6 67
3 42
6 63
33 69
11 20
9 10
45 65
7 30
79 79
24 73
28 48
33 47
11 19
50 87
15 32
15 50
49 72
29 53
79 86
51 66
0 61
54 74
74 81
16 20
34 54
6 20
23 27
20 38
21 44
53 86
35 78
32 40
53 83
35 57
36 37
24 26
7 78
3 77
7 42
14 49
19 77
26 48
38 66
56 65
62 86
59 65
25 63
58 78
13 76
19 42
8 36
8 18
37 51
17 37
75 81
31 69
48 56
3 7
21 35
9 23
7 23
6 16
48 78
67 72
70 88
10 11
15 59
17 31
46 60
2 87
33 41
12 85
54 88
15 60
70 75
7 40
64 73
9 82
39 44
30 38
18 18
10 47
10 26
21 76
11 76
35 36
48 58
57 65
15 49
8 46
40 73
1 78
9 13
16 72
42 52
44 55
66 72
0 28
15 79
29 43
14 15
69 75
22 51
20 62
47 83
20 78
6 15
28 55
28 30
6 10
27 74
49 86
41 55
19 72
54 77
28 62
48 84
28 82
40 66
7 68
40 52
5 84
22 25
40 54
5 22
18 81
10 61
34 77
2 43
17 73
8 72
22 58
74 84
13 64
1 75
46 88
11 80
1 48
11 65
1 48
30 30
44 58
27 52
6 30
42 59
51 82
16 47
82 87
65 81
5 23
57 64
39 56
1 5
39 51
49 79
31 80
68 70
0 74
21 85
11 81
10 58
1 53
41 73
38 86
21 84
15 17
25 51
5 61
65 69
26 72
44 70
43 68
21 75
7 67
1 84
47 83
32 83
48 53
25 44
31 66
7 70
33 37
18 58
33 69
8 46
10 66
45 69
53 83
0 70
42 63
23 47
23 84
22 83
29 66
20 52
21 84
54 60
61 74
4 38
24 78
57 59
71 76
27 30
58 65
13 83
79 81
17 67
8 80
11 18
8 57
35 69
11 68
9 56
65 85
24 55
48 61
62 76
76 86
20 60
21 26
52 54
7 79
14 64
5 33
14 17
55 69
15 40
38 43
38 40
3 35
29 47
11 48
18 82
40 71
88 88
59 65
43 88
49 58
28 86
71 72
54 58
26 87
20 77
11 52
32 64
63 87
34 48
42 57
61 64
37 48
9 45
26 55
45 65
31 68
27 41
54 66
17 74
31 52
0 70
70 77
9 37
22 64
21 61
24 38
10 67
27 57
23 39
20 65
7 50
71 85
77 78
78 86
5 57
22 30
76 77
17 20
59 86
40 51
3 74
68 75
75 75
37 47
5 51
59 61
17 19
60 87
21 46
60 88
20 88
14 47
81 88
26 52
17 75
16 52
24 79
35 80
19 36
49 68
13 49
63 70
24 30
51 69
15 75
76 83
53 65
32 51
18 49
2 83
8 16
23 44
14 77
64 77
13 69
51 73
9 46
11 43
76 76
6 26
5 41
22 62
8 37
1 34
67 68
23 56
48 57
32 33
10 70
23 30
24 36
16 81
5 74
32 76
25 71
82 87
12 78
43 58
53 59
71 82
68 85
58 63
13 24
3 21
4 50
2 22
55 74
27 84
10 78
58 77
10 42
47 82
32 75
2 74
7 48
9 69
23 40
17 74
0 38
82 83
29 67
50 76
4 72
42 71
28 53
23 70
2 6
1 66
7 48
32 60
53 54
1 75
14 87
4 32
25 73
13 31
2 6
0 42
36 36
2 61
52 73
72 75
23 85
14 54
47 55
19 76
55 85
22 70
24 56
75 77
7 50
50 59
20 83
4 45
36 66
21 51
76 83
12 23
39 50
3 65
4 32
5 24
14 88
49 63
3 44
55 59
33 43
40 68
30 43
0 60
58 79
17 49
44 87
12 15
14 40
37 57
5 37
26 60
46 57
2 60
45 85
28 44
4 8
9 83
41 45
0 60
39 55
1 81
45 48
39 70
28 70
28 77
4 78
0 78
3 5
30 80
20 81
43 73
32 59
21 76
29 38
26 64
5 30
8 52
49 84
4 27
52 54
39 46
14 68
43 50
4 82
41 76
27 73
9 14
35 79
42 85
67 83
23 70
67 75
25 62
24 58
0 46
18 51
7 78
27 54
30 32
1 19
8 63
28 74
51 78
33 66
14 43
31 34
16 82
6 65
4 78
5 64
26 31
9 83
40 70
2 17
24 54
56 83
2 67
51 82
4 29
21 26
27 87
3 45
22 59
40 80
11 45
20 29
4 58
48 49
41 59
60 85
45 69
17 61
75 81
12 81
33 75
0 46
47 49
2 31
48 64
12 75
52 68
11 13
4 49
48 88
41 76
22 23
76 83
53 56
63 75
29 86
48 56
32 69
79 82
70 81
45 50
25 58
41 45
8 62
16 61
25 86
6 57
12 66
23 57
18 69
25 40
49 68
20 85
50 75
12 67
6 47
49 49
8 62
21 59
26 68
85 88
32 57
29 59
51 69
42 76
33 72
2 53
19 76
13 76
8 15
45 84
14 77
40 79
30 71
28 58
3 85
3 76
7 80
15 39
0 68
34 74
25 67
29 48
39 64
33 68
76 87
51 86
50 88
41 61
8 37
60 67
8 64
60 62
6 72
37 40
47 52
23 73
1 25
5 79
47 67
45 71
57 87
28 30
11 20
17 68
23 80
71 81
60 81
58 69
2 38
33 64
78 84
11 21
67 73
40 86
3 51
44 49
5 76
9 72
39 39
20 58
2 46
42 79
17 74
43 47
6 39
68 70
56 57
2 45
17 85
46 78
55 83
42 75
52 61
17 64
53 88
53 77
