88 139
5 61
52 80
0 17
50 87
62 71
25 69
10 46
44 86
11 38
17 35
73 49
24 47
39 83
8 66
55 56
64 45
83 41
59 35
76 24
2 70
11 77
80 58
84 86
30 50
23 54
36 74
12 10
62 75
33 34
43 28
77 29
10 46
77 33
26 48
32 38
52 79
15 30
25 57
86 0
46 75
81 60
35 83
66 87
25 86
19 85
9 38
15 64
59 82
0 53
40 66
71 56
37 37
29 87
49 40
84 13
77 23
44 58
52 6
43 81
38 19
71 66
68 79
9 1
35 86
84 67
57 61
23 76
2 62
63 22
6 9
26 80
80 70
7 9
70 48
79 48
36 69
80 65
27 36
33 70
5 2
10 59
30 85
20 81
56 67
31 10
14 77
58 75
25 56
15 66
75 4
64 4
21 23
2 70
78 3
30 7
85 38
37 5
56 44
57 28
19 63
24 18
62 71
86 66
39 79
75 22
50 35
48 15
49 6
21 2
61 20
23 41
65 76
87 52
70 17
21 41
8 46
22 41
11 36
56 80
81 25
23 60
56 17
24 4
21 33
37 28
42 7
35 27
73 33
14 22
49 70
3 62
4 8
32 76
2 7
55 1
5 1
0 72
20 72
78 52
