70 252
63 36
64 48
26 34
43 37
30 53
67 64
26 19
25 54
28 44
52 60
4 22
43 48
14 48
12 50
37 23
28 40
48 54
60 23
43 46
7 5
29 39
5 13
57 60
1 23
33 8
59 39
3 29
5 8
34 11
44 40
39 19
40 17
42 48
39 19
49 46
0 48
46 45
57 67
43 60
56 59
32 42
6 54
56 69
23 43
38 65
66 24
0 64
16 10
23 1
4 16
37 49
50 12
31 27
66 40
25 6
16 65
32 43
59 62
57 23
12 53
6 64
15 25
37 60
68 13
53 29
66 17
2 30
8 56
42 51
14 64
4 28
59 11
26 68
21 9
40 31
66 47
47 16
0 57
27 58
3 34
59 33
27 58
18 41
62 33
35 41
12 56
66 40
39 55
19 62
64 57
17 36
14 45
41 3
66 44
29 56
47 24
59 5
26 5
4 65
21 30
69 56
48 67
38 17
32 46
6 5
6 49
68 21
6 67
11 56
64 15
33 5
29 30
8 39
2 5
0 67
12 2
22 66
10 36
0 15
6 14
8 2
24 27
56 41
45 25
19 62
44 63
43 6
2 50
25 60
46 60
62 56
35 11
47 16
19 29
64 60
67 0
16 17
7 62
25 32
6 42
64 0
7 12
44 16
50 39
39 33
21 13
25 23
35 21
36 66
11 62
47 28
46 64
60 52
50 29
47 58
59 50
0 52
31 58
17 66
41 29
67 14
17 44
29 33
55 17
45 0
47 24
16 31
42 0
53 8
65 31
31 10
18 30
1 14
62 56
16 24
32 52
61 69
13 69
9 5
66 40
3 55
58 24
10 36
10 36
56 61
15 23
38 31
54 14
36 22
46 64
20 58
33 35
5 33
29 5
55 9
17 38
32 23
28 66
31 28
31 38
44 31
59 29
1 32
14 43
21 26
66 16
66 47
65 40
13 69
45 15
67 15
5 34
51 15
11 55
68 9
22 67
20 40
10 24
61 55
2 62
44 4
44 24
51 25
30 35
48 0
52 43
48 49
61 8
39 5
52 25
41 53
27 40
51 32
12 29
12 2
45 43
49 45
15 42
41 56
22 65
7 11
50 35
15 64
17 44
12 33
29 50
31 65
6 60
42 15
0 52
25 32
51 54
