53 185
48 40
23 7
45 7
6 42
13 6
45 1
18 28
47 14
11 15
27 9
50 44
23 47
20 27
18 19
2 19
18 49
32 49
9 12
11 0
32 49
22 14
8 48
41 28
30 43
4 21
7 22
28 30
17 11
19 30
44 7
46 8
50 45
35 48
29 47
4 26
16 39
37 25
38 12
19 52
28 41
23 31
33 34
6 15
44 24
0 6
26 22
49 43
4 31
20 38
43 39
41 39
51 40
5 26
11 0
39 25
5 50
40 17
34 36
35 8
5 47
11 27
38 6
26 50
14 50
9 46
34 25
36 43
48 11
22 45
21 24
41 18
17 3
51 46
22 7
7 5
4 24
8 38
39 16
52 18
41 30
21 44
42 20
4 29
48 8
23 14
21 5
0 20
27 3
13 48
49 16
44 21
28 34
20 3
44 5
27 51
17 0
49 41
26 5
14 26
27 38
3 20
8 35
40 12
43 25
19 36
11 3
27 48
6 15
49 25
41 16
36 33
22 1
31 14
27 9
15 11
33 39
34 37
38 17
19 43
31 45
14 50
28 39
26 44
22 4
39 36
45 4
28 49
40 0
16 52
46 10
22 47
25 43
5 24
27 8
13 35
43 32
18 36
22 29
26 44
36 34
50 23
10 21
13 46
9 42
1 23
4 22
47 44
30 33
19 28
38 15
10 9
38 17
40 27
39 25
37 41
5 50
46 35
44 47
2 43
15 27
29 14
6 15
43 36
52 39
18 25
12 20
29 7
8 40
13 17
14 1
40 9
0 15
8 17
40 11
52 49
52 49
29 50
1 24
8 0
36 34
43 18
25 49
13 42
21 24
36 19
