920243095
156633320
700436703
71599631
303781876
690351428
799927199
954090279
382548042
801987085
796326432
811304004
373587957
216675475
802479768
251800344
388462533
968794800
680138430
319302775
968943261
527936019
881493564
886913527
651689668
771204422
718645618
918839476
727518224
682719110
88796602
784993413
489232590
831849473
101111325
30520375
154930010
746178856
155669643
694831359
476764892
58306999
811486738
257595359
161688470
595153297
787108895
382054846
364651679
804387328
760559364
670086732
271257491
541018810
85690651
814944299
965566519
282797479
680104647
183892915
529011476
832595656
272360978
520961567
220689406
353959060
516464766
254936518
702006557
342563008
179890226
745495553
436773701
47747015
1082111
892321024
366414089
539256013
886494722
0
765692192
962150290
0
885300631
510147926
773538205
900406740
800007635
109377936
602429670
853113313
532068942
466295278
274514838
53749754
773211564
79056173
220087913
795681350
609894978
