9415
0 262
2 2976
3 4877
4 3403
5 4742
6 2961
8 5979
9 7822
10 415
12 969
13 1058
15 3592
17 5759
18 7128
19 4461
20 5011
21 8414
22 5217
23 5698
24 5855
25 1211
28 3685
29 1866
32 6955
33 2484
34 7733
36 302
37 7754
40 5766
43 5144
44 1709
45 2552
46 6881
47 901
49 1104
50 7235
51 760
52 4351
55 4263
56 2210
59 2475
62 1822
63 2086
65 3975
67 2121
71 3201
73 2519
74 3028
75 5106
76 4959
77 347
78 2123
79 2582
80 6586
81 9057
83 2252
84 928
88 3490
89 4553
90 2500
94 5456
97 4307
98 1545
100 2826
101 382
103 5726
106 8119
108 1191
109 447
111 5413
112 5034
115 8932
116 5719
117 606
118 1861
119 4788
121 1922
122 957
123 357
124 3385
125 298
127 1163
128 7787
129 3138
130 2692
132 3557
134 1941
136 6781
137 2714
138 9314
139 5651
142 6429
144 1184
145 8020
149 1239
150 5576
151 1502
152 5547
155 5100
156 1978
158 1259
159 5743
160 8533
161 6604
162 289
163 2470
164 6600
165 10
168 3860
169 4196
171 3493
174 8973
176 6259
179 369
180 3315
181 7120
182 6776
183 7728
184 7267
186 3230
187 4412
188 3889
189 2272
190 6507
192 8384
193 3687
194 7909
196 4097
197 3531
199 8901
200 9292
201 1631
202 1851
203 5134
204 6350
205 6233
206 4882
208 7799
209 7521
210 3673
211 876
212 3225
214 1437
215 8654
217 3036
225 2690
226 2687
227 474
228 1621
229 9422
231 3608
235 5497
236 5116
237 5223
239 8017
242 6154
243 1338
244 3543
246 1523
247 7557
250 9189
251 4147
252 140
254 207
255 2189
256 3832
258 8052
259 7167
262 7841
263 2930
265 309
269 5643
270 2779
271 6408
272 2041
275 4315
276 5275
277 7334
278 8706
279 3964
281 427
283 1654
284 4089
285 770
288 1885
289 2629
290 583
291 2413
292 6057
293 2503
294 7812
295 921
296 4353
297 1924
299 2011
300 8383
301 1427
302 3777
304 5084
305 1964
306 859
307 3113
308 8875
309 934
311 2840
312 942
313 4299
314 3609
316 868
321 2566
322 2809
323 3513
324 6094
325 4482
327 5806
329 3444
332 2797
333 4429
335 2518
336 1
337 5122
338 7475
339 4782
340 3061
341 3707
342 1347
343 3775
345 4348
346 2803
347 1583
349 816
353 3856
354 1157
355 5409
356 1849
360 4396
364 7066
365 4711
368 1872
369 781
370 1115
372 1094
373 2057
374 737
376 2111
379 9252
380 2494
381 8031
382 6778
384 1739
386 5153
388 831
389 7660
392 1190
393 4006
395 460
397 956
398 47
399 3031
401 3269
402 13
404 4267
405 3662
407 5549
410 1292
411 1907
412 2718
413 9392
414 2287
415 908
416 7674
417 1798
418 8974
419 2650
421 621
424 1299
426 6561
427 569
428 5501
430 5294
431 2050
432 50
433 1585
434 5404
435 8574
436 1314
437 1746
440 4034
441 4644
442 1430
443 3373
444 1552
445 2493
447 491
448 7569
449 2724
450 7761
451 7571
452 9168
456 6288
458 413
460 6265
461 2471
462 3721
463 7946
464 4325
466 4819
469 787
470 1503
471 3180
472 3806
473 133
474 103
475 550
477 4574
479 3678
480 100
481 995
483 2776
485 7459
487 7434
488 5561
490 3101
491 5425
492 1380
493 5687
496 9239
499 3401
500 2020
501 616
502 234
504 3792
507 4427
508 4215
509 6078
514 371
516 2074
517 7618
518 4393
519 5572
520 1899
521 119
522 7007
524 6985
526 5012
528 7704
530 5050
532 761
535 3297
536 4314
538 1576
539 68
542 975
543 7206
547 8108
548 2374
550 5364
551 4075
553 8911
555 1204
556 1877
557 7415
559 1312
560 2823
562 4956
563 7517
564 3689
565 2722
569 4198
572 2128
573 7774
574 512
575 128
577 6528
578 2097
579 716
580 3226
583 1517
585 2365
586 1112
587 643
588 4018
589 122
590 6059
592 3430
593 5590
594 7944
595 9278
596 7154
598 3584
603 2498
604 9283
605 4130
606 3456
610 7376
612 726
615 2726
616 2597
617 4600
618 1591
621 669
622 8380
623 1327
625 7778
627 7806
628 7593
629 3870
630 6544
633 3378
634 120
635 7923
637 4962
638 5382
641 6833
642 1603
643 6379
644 7592
645 920
647 8208
648 4329
649 2593
652 538
653 8833
655 3617
656 1287
657 351
659 4728
662 7225
663 2024
664 7548
666 3800
667 2971
672 6683
673 9245
676 5740
677 1479
678 8769
680 4999
681 3719
682 430
684 3769
685 5158
687 7583
689 1038
690 1105
692 2447
693 93
694 7389
697 6003
699 3917
700 3440
702 7603
704 8247
706 3253
708 2238
709 1788
710 2592
711 1474
714 6801
715 7463
717 1659
718 7738
719 3664
721 7999
722 4572
723 5124
724 6468
725 2872
726 196
728 331
729 8698
732 3416
734 7843
736 6165
738 6935
739 8199
740 4984
741 3283
742 2296
745 2633
746 3524
748 6225
749 907
753 7221
755 757
756 632
757 3152
759 3900
762 8893
764 2619
765 345
766 720
768 5419
772 2216
774 6049
775 1721
777 2969
780 4709
782 6175
783 6209
784 9024
785 1407
787 4833
788 4904
789 6688
790 2465
791 5532
792 2309
794 3791
795 515
796 3371
799 5305
800 3130
801 2241
802 407
803 4386
807 1799
808 7500
810 3274
811 7962
814 922
816 1596
817 7798
819 9330
822 3293
824 1146
825 968
826 8301
827 8206
828 1168
830 2118
832 3541
834 5064
835 1277
836 2861
838 101
840 5869
841 7858
843 2517
844 1787
845 6184
847 941
848 1206
849 221
850 1266
851 610
852 6960
854 1984
856 1400
857 5886
858 2502
859 5846
860 1627
861 2345
862 7626
863 1604
866 1345
868 182
870 7279
871 2767
875 3573
877 4506
878 1937
880 6679
881 656
883 2996
886 8425
887 1119
889 601
890 4713
891 2719
894 2856
895 1744
896 1644
897 1471
899 5943
900 2236
902 83
903 3748
905 2015
906 4291
908 3892
909 8946
910 6917
911 7702
913 518
915 633
916 2473
918 8880
920 155
923 1658
924 2149
925 5935
926 135
927 5237
928 5991
929 4732
930 1750
933 7868
934 1001
935 2551
936 6460
938 4938
939 694
940 8632
941 177
942 6981
943 6977
944 242
945 2497
949 180
950 6889
951 1778
953 1048
954 4754
955 4707
956 756
959 8776
963 4525
964 1952
966 3928
967 3321
970 3597
976 2781
977 8835
978 3156
979 6071
981 1841
982 7837
983 1547
985 3055
987 5911
988 9398
989 6560
990 5892
993 142
994 3973
996 3659
997 4478
999 4287
1000 4513
1001 5464
1002 4651
1008 7800
1009 1561
1011 2646
1012 5851
1015 5323
1017 2664
1019 5357
1020 7233
1021 6898
1023 5649
1024 370
1025 127
1026 2478
1028 7224
1029 8219
1030 3353
1032 8573
1033 987
1034 3838
1036 4361
1038 6504
1039 3218
1041 2215
1042 1613
1043 176
1046 1595
1047 6307
1049 700
1050 9117
1051 1362
1052 8960
1053 6840
1054 1833
1055 804
1056 605
1058 2712
1060 6904
1061 4364
1062 3939
1065 9238
1066 2901
1067 1897
1068 7039
1069 499
1071 8674
1073 7270
1077 1579
1080 7749
1081 5922
1082 5673
1083 7775
1087 1906
1088 3754
1089 8506
1090 5993
1091 104
1092 8806
1093 4685
1094 2056
1095 464
1096 2366
1097 5905
1098 7668
1099 6823
1100 8711
1101 7899
1104 1950
1105 5582
1106 7166
1107 3596
1110 4251
1111 3680
1112 2291
1113 6181
1115 8250
1116 565
1118 6127
1122 6263
1123 5160
1124 3726
1126 3461
1127 329
1129 2710
1130 6424
1131 4886
1133 51
1134 8969
1135 5725
1136 8341
1137 1809
1138 386
1139 3808
1141 1810
1143 263
1144 1446
1147 5818
1151 3034
1152 7984
1154 1319
1155 8968
1157 5941
1159 1026
1160 7768
1162 5123
1165 888
1167 678
1168 2968
1169 3994
1170 1114
1172 5408
1173 652
1177 3715
1183 5218
1184 1181
1185 4634
1187 8491
1188 3957
1193 1187
1196 743
1197 5650
1198 5016
1199 190
1200 873
1202 6587
1204 5205
1205 3502
1206 1413
1207 4169
1208 4970
1212 7457
1213 7031
1216 1004
1217 6361
1218 3801
1219 4675
1221 4342
1224 107
1226 6445
1227 3886
1228 8113
1231 3650
1233 6174
1235 7024
1236 2095
1237 7329
1240 8201
1242 8011
1244 4148
1245 6111
1247 132
1248 3718
1249 6217
1251 2132
1252 4085
1254 3533
1255 4101
1256 3363
1257 1261
1258 900
1259 3355
1261 1083
1262 5669
1263 4892
1264 2906
1267 2801
1268 2147
1270 2838
1271 3697
1272 2917
1275 5479
1278 7553
1279 7456
1280 2839
1281 6499
1282 5559
1283 2786
1286 3692
1287 4414
1288 2882
1290 7217
1291 7939
1293 552
1294 3938
1296 7461
1299 8228
1300 1131
1304 465
1308 4032
1309 408
1311 2821
1312 7258
1314 6463
1318 6206
1319 689
1320 3570
1322 5337
1323 1734
1324 2346
1325 4621
1327 6925
1331 4025
1334 9430
1335 2574
1336 2030
1338 6236
1341 8073
1342 6227
1344 1825
1345 5601
1348 8005
1349 5204
1350 6183
1352 8721
1353 3356
1355 8135
1356 360
1357 4454
1360 7347
1364 729
1368 2635
1371 3137
1372 402
1373 3141
1377 6818
1378 5368
1379 2003
1380 2603
1381 3736
1382 2920
1383 3131
1384 7698
1385 634
1386 4112
1388 4069
1390 8734
1391 3217
1392 3519
1393 1679
1394 4269
1395 3534
1396 7273
1398 8795
1399 4858
1401 4495
1403 3499
1404 2083
1405 1044
1406 2160
1407 524
1411 6758
1412 4587
1414 9155
1415 9149
1416 117
1417 2381
1420 5987
1421 706
1424 2284
1425 707
1426 6386
1427 1749
1430 4807
1431 1110
1433 3706
1435 6579
1437 2772
1438 6826
1439 607
1440 684
1441 5362
1442 300
1444 2739
1445 3857
1446 509
1447 1192
1448 472
1451 19
1453 3709
1454 3240
1457 1967
1458 18
1459 1856
1461 6391
1462 280
1463 2405
1468 8151
1470 3246
1471 3704
1473 8935
1474 9036
1476 8976
1477 1222
1478 5955
1479 2868
1481 3932
1482 2558
1484 1372
1485 2900
1486 1803
1488 7953
1489 3906
1493 742
1494 9119
1495 1458
1496 6338
1497 2048
1498 2649
1500 4360
1505 9159
1506 5155
1507 8666
1508 44
1510 2393
1511 3941
1512 65
1513 1823
1514 998
1515 8022
1516 1457
1519 9313
1520 29
1522 365
1523 1737
1524 7149
1528 1971
1529 4564
1530 7582
1531 257
1533 2356
1534 1696
1535 542
1538 3478
1539 4772
1540 1840
1541 5306
1542 4598
1543 2023
1547 85
1548 4733
1549 7159
1551 3635
1552 138
1553 4189
1555 4638
1559 8244
1560 1602
1561 6436
1563 950
1565 1917
1566 7222
1568 8237
1570 7338
1573 3551
1574 7
1575 113
1576 2156
1578 2863
1583 39
1586 3097
1587 5226
1588 4567
1590 1480
1595 3174
1596 2691
1598 5778
1600 1307
1601 4744
1603 3795
1604 4357
1605 3205
1607 4935
1608 1250
1609 5907
1610 7777
1611 8053
1613 3538
1618 5279
1621 3936
1622 2836
1623 2942
1624 6022
1625 247
1626 158
1627 1529
1628 1506
1629 8566
1630 4500
1631 1792
1632 6892
1633 4837
1634 69
1636 2896
1637 4397
1639 3115
1640 5599
1641 1422
1642 5211
1644 3295
1646 4825
1650 8323
1652 7848
1653 7269
1654 2341
1655 1349
1656 3934
1658 6524
1659 2984
1661 1616
1662 6412
1664 1011
1665 7719
1666 8556
1667 8445
1669 2203
1670 3958
1671 5701
1672 1419
1674 7070
1675 446
1676 2505
1678 4605
1679 380
1681 2104
1682 1321
1683 2487
1685 165
1688 3640
1689 5353
1692 3940
1693 2161
1695 3310
1696 36
1697 8842
1698 167
1699 4162
1700 4511
1701 7675
1702 8615
1705 6813
1710 1645
1711 8613
1713 8468
1715 8922
1716 7152
1717 3107
1718 428
1722 2389
1723 2154
1724 8956
1726 2589
1728 6268
1729 1459
1730 1412
1732 3105
1734 1927
1735 4558
1736 1693
1737 2914
1739 2831
1742 4589
1743 3965
1747 495
1748 825
1749 6025
1750 1311
1753 4138
1754 622
1755 1951
1759 1357
1761 4253
1765 982
1766 6115
1767 8139
1769 8248
1771 8350
1773 7764
1774 2783
1775 1939
1776 4883
1777 4721
1778 4045
1780 5728
1782 4422
1783 7720
1784 4423
1785 2044
1786 5974
1788 8240
1789 3000
1790 5390
1792 4289
1793 8140
1794 5256
1795 1653
1796 9341
1798 4640
1799 61
1800 6450
1801 7956
1802 6723
1803 8735
1806 7893
1807 3010
1809 6825
1810 4122
1811 4334
1813 1113
1814 1270
1815 2316
1816 4650
1817 1890
1818 1053
1819 7523
1820 374
1823 655
1824 3286
1825 2410
1826 5193
1827 1460
1829 3744
1830 2173
1832 7186
1833 1227
1835 7271
1836 1953
1837 1301
1838 2211
1839 2756
1840 4614
1841 1794
1843 3467
1844 8881
1845 8098
1846 7579
1847 1452
1851 3020
1853 4914
1854 70
1855 5450
1856 8501
1857 7100
1859 8297
1860 2380
1861 3920
1862 6814
1863 1818
1864 4330
1865 4387
1866 7017
1869 3360
1870 6972
1873 4870
1876 1719
1878 7653
1879 1135
1882 8142
1883 1987
1886 1073
1887 2199
1888 4515
1890 3170
1891 1817
1893 6891
1894 1316
1895 4316
1896 6442
1897 6308
1899 6332
1901 2328
1902 7645
1907 3307
1910 7925
1911 3391
1912 5477
1913 209
1917 3059
1918 5399
1919 3127
1920 2379
1921 1084
1923 3949
1924 4649
1931 7908
1932 1559
1933 4233
1935 5756
1936 1143
1938 3121
1939 4619
1942 2125
1944 7282
1945 3238
1946 5866
1947 1889
1948 6117
1949 903
1950 8928
1951 6044
1952 7531
1957 1963
1958 2429
1959 3853
1960 3096
1961 5383
1962 173
1963 396
1964 7200
1965 2934
1966 869
1968 4054
1972 6705
1973 7967
1974 7721
1975 480
1976 2496
1977 268
1978 3067
1980 5822
1982 8187
1983 2200
1984 1070
1986 3237
1988 4432
1989 476
1990 9420
1993 894
1995 4380
1996 2954
1997 1009
1998 1498
1999 8047
2000 2369
2001 798
2004 3669
2005 2480
2006 1291
2007 1610
2009 1819
2010 3167
2012 6433
2013 7197
2014 8089
2015 1846
2022 7293
2024 7836
2025 6286
2026 5420
2028 5001
2029 733
2030 5261
2031 5887
2033 6398
2034 5867
2035 2045
2036 7143
2039 1625
2043 3248
2046 4592
2047 2488
2049 6048
2050 6272
2051 5447
2052 2932
2053 5604
2056 7891
2058 1152
2063 4491
2066 8610
2068 2398
2069 7119
2071 1408
2072 4340
2074 4320
2075 364
2077 9298
2079 1420
2080 2717
2081 2402
2082 7027
2083 5489
2085 5017
2086 4809
2087 7649
2088 8096
2089 1942
2091 5216
2092 1820
2093 5068
2094 1848
2095 9102
2097 7566
2099 8760
2102 1639
2103 223
2104 3758
2107 489
2108 4571
2109 5938
2111 433
2113 3501
2115 1685
2116 46
2117 2673
2119 6000
2121 613
2122 220
2123 1715
2124 5411
2127 2668
2128 3539
2129 7986
2131 4371
2132 1449
2137 2622
2138 8670
2139 8802
2140 7707
2141 6863
2142 267
2143 1630
2145 1949
2146 3085
2147 6905
2150 6584
2153 5284
2154 394
2155 1295
2157 1351
2158 4538
2159 5349
2161 554
2162 5786
2164 8233
2165 4156
2166 1293
2167 1254
2168 7785
2170 8040
2171 3419
2172 2789
2173 2746
2175 7368
2176 8564
2177 4618
2179 4780
2180 7763
2183 7156
2184 35
2185 8578
2187 21
2189 8246
2190 3473
2192 4839
2193 596
2195 6968
2196 97
2197 1359
2202 7318
2205 2993
2206 3734
2208 1466
2209 1095
2210 6451
2211 5209
2212 2351
2214 6749
2215 8972
2219 4084
2221 936
2222 1173
2224 6598
2225 1476
2227 8147
2228 3178
2234 3588
2236 5566
2237 3850
2238 4218
2239 2213
2241 6260
2244 2474
2245 6666
2247 4149
2248 7637
2249 1229
2250 4403
2256 5732
2258 973
2259 8
2260 6208
2261 4672
2262 4153
2263 7862
2264 5203
2265 4830
2267 2978
2268 4954
2269 8029
2271 7595
2272 1684
2274 860
2275 7511
2276 3555
2277 1366
2279 7075
2280 1308
2281 6741
2282 2408
2284 845
2288 2886
2289 4997
2290 5301
2291 2180
2293 1769
2295 1923
2297 6535
2300 3877
2301 9018
2302 3462
2303 6355
2304 1544
2308 8903
2310 1874
2312 2731
2313 292
2314 64
2316 1864
2318 5004
2319 7990
2320 9276
2321 8134
2322 2576
2323 3712
2324 4219
2326 1467
2329 58
2330 3947
2331 9162
2334 3935
2335 3037
2336 76
2338 6210
2340 9148
2341 6402
2343 8502
2344 7324
2345 7482
2346 4546
2348 8673
2350 660
2351 5723
2352 2096
2355 2648
2357 1132
2360 6108
2363 9221
2364 919
2365 1158
2369 6591
2370 3194
2371 3300
2372 4611
2373 7023
2374 8308
2375 5163
2376 1793
2378 603
2379 2358
2382 7216
2384 2007
2385 7897
2388 7266
2389 3605
2390 4524
2392 967
2393 7444
2394 5769
2397 5969
2398 6530
2400 7781
2402 2166
2403 2846
2404 2136
2405 9185
2406 2219
2408 6137
2411 3904
2412 5516
2415 7636
2416 9413
2417 5130
2419 3997
2421 6152
2423 6258
2424 1235
2428 8432
2430 7314
2431 2425
2432 2359
2433 7968
2435 3309
2438 6675
2439 6756
2441 5468
2442 2902
2443 635
2448 1151
2450 78
2452 994
2453 2288
2455 6853
2456 1180
2458 559
2459 5028
2460 6017
2461 4400
2462 2283
2463 3657
2467 3038
2468 6008
2469 7175
2470 3487
2471 5120
2473 1279
2474 5094
2475 2441
2476 3727
2477 204
2478 8046
2479 2087
2480 2229
2481 4616
2483 2532
2485 7648
2487 7634
2488 5850
2489 7922
2491 124
2495 2955
2496 1916
2497 981
2498 5199
2499 938
2502 547
2504 6413
2506 8888
2507 6540
2508 1572
2510 3711
2511 7912
2514 1558
2515 3623
2517 6620
2518 7525
2522 3159
2523 2317
2524 3571
2527 6581
2528 8520
2539 1438
2540 2399
2541 1330
2543 2547
2544 4781
2545 3442
2546 9133
2549 7817
2550 185
2554 4321
2556 1052
2558 4167
2559 4694
2561 6331
2563 7756
2567 1594
2570 3485
2571 9204
2572 92
2573 3724
2574 1377
2576 8009
2579 2373
2580 5596
2583 5391
2585 2194
2586 502
2587 5074
2589 5051
2590 8803
2591 432
2594 2822
2595 4972
2598 1834
2599 8519
2600 2337
2601 8716
2603 2815
2604 1642
2607 4502
2609 62
2611 3386
2617 3911
2619 2601
2621 4875
2622 1244
2624 2018
2625 9087
2627 5314
2628 6167
2629 3450
2630 8699
2632 335
2633 4283
2634 3977
2635 1286
2636 7476
2637 2814
2638 8188
2639 2765
2640 9282
2642 6648
2644 5684
2648 4654
2651 545
2652 277
2654 4748
2655 3331
2659 576
2660 7803
2663 4884
2665 3866
2666 3080
2668 4829
2669 160
2670 2418
2671 1682
2673 8877
2676 225
2679 7179
2681 3677
2682 1845
2683 2054
2686 1716
2687 8063
2688 2361
2689 3011
2693 324
2694 2640
2695 1918
2696 4298
2698 4072
2699 3221
2700 2464
2701 3136
2704 7073
2705 3003
2706 2581
2710 3452
2711 980
2712 6603
2715 3203
2717 543
2719 5874
2721 3464
2723 2426
2725 609
2727 3064
2729 8587
2730 2662
2732 8741
2733 376
2734 5304
2735 6357
2736 2109
2738 3655
2740 5556
2741 7877
2744 1546
2745 4039
2746 6284
2750 1309
2751 1358
2753 3946
2754 2528
2756 7680
2757 8183
2763 3432
2764 8718
2767 5376
2768 4815
2769 2198
2770 2178
2773 6899
2774 8321
2775 4319
2777 3636
2780 1252
2782 2972
2783 6104
2785 2348
2789 2753
2791 9297
2792 2987
2793 2079
2795 56
2797 3549
2800 6932
2801 7964
2802 3398
2803 7351
2804 482
2805 5201
2807 4522
2808 2832
2811 1563
2813 2454
2816 2680
2818 477
2819 2021
2821 7377
2824 617
2825 2414
2827 4843
2829 2527
2831 3774
2834 4105
2836 6458
2838 1010
2839 3632
2840 8622
2841 962
2842 5293
2843 6632
2845 5690
2846 7851
2848 6950
2854 6138
2855 5787
2856 3367
2859 3258
2861 1491
2863 8746
2864 2360
2866 2810
2869 1082
2871 5174
2872 544
2875 6761
2877 3885
2879 6670
2881 9019
2882 9003
2883 4194
2884 3160
2885 467
2888 8159
2889 5538
2890 7743
2891 5615
2892 5276
2894 3177
2895 5241
2896 1873
2897 6590
2900 5737
2903 4150
2904 5463
2906 8069
2907 2771
2909 2999
2911 2858
2912 7611
2913 927
2916 680
2917 4286
2918 2240
2919 490
2920 3887
2921 226
2922 3621
2923 3492
2926 1688
2928 3950
2930 1445
2931 3234
2932 2026
2934 1108
2935 2638
2936 9408
2937 330
2938 5121
2940 145
2941 7019
2942 4566
2944 5359
2949 2828
2950 2124
2952 3190
2955 7203
2957 3496
2958 1660
2960 475
2964 5668
2968 8862
2972 2849
2973 8537
2975 7847
2977 2542
2978 5524
2979 5253
2981 6714
2982 1599
2985 6671
2986 3204
2990 6903
2991 887
2992 5326
2998 4844
3000 6182
3001 1468
3004 6493
3006 4563
3007 2060
3016 318
3019 2322
3020 833
3021 8786
3022 5665
3023 4438
3024 4244
3027 3158
3028 6318
3029 157
3030 7038
3031 6106
3032 4786
3035 2225
3036 2686
3037 4177
3040 7251
3041 454
3043 211
3045 3504
3046 7447
3047 5767
3048 163
3052 7470
3053 7589
3054 2295
3055 2553
3056 326
3057 2061
3059 3646
3060 8464
3061 2059
3062 2014
3064 4966
3065 2452
3068 6083
3069 6565
3070 8485
3071 3219
3074 278
3076 1893
3079 902
3085 7870
3086 189
3088 5602
3091 2681
3092 2544
3093 2388
3096 6502
3098 7320
3100 1974
3104 2729
3106 5591
3107 8395
3108 9088
3111 7118
3113 3243
3114 647
3115 4082
3116 5330
3119 4876
3120 6224
3121 3580
3122 3909
3124 6326
3127 2716
3128 3198
3129 3075
3130 9222
3131 5341
3134 791
3135 8599
3136 6203
3137 4462
3138 6542
3139 4373
3140 497
3141 905
3142 7697
3143 4811
3144 4699
3147 3332
3148 420
3149 2140
3153 2237
3154 564
3155 8609
3156 5320
3160 838
3161 5843
3162 5327
3165 4145
3168 4119
3170 2190
3172 992
3174 4
3176 2483
3179 7341
3181 4159
3182 4770
3184 2342
3187 7059
3189 8230
3193 3830
3195 8310
3196 2259
3197 2135
3199 461
3200 7026
3201 3
3202 2220
3207 2667
3210 653
3212 368
3213 8701
3214 2
3215 1706
3217 4918
3218 2995
3219 1991
3223 1673
3224 5577
3226 1195
3232 3311
3233 3966
3240 6861
3244 484
3248 5688
3249 8869
3251 6407
3256 4831
3257 3395
3260 1724
3261 5054
3262 8130
3264 4913
3265 6349
3266 1447
3269 4923
3272 6567
3273 6643
3274 3591
3276 6996
3277 683
3279 1288
3280 7402
3281 9193
3283 862
3285 6368
3286 839
3287 1232
3288 8030
3289 1117
3291 7451
3293 2957
3294 6500
3297 6483
3298 6755
3299 3270
3300 3239
3301 4679
3302 1371
3303 572
3304 4705
3305 4724
3309 4544
3312 2340
3314 2142
3315 711
3316 6554
3317 6141
3319 8739
3320 3436
3321 3400
3322 1399
3323 7441
3324 2420
3327 1017
3328 4344
3335 895
3337 91
3339 7695
3341 2422
3345 4259
3346 3380
3347 1620
3348 3528
3352 2308
3353 1402
3356 6548
3357 2915
3358 2196
3362 7174
3363 270
3364 2319
3366 9261
3368 6171
3369 7182
3370 2554
3374 1512
3375 337
3376 5847
3377 6806
3381 5128
3385 8542
3386 20
3387 6088
3389 744
3390 7160
3391 2591
3392 5088
3393 2350
3394 1245
3395 1672
3396 1932
3398 470
3399 2017
3400 2665
3401 866
3402 2363
3403 9075
3404 8755
3406 4963
3408 796
3413 1855
3414 1290
3417 4690
3418 5036
3419 3235
3420 9340
3421 2107
3425 8577
3428 75
3430 2301
3432 2278
3434 3625
3436 393
3437 9033
3438 7684
3441 2755
3442 1107
3443 2169
3444 970
3445 8791
3448 6062
3449 993
3450 6927
3451 722
3452 183
3454 3327
3460 8075
3461 8400
3462 5671
3463 3470
3464 7352
3465 7408
3466 2492
3467 789
3469 2013
3470 4670
3471 424
3472 3918
3473 1361
3475 7346
3477 5828
3478 1900
3481 4420
3482 2469
3483 6817
3484 1700
3487 7387
3488 510
3490 3674
3492 2384
3493 2092
3498 5389
3500 5461
3504 2912
3505 3120
3506 150
3510 4057
3511 1215
3512 2273
3513 1477
3514 397
3515 7230
3516 8082
3517 863
3518 8640
3520 5090
3521 5915
3526 4173
3528 2825
3530 4020
3531 5854
3532 1423
3539 858
3540 6713
3542 8896
3543 5609
3547 768
3548 7190
3549 2927
3551 2127
3555 5058
3556 452
3557 8059
3558 9280
3559 1779
3560 3631
3565 1383
3567 5221
3569 5268
3571 1373
3573 7380
3574 3453
3575 1756
3576 8669
3577 2120
3578 1473
3582 4778
3583 6875
3584 6241
3585 8466
3589 1016
3591 5939
3592 7423
3594 5761
3595 6136
3596 6545
3598 1219
3604 8594
3606 7508
3607 6216
3609 3272
3610 5894
3613 6999
3615 1711
3617 6495
3618 4379
3619 6064
3620 6194
3623 2245
3625 6070
3626 4137
3629 1863
3630 2759
3631 8551
3632 5844
3635 228
3637 7773
3638 7365
3639 6320
3643 2975
3644 881
3647 8804
3651 7290
3652 8563
3655 698
3657 6928
3658 3424
3660 8844
3662 2257
3663 7512
3664 5387
3665 5397
3666 4203
3667 4529
3669 9260
3671 4276
3672 3658
3673 2963
3675 784
3677 4224
3678 1626
3679 4118
3682 5902
3683 3622
3685 5607
3688 6635
3689 7013
3690 8097
3691 3901
3692 5300
3693 8846
3694 820
3695 1768
3696 1162
3698 3577
3699 4022
3700 5626
3701 494
3702 7682
3703 154
3705 6712
3706 8772
3707 4916
3710 5629
3711 1593
3712 6453
3713 5428
3715 5439
3716 1363
3717 5927
3720 4074
3721 639
3722 3199
3724 1066
3725 5546
3727 8368
3730 441
3731 7883
3732 5238
3733 5161
3735 8601
3736 2184
3737 1678
3739 3369
3740 7403
3743 6697
3744 6536
3748 7916
3753 1475
3754 7657
3755 3507
3756 9174
3759 591
3761 714
3762 8351
3763 1062
3764 3050
3765 712
3766 7237
3769 6922
3771 5060
3772 4583
3773 1619
3776 7234
3777 4384
3779 2507
3780 6645
3781 5283
3782 1096
3784 6367
3787 7111
3788 1067
3791 7296
3792 4038
3793 2824
3795 255
3797 4541
3799 3924
3800 9109
3801 2940
3802 1647
3804 269
3806 6725
3807 571
3808 8399
3810 7378
3811 6287
3814 4434
3815 3927
3817 6787
3819 1428
3821 3737
3822 7407
3823 4957
3824 3852
3825 2844
3826 6366
3828 5403
3829 4568
3830 6441
3831 7040
3835 7080
3836 1470
3837 3069
3840 2952
3841 879
3842 2476
3845 3867
3846 4998
3847 4537
3848 4509
3849 776
3852 6843
3854 4602
3856 2312
3857 4369
3858 473
3861 9417
3863 2563
3865 946
3868 1260
3869 2325
3870 1960
3871 1998
3873 3752
3876 1093
3877 1521
3881 3703
3882 6294
3884 4421
3885 4908
3886 6724
3890 1758
3892 4661
3893 5889
3901 8940
3902 7105
3903 7022
3904 230
3905 4851
3907 1313
3908 1487
3909 448
3911 6709
3916 4857
3917 4312
3922 6198
3923 2730
3924 6457
3928 7414
3930 1189
3933 3328
3936 5738
3937 8687
3938 4005
3939 5797
3940 4922
3941 6380
3942 6512
3943 1241
3944 8492
3945 3091
3947 8339
3951 6356
3953 619
3954 405
3955 1120
3957 9214
3959 8382
3960 701
3961 3362
3962 8214
3963 9175
3969 1039
3970 4937
3971 3224
3972 4846
3975 1179
3976 4447
3978 979
3981 9419
3982 9021
3984 375
3985 4701
3988 1212
3989 3145
3992 9047
3993 6466
3994 3988
3995 1828
3996 2903
3997 7294
3998 7146
4002 341
4005 3414
4006 2175
4007 6676
4013 4083
4015 1144
4016 8428
4017 8753
4018 1880
4019 4248
4020 8390
4021 2605
4023 2570
4024 4494
4025 2584
4026 5076
4033 4769
4034 5466
4036 9326
4037 6123
4038 6997
4040 8104
4041 3762
4043 6432
4045 7328
4047 3828
4053 6553
4057 7906
4060 988
4063 174
4065 6434
4066 308
4069 5347
4070 3072
4074 2887
4075 421
4076 7991
4077 7599
4078 2239
4079 8210
4082 5928
4086 2607
4087 5110
4090 1516
4091 8118
4093 6196
4094 4560
4098 3652
4100 4135
4101 875
4102 2313
4103 3214
4104 2232
4105 8980
4106 7716
4108 1634
4109 1201
4110 5119
4111 3804
4117 4274
4118 202
4119 487
4120 6678
4121 2953
4123 2614
4124 3598
4125 4570
4128 6837
4130 6487
4131 4278
4132 4889
4133 5712
4134 3814
4137 8294
4138 8927
4139 4213
4143 6065
4144 5814
4145 5798
4146 6252
4147 2070
4148 961
4151 4717
4152 1699
4154 8340
4155 6989
4156 5280
4157 851
4158 5003
4159 3582
4160 2628
4161 3601
4162 3018
4166 5517
4167 6212
4168 6311
4170 991
4172 533
4174 2421
4175 3144
4176 325
4180 6464
4181 7327
4183 1059
4185 2396
4186 3039
4187 2964
4189 252
4191 1247
4193 4760
4197 2760
4198 4519
4203 8512
4204 7921
4205 1369
4206 5888
4208 3341
4209 3476
4210 4486
4211 7842
4214 1368
4215 3379
4216 5062
4217 4402
4219 3508
4221 4332
4222 6569
4225 6028
4227 4677
4228 4046
4229 4214
4230 3552
4231 9374
4232 5129
4233 313
4235 3045
4236 1127
4237 6069
4239 9378
4242 3987
4251 6309
4252 9100
4254 5458
4255 6053
4258 3708
4260 966
4261 3162
4262 7074
4263 2555
4264 5992
4268 9164
4272 1712
4273 4505
4274 1751
4277 8538
4280 5449
4281 3679
4283 5141
4284 4940
4285 4133
4286 8987
4287 3155
4289 1782
4290 595
4291 8286
4292 1178
4297 3149
4298 1857
4299 8055
4303 7796
4304 963
4306 8489
4309 6570
4311 5039
4312 2538
4313 6105
4314 5640
4315 9179
4318 6810
4320 4335
4321 2214
4323 9410
4325 9072
4328 9371
4329 2371
4330 9230
4331 121
4332 9259
4337 7446
4338 4428
4339 1587
4341 3153
4344 1028
4345 4098
4347 6485
4348 7121
4350 2768
4358 8958
4359 7058
4360 7219
4362 2005
4363 8190
4365 611
4366 6313
4368 8697
4369 5946
4370 8013
4371 1714
4373 3215
4375 2600
4376 7055
4377 1981
4379 8662
4380 2985
4382 6201
4383 738
4385 7762
4391 8483
4392 6555
4393 5451
4394 5171
4396 2892
4399 131
4401 6329
4405 2262
4406 1790
4408 4377
4409 7292
4410 4774
4413 3663
4414 3746
4417 3553
4418 9302
4421 4764
4422 5184
4424 111
4425 2966
4429 1738
4431 1496
4432 4722
4434 2521
4435 3146
4436 4390
4437 5118
4438 2038
4439 631
4440 5492
4441 5049
4442 7713
4443 1632
4444 3480
4449 6762
4450 6987
4451 5210
4452 8398
4453 5757
4457 8521
4458 3004
4460 6205
4461 5202
4463 870
4464 4586
4465 2152
4467 7852
4468 4639
4470 179
4471 5196
4473 3443
4474 1843
4476 6302
4477 5949
4478 9376
4479 6149
4480 3759
4481 2950
4482 2701
4485 2247
4486 7130
4488 8982
4490 1690
4491 7002
4494 8906
4497 7011
4500 5772
4501 3206
4503 1514
4505 8048
4506 5178
4508 834
4510 14
4511 3090
4512 2877
4513 463
4514 7317
4516 222
4518 8207
4521 1057
4524 2385
4525 3361
4526 8038
4531 3833
4532 1898
4533 3888
4534 4557
4537 7882
4538 3029
4544 1304
4547 7549
4551 3094
4555 6178
4556 7650
4560 7193
4562 4297
4563 826
4566 6119
4568 8313
4570 548
4571 45
4573 1752
4577 8058
4579 965
4582 339
4584 3140
4586 9299
4587 7043
4589 390
4590 3264
4593 608
4595 708
4596 2222
4598 264
4599 1691
4602 9228
4605 5893
4606 3797
4607 4109
4610 6735
4611 8750
4613 8918
4616 1910
4617 7584
4618 5930
4625 8162
4626 5352
4627 350
4629 916
4631 4986
4633 7628
4635 4313
4636 112
4637 3688
4638 2448
4640 8209
4641 5502
4645 2457
4646 4828
4647 3288
4648 7117
4650 3619
4651 5544
4652 835
4653 123
4655 685
4659 67
4660 4767
4662 2230
4665 4983
4666 1763
4667 2742
4668 3463
4671 1959
4675 7481
4676 5200
4680 2939
4681 8771
4684 2894
4687 4740
4688 6845
4691 8889
4692 4223
4694 3346
4695 7115
4696 5410
4698 2609
4700 9224
4701 2564
4702 1221
4705 5571
4706 9336
4707 620
4708 7844
4711 3345
4712 3554
4713 3231
4714 149
4715 4993
4716 1526
4720 3766
4722 2197
4723 1838
4724 40
4725 8036
4726 8263
4729 755
4730 1183
4732 7689
4733 3515
4737 139
4745 1150
4746 1023
4749 9389
4751 7429
4759 5007
4763 383
4764 6525
4765 6403
4768 6417
4769 8238
4770 2565
4773 1543
4775 4871
4776 667
4779 201
4780 3559
4783 7788
4784 2412
4785 2721
4788 8170
4791 4483
4795 288
4797 1490
4798 2134
4803 1337
4804 8894
4805 6473
4808 449
4810 5971
4814 1948
4816 1668
4818 823
4819 8692
4820 7228
4822 2514
4823 1492
4826 6082
4827 411
4828 7875
4830 4503
4832 2536
4834 1101
4837 2890
4838 8995
4840 5103
4842 1930
4843 5711
4845 9176
4848 3303
4850 7012
4851 2082
4853 6811
4854 5527
4859 514
4861 6719
4862 4003
4863 5746
4864 5286
4865 1324
4868 1624
4869 1777
4870 2816
4871 2834
4873 2703
4874 2416
4875 4630
4876 8816
4877 4746
4879 1340
4880 8733
4881 9141
4883 4637
4886 2898
4887 1448
4888 5722
4889 1454
4892 5278
4893 96
4895 4575
4897 1019
4899 6850
4900 534
4902 4868
4903 3587
4904 4426
4905 2910
4908 7750
4909 2867
4911 8487
4912 2016
4913 3914
4916 696
4917 7913
4920 8334
4923 5009
4927 5515
4928 5490
4930 2221
4931 2636
4933 7243
4934 7291
4936 4035
4937 5437
4939 4066
4941 1240
4942 5369
4945 3273
4946 8799
4951 555
4952 5026
4953 9123
4954 8840
4958 3589
4959 417
4962 80
4964 1607
4965 1456
4966 1508
4967 665
4970 3755
4971 3876
4973 5462
4976 3426
4978 5146
4980 4526
4982 6405
4984 5345
4985 2534
4986 1623
4987 6024
4988 6848
4989 5335
4991 8948
4993 2586
4999 1565
5001 3232
5003 5707
5004 2865
5005 1728
5006 4615
5009 1936
5010 6002
5012 8016
5013 832
5014 7563
5015 923
5016 9002
5017 2390
5019 5628
5023 6601
5026 1748
5027 153
5028 1875
5030 8824
5034 253
5035 6674
5036 2676
5037 7544
5038 7054
5039 355
5040 414
5047 3847
5048 3040
5051 1670
5052 3399
5054 8548
5058 3103
5059 812
5060 8002
5061 7825
5062 1731
5064 7502
5067 1076
5068 1622
5070 3799
5071 8086
5072 4924
5073 8886
5078 6782
5079 7211
5081 3197
5082 2264
5083 1243
5084 8223
5085 2051
5086 8768
5087 8160
5088 359
5089 6155
5090 6124
5091 563
5094 2634
5095 6114
5097 4531
5103 5267
5104 7948
5106 4848
5107 5555
5108 1530
5109 8559
5111 2080
5112 4326
5115 7021
5116 8178
5118 7311
5119 6270
5120 7960
5121 1305
5124 1649
5127 237
5131 7439
5132 6472
5133 4996
5136 1014
5138 5635
5139 293
5144 6767
5146 7018
5147 6193
5148 6257
5150 9165
5152 7308
5155 2248
5158 8264
5159 2675
5160 236
5161 8993
5164 8061
5166 793
5167 3475
5175 38
5177 5285
5178 9267
5181 8088
5182 5386
5183 6882
5188 1925
5192 3077
5194 1537
5195 5578
5197 7972
5199 7640
5200 1901
5202 5483
5204 3986
5205 8396
5208 5302
5210 723
5213 4471
5214 2188
5215 2286
5220 164
5223 9385
5224 9108
5225 3740
5226 7625
5227 2744
5228 7907
5229 9244
5230 1403
5231 4653
5235 6634
5237 800
5238 8817
5239 8281
5240 9049
5241 361
5244 8132
5247 5775
5248 130
5251 6704
5252 5024
5253 9060
5254 8194
5255 7789
5259 3778
5260 6509
5261 9257
5262 6934
5263 1969
5264 2782
5267 3298
5270 1136
5273 5967
5274 1365
5276 1481
5279 1416
5281 6574
5285 2962
5288 7028
5289 7823
5290 702
5291 5143
5293 1482
5297 3969
5298 3358
5299 5092
5301 9373
5302 8169
5306 3390
5308 3017
5310 2299
5312 1707
5313 8421
5314 1426
5316 1926
5323 3082
5324 3347
5325 6538
5326 2513
5327 4171
5329 95
5330 6276
5331 5511
5332 6461
5333 8997
5337 4562
5338 4739
5339 4166
5340 3842
5344 5776
5345 6031
5347 2623
5349 4969
5350 6304
5352 1298
5353 4346
5354 3629
5358 4666
5360 7254
5361 6005
5366 5605
5371 310
5373 7810
5375 404
5376 2255
5378 4912
5379 6140
5380 3654
5381 4062
5383 2433
5385 1328
5386 2612
5388 4765
5389 2063
5391 7427
5392 7161
5393 8665
5394 3933
5395 7236
5396 4934
5397 6122
5399 7979
5400 4910
5403 5472
5404 9333
5405 296
5408 2928
5410 1568
5411 7676
5414 6978
5415 5752
5416 6751
5423 3627
5424 897
5426 1850
5427 4052
5430 4343
5431 2314
5432 778
5434 9425
5436 3884
5442 9201
5443 6230
5444 7624
5445 1970
5446 855
5447 3229
5448 805
5449 7890
5451 8360
5459 4683
5461 7191
5462 4408
5463 6695
5466 7919
5467 4944
5468 662
5471 1550
5472 3751
5473 186
5474 1903
5475 8536
5476 3304
5478 5852
5480 3980
5481 2072
5482 713
5483 4476
5488 8937
5489 5717
5491 1432
5493 7737
5494 9139
5499 6730
5500 5931
5502 2587
5503 1310
5508 469
5511 1687
5512 5703
5519 6016
5520 5140
5521 4270
5522 5529
5524 7938
5525 8010
5526 5400
5528 9083
5529 6768
5530 3433
5534 807
5535 9069
5538 3882
5539 6277
5540 6513
5541 3471
5542 896
5546 2986
5548 366
5549 8072
5550 8397
5553 3639
5555 2207
5556 423
5560 7747
5562 1511
5566 4542
5567 7834
5568 7952
5570 1031
5573 3406
5578 2651
5579 9308
5581 115
5582 216
5586 4981
5589 4197
5590 5212
5593 4594
5595 1800
5600 4030
5605 9311
5606 7083
5610 3275
5613 3350
5614 134
5617 4702
5618 1962
5620 1394
5623 6599
5626 8930
5627 983
5628 2941
5629 94
5630 1531
5633 5299
5634 794
5635 5030
5637 6299
5639 9324
5641 3472
5642 2330
5644 4625
5645 2598
5646 4260
5648 640
5654 1465
5657 625
5659 8102
5660 8232
5662 5101
5666 9296
5667 1648
5669 5473
5670 8035
5671 4573
5673 2364
5674 2537
5675 5624
5681 4250
5683 4971
5686 884
5687 1248
5688 8173
5689 5137
5690 456
5691 1972
5693 126
5694 3023
5698 763
5700 7420
5704 5917
5705 11
5707 4222
5713 7062
5714 6490
5717 9338
5719 6007
5720 1944
5721 2870
5722 2242
5726 8689
5728 3907
5729 3815
5732 7065
5735 2168
5736 9089
5738 692
5743 8181
5748 4866
5749 3135
5750 1315
5753 7372
5754 4047
5757 5096
5758 8499
5760 6056
5763 659
5766 4029
5768 4409
5769 8963
5770 7734
5773 762
5775 7900
5778 2165
5779 1657
5783 3824
5787 1138
5788 4597
5790 2545
5794 8357
5795 110
5799 1946
5804 3359
5806 6945
5807 6788
5808 5552
5809 3110
5810 5794
5811 2285
5813 1306
5814 2062
5815 4254
5818 4146
5819 2172
5820 3542
5821 594
5822 1085
5823 5672
5824 4060
5825 5771
5826 286
5829 6363
5830 8705
5832 2004
5834 8871
5840 1246
5841 2182
5842 5831
5843 1226
5845 1355
5846 4027
5849 2039
5852 8811
5854 457
5855 7700
5859 1921
5860 8171
5861 3637
5866 8420
5868 6729
5870 703
5871 5655
5872 7639
5874 2511
5875 7588
5877 1054
5878 1865
5879 3118
5882 1424
5885 7974
5888 7158
5891 2206
5892 8688
5895 846
5896 2512
5897 6221
5899 6526
5904 7452
5905 2556
5906 5721
5910 1021
5911 3068
5912 98
5913 4881
5915 2933
5918 5630
5919 578
5920 8778
5922 1440
5925 1966
5926 2979
5927 4401
5929 8234
5930 3985
5934 2795
5935 1985
5936 102
5938 4958
5940 7163
5941 3157
5942 8269
5944 12
5945 9144
5946 5271
5947 8604
5949 5057
5950 6425
5951 2066
5952 6798
5954 5747
5955 8588
5958 6185
5959 8780
5961 4804
5962 6409
5965 2445
5966 3351
5969 5560
5970 7536
5971 676
5972 1223
5976 4559
5982 5131
5983 6708
5986 8728
5987 1909
5992 5356
5993 8133
5995 4304
5996 9096
5999 6430
6001 5282
6003 2516
6004 580
6005 7932
6011 4514
6014 3335
6017 195
6021 7257
6025 4102
6027 406
6028 4275
6029 2485
6030 4693
6032 6151
6033 9229
6036 9171
6042 8467
6043 2491
6044 6605
6048 6089
6050 7248
6052 7098
6053 5338
6055 1050
6056 1439
6057 3466
6058 911
6061 4978
6063 9145
6067 8682
6068 3992
6071 7339
6074 4906
6080 3812
6081 6420
6082 8373
6085 649
6089 7687
6092 6501
6093 3615
6094 4803
6095 4695
6099 1527
6101 6219
6102 4202
6103 2181
6104 1209
6105 9337
6106 1542
6109 4662
6110 3474
6111 8850
6115 3404
6116 8156
6117 5697
6121 8794
6122 9183
6124 2250
6127 7287
6128 6254
6129 4734
6132 9349
6133 1063
6134 304
6135 4725
6136 6844
6138 5297
6141 1870
6142 6121
6143 7804
6144 5325
6147 7421
6150 6799
6152 5980
6153 4896
6154 3535
6158 4154
6160 2835
6163 5183
6164 9412
6166 141
6167 6170
6169 6576
6173 7484
6174 5292
6176 2704
6177 6909
6178 4026
6180 8683
6181 6505
6184 6888
6186 2289
6189 6393
6190 3963
6191 3420
6195 3267
6197 1325
6198 4720
6199 4477
6203 2960
6205 8168
6207 8919
6208 4389
6210 200
6211 6682
6213 3967
6215 568
6218 3568
6224 4446
6227 2047
6229 6330
6231 4152
6234 5694
6235 1584
6239 7085
6240 940
6242 1912
6243 2568
6244 4193
6247 5530
6248 8679
6249 462
6251 6970
6252 3505
6253 1726
6256 4382
6260 1729
6261 4952
6262 4785
6263 4418
6266 4362
6267 8176
6269 9433
6273 657
6275 4854
6276 7642
6278 6478
6280 3506
6284 137
6285 6321
6291 8143
6296 7710
6297 217
6298 381
6299 3626
6300 914
6305 1224
6307 6195
6309 9231
6310 5531
6311 3720
6314 5597
6315 6792
6316 152
6317 4246
6318 3510
6321 8026
6322 4448
6323 5288
6330 6663
6339 695
6342 7955
6344 5670
6345 3739
6347 3256
6349 7322
6350 4265
6356 6772
6357 2637
6358 5824
6360 6297
6361 7165
6362 3407
6365 1282
6366 7846
6368 7127
6370 4874
6372 8724
6373 2661
6374 5617
6378 6191
6379 3738
6382 4236
6383 7992
6385 2791
6386 3871
6387 2948
6388 2734
6390 4061
6392 1844
6393 6077
6396 8042
6397 7299
6398 66
6399 2192
6400 4318
6402 5014
6406 5865
6409 5858
6410 3529
6412 2583
6414 3116
6415 2357
6416 9432
6420 1130
6424 3497
6426 7528
6428 2495
6429 4467
6430 3030
6436 3465
6440 581
6441 5800
6444 5056
6449 6084
6450 5885
6451 6370
6454 7539
6457 9347
6460 3216
6461 7496
6462 479
6464 2071
6466 6188
6468 2440
6470 1507
6471 2449
6472 7770
6473 5833
6477 1134
6479 2981
6481 8522
6482 913
6488 3813
6489 5206
6490 1034
6492 4887
6493 2579
6494 2455
6495 4578
6496 6266
6497 8014
6499 3770
6500 9322
6505 4217
6508 7735
6510 6757
6511 7647
6512 4375
6515 1087
6516 4000
6519 677
6523 588
6524 7345
6526 8743
6532 7917
6534 3491
6535 1784
6536 1072
6538 1753
6539 1231
6543 1271
6551 4593
6552 4285
6554 7641
6559 321
6563 5018
6565 5734
6568 9050
6569 5763
6570 6649
6571 1722
6572 6093
6576 843
6577 79
6582 3438
6583 7772
6584 9166
6585 49
6586 6006
6587 624
6588 9091
6589 320
6592 3477
6593 1655
6595 4016
6601 1033
6612 504
6613 1945
6614 3168
6616 2706
6617 5152
6618 5046
6619 9253
6624 8318
6626 3266
6627 8544
6629 785
6631 5281
6635 7247
6641 3729
6644 2891
6648 1360
6649 2436
6650 3671
6657 1488
6658 9073
6660 3236
6662 1216
6663 2737
6664 2973
6667 6900
6669 2157
6673 3057
6676 1278
6677 3393
6681 2572
6685 6537
6690 6448
6694 8658
6695 9331
6697 9379
6700 7113
6702 3763
6703 6387
6706 7753
6711 7047
6715 5859
6719 5385
6720 6406
6724 4366
6725 3290
6726 4037
6727 6870
6728 319
6730 5287
6740 6824
6741 1283
6742 367
6744 6043
6745 5543
6746 7741
6756 535
6757 7223
6761 4211
6762 8616
6771 4188
6772 6010
6775 6086
6777 9390
6780 7356
6781 6120
6782 7530
6784 6773
6786 2001
6787 43
6788 2133
6790 6340
6791 5272
6796 2881
6798 4058
6801 4144
6805 599
6808 4674
6810 72
6812 530
6813 8498
6816 1718
6822 466
6823 4363
6824 344
6825 1272
6831 8107
6833 2530
6835 2078
6838 4395
6840 4994
6841 9052
6843 4311
6844 797
6846 1510
6847 6953
6849 5700
6856 4349
6857 5774
6859 259
6861 6745
6868 6143
6869 184
6871 1662
6873 2617
6874 2738
6877 2639
6878 2935
6881 6742
6883 9320
6886 7466
6888 3249
6889 5994
6892 5176
6893 6804
6894 2770
6899 6351
6901 4352
6902 1703
6904 3299
6906 5499
6911 2728
6915 5882
6919 8555
6926 2437
6927 6423
6932 6475
6934 3765
6937 1166
6940 8929
6944 2990
6946 939
6948 5372
6950 5676
6951 4220
6952 4086
6953 4967
6955 3098
6959 7712
6960 203
6961 1708
6966 7362
6967 4199
6973 6760
6974 5525
6975 2606
6976 3690
6977 2025
6978 1796
6979 8586
6980 4452
6981 1601
6985 2958
6986 6146
6987 4943
6991 1694
6994 5222
7000 5753
7001 7827
7002 4041
7004 5333
7005 5162
7006 4415
7008 9237
7018 1056
7019 4049
7020 6369
7022 3558
7025 8092
7026 717
7028 9131
7029 1030
7030 5870
7033 4905
7038 6865
7040 2387
7041 3459
7042 4928
7045 802
7046 2727
7047 6820
7048 6518
7052 7343
7056 88
7058 813
7059 6971
7062 5715
7063 5358
7064 3183
7065 5257
7067 9227
7068 3208
7070 5331
7072 3661
7074 4143
7075 54
7082 5127
7084 7835
7087 8358
7088 1736
7091 2482
7095 1720
7096 8860
7098 8302
7103 675
7104 553
7105 328
7108 4543
7111 1535
7114 5061
7116 8476
7117 2585
7118 8362
7124 1174
7125 3784
7129 3421
7130 8195
7131 7724
7132 8215
7133 7268
7137 753
7138 2443
7140 7102
7142 2326
7143 4484
7144 5621
7146 5610
7147 8628
7148 7920
7149 8781
7151 1106
7152 7263
7153 1125
7154 5718
7155 7767
7156 4277
7158 4919
7159 2103
7160 5960
7161 4532
7168 2334
7172 7445
7173 8719
7176 5245
7179 2679
7183 2905
7185 3908
7187 8591
7188 2244
7194 8182
7195 5154
7197 3486
7198 1704
7208 9101
7209 7123
7210 4890
7211 3903
7212 5802
7216 7419
7217 7621
7219 2897
7223 4245
7230 4180
7231 8828
7232 1879
7233 9098
7234 9184
7238 6552
7239 4610
7241 8056
7243 1242
7246 7915
7247 4847
7249 3305
7251 1499
7254 6691
7255 8914
7257 2748
7258 2427
7259 9167
7263 7575
7264 6030
7267 9219
7269 6034
7276 1350
7277 7373
7278 931
7279 6279
7282 929
7287 2084
7289 401
7291 4620
7292 7242
7296 4163
7298 1462
7299 6828
7300 8757
7302 1816
7304 3181
7309 6662
7311 4603
7318 235
7321 3469
7322 4140
7323 3052
7324 4104
7326 6849
7331 8934
7332 6860
7335 8004
7336 1346
7338 1097
7340 4050
7341 5393
7343 801
7344 5631
7345 2509
7346 642
7350 7729
7352 147
7353 5735
7355 5142
7356 5962
7360 4056
7363 1228
7364 6515
7365 4247
7369 5702
7370 2659
7371 9023
7372 60
7373 3389
7378 258
7382 6470
7385 5240
7386 6337
7388 1069
7389 8408
7392 5521
7394 5696
7395 7807
7396 4463
7400 5363
7403 587
7404 3665
7406 7833
7407 3482
7409 9415
7411 4411
7413 4288
7423 7382
7424 651
7427 7878
7428 1193
7431 1336
7435 7226
7436 4071
7439 3855
7440 1263
7442 4208
7444 8486
7445 6633
7446 1812
7447 597
7448 5891
7450 1253
7453 5506
7455 8000
7457 641
7458 2937
7459 307
7460 8872
7463 4017
7465 7010
7467 8366
7469 5881
7471 8994
7475 7608
7477 63
7479 3873
7480 2372
7481 2647
7482 7089
7484 5126
7488 7232
7490 1442
7495 7371
7498 7819
7502 4183
7503 295
7505 3961
7506 3974
7508 1020
7510 6467
7512 3822
7515 5714
7516 3244
7518 6388
7524 8346
7529 4388
7530 4230
7531 7839
7532 6427
7535 3349
7537 8174
7538 450
7543 3488
7546 8690
7550 8752
7551 9041
7554 7272
7555 3207
7558 384
7561 4676
7564 4763
7565 1775
7566 1560
7570 673
7573 847
7576 8253
7581 5165
7584 6595
7587 9147
7590 9310
7591 4517
7592 3282
7593 2774
7595 1297
7596 4561
7600 8523
7601 582
7602 7072
7603 15
7605 3865
7606 5898
7607 650
7608 3329
7609 790
7611 2218
7613 4466
7617 4106
7619 7590
7621 7246
7622 7643
7627 3998
7628 1574
7629 5023
7630 483
7631 7561
7633 997
7635 878
7636 440
7637 1504
7638 3143
7641 9384
7642 5243
7644 5147
7648 7993
7650 8527
7652 8044
7653 1378
7661 690
7662 1285
7667 2743
7670 6264
7673 254
7674 3151
7677 8303
7678 2302
7680 990
7681 3083
7682 1847
7683 6305
7684 7375
7685 5919
7686 6295
7690 3078
7692 3733
7693 2645
7696 6456
7697 7397
7699 42
7702 9146
7706 7033
7707 1141
7708 1852
7710 5234
7712 2959
7713 2451
7714 752
7718 8254
7719 48
7720 8839
7728 1815
7729 6510
7734 1409
7736 2145
7738 3370
7740 1450
7741 8593
7742 5192
7743 1643
7745 8200
7747 2510
7749 7261
7750 8041
7751 5040
7752 2368
7754 5812
7762 3352
7763 3682
7764 8552
7767 751
7768 37
7770 7036
7771 1538
7776 3196
7778 7490
7782 418
7783 5346
7784 1214
7787 9265
7788 1381
7790 8121
7791 2862
7795 3112
7799 5781
7801 549
7802 8949
7803 4798
7804 3753
7806 1387
7808 3460
7809 4850
7811 7260
7814 7067
7818 766
7819 2432
7820 5968
7823 1088
7825 2068
7828 8415
7830 6546
7833 8322
7834 5384
7835 5344
7838 4948
7839 6703
7843 8873
7845 6918
7846 5809
7847 1000
7848 5031
7851 3816
7855 9152
7857 6346
7858 2656
7859 5551
7863 5273
7865 7107
7867 3872
7869 4933
7871 7860
7872 7503
7875 9104
7876 2616
7877 5754
7882 3124
7887 6314
7890 3862
7893 2009
7896 5636
7899 86
7900 8401
7902 5583
7903 8812
7907 6079
7908 77
7910 1090
7911 33
7916 7388
7919 2913
7920 8437
7921 5770
7925 7867
7929 724
7930 602
7931 7125
7932 5220
7935 6301
7938 8298
7939 6521
7941 388
7943 2115
7944 8953
7945 9067
7946 8381
7948 1022
7949 8015
7950 8569
7953 4201
7956 6066
7957 6273
7959 9138
7962 3972
7963 2000
7964 4125
7965 2146
7967 5983
7969 1999
7970 828
7974 3053
7975 2174
7977 4151
7978 4931
7980 2228
7981 6651
7982 5877
7984 7760
7988 5493
7990 2392
7991 8101
7998 3446
8001 5564
8006 1265
8007 6157
8008 7977
8014 2578
8017 7654
8018 17
8019 1268
8021 1996
8022 5570
8025 774
8026 4816
8027 4470
8029 9381
8030 2209
8037 8342
8038 3991
8044 7088
8045 3150
8046 985
8049 2032
8053 4257
8054 8007
8056 7480
8057 7379
8059 6303
8060 493
8062 8037
8063 6336
8072 1773
8077 1641
8078 261
8079 7208
8080 6800
8081 3902
8082 4792
8083 4879
8084 5883
8085 7061
8087 5958
8088 9038
8089 3447
8091 3517
8092 1341
8096 5169
8098 8444
8101 5642
8104 570
8105 1129
8106 4617
8111 7478
8114 9030
8116 540
8118 7483
8121 2022
8122 7084
8124 4576
8125 725
8126 373
8127 8291
8128 943
8131 2195
8134 6626
8137 5619
8138 1064
8142 1006
8144 3445
8147 2394
8149 5961
8154 4092
8161 1831
8163 1203
8165 2253
8168 658
8171 8163
8172 1198
8173 4660
8175 7514
8177 1754
8191 7087
8193 6100
8198 1772
8199 3599
8202 7079
8205 314
8207 765
8210 8859
8211 9026
8213 2655
8215 7133
8218 1230
8219 9343
8221 9099
8227 9274
8228 867
8229 6699
8231 3212
8232 1392
8235 5189
8236 3732
8240 8329
8247 7840
8248 3912
8250 9137
8251 6815
8252 5646
8253 1807
8254 4712
8255 4697
8257 2696
8258 7857
8259 6491
8260 3147
8263 4249
8264 4469
8269 630
8270 8619
8273 5112
8280 7904
8281 8371
8283 8761
8285 844
8288 2643
8291 197
8293 6063
8299 7313
8300 412
8308 6855
8310 6274
8312 1294
8314 7598
8315 7609
8316 4444
8319 5710
8321 6218
8326 1802
8329 773
8330 3843
8331 8057
8332 3377
8333 6547
8334 604
8335 1741
8337 334
8338 4550
8342 6752
8343 7046
8350 1920
8351 4096
8357 3291
8359 1352
8363 5528
8364 5745
8365 7554
8366 8312
8369 727
8374 6797
8376 865
8377 2577
8380 8185
8381 3104
8382 5213
8386 2158
8388 4413
8389 3532
8393 810
8395 4648
8396 205
8398 1697
8400 3262
8401 5904
8402 4823
8405 3125
8406 7709
8407 8003
8408 3187
8409 626
8411 5768
8412 9215
8413 5764
8414 8452
8417 3684
8419 4920
8420 3747
8421 8865
8427 4596
8428 4633
8430 7722
8431 7195
8433 7138
8437 645
8438 6624
8441 6359
8444 2274
8445 6269
8450 9436
8451 6592
8456 3013
8457 9344
8462 7744
8464 6156
8467 4284
8468 6915
8472 5689
8474 4753
8475 2249
8477 944
8478 8642
8479 8110
8482 4457
8483 171
8484 1047
8485 4435
8487 5896
8488 9315
8490 4756
8492 769
8494 8913
8495 5658
8498 1036
8501 1333
8504 8789
8508 5929
8509 3314
8511 3653
8513 788
8514 4604
8515 6322
8516 6911
8518 2682
8519 6238
8522 7677
8529 275
8531 7632
8533 4671
8534 4608
8538 2757
8544 6443
8547 5233
8550 661
8551 646
8559 1410
8560 6575
8566 4116
8568 7612
8571 74
8575 6021
8578 1884
8580 6447
8583 1483
8585 1943
8595 4436
8598 2700
8600 1695
8604 3171
8607 4165
8608 5177
8613 7510
8614 1339
8617 6862
8619 8076
8622 3005
8625 1562
8628 3317
8629 7661
8632 6452
8633 3694
8636 9328
8641 6131
8642 8989
8647 7845
8648 5022
8652 8093
8653 34
8655 7194
8657 6109
8662 932
8663 5270
8665 3725
8669 8600
8671 6187
8672 4407
8675 2040
8676 6431
8680 387
8682 5940
8683 3891
8687 5431
8688 4164
8689 699
8690 8443
8691 2860
8694 3686
8695 4771
8696 3670
8697 730
8700 214
8701 4308
8705 2108
8706 3287
8707 403
8708 4295
8710 2231
8711 7731
8713 8175
8717 8331
8719 4856
8720 7333
8724 5906
8727 3102
8729 5114
8730 6765
8731 3805
8733 6995
8737 2951
8739 5871
8742 5568
8743 2423
8744 1608
8746 6852
8747 7381
8748 7581
8750 829
8751 7886
8754 9126
8755 8236
8757 1418
8759 7711
8762 4266
8764 2949
8769 1618
8774 7180
8776 8981
8778 5811
8780 6168
8781 5260
8783 8245
8786 1497
8788 4591
8789 4855
8791 3807
8794 3607
8796 2208
8798 777
8799 6902
8801 1765
8804 2280
8806 2820
8808 193
8810 2515
8812 73
8814 4012
8819 9352
8820 5803
8822 3595
8823 4991
8824 5595
8827 3696
8829 623
8831 3567
8833 6988
8837 89
8839 3574
8841 8742
8842 5455
8844 6652
8851 1302
8856 5878
8862 7173
8867 5901
8869 2375
8870 4836
8871 5340
8877 5513
8878 2761
8879 2489
8881 5125
8882 6976
8883 9262
8886 5248
8889 7068
8893 5219
8894 6769
8903 728
8904 4021
8910 5744
8914 7692
8917 3771
8924 4442
8928 7627
8929 3560
8931 6444
8933 953
8936 889
8940 1289
8942 883
8943 246
8944 3271
8947 6383
8954 526
8955 3035
8958 3825
8959 3374
8961 8344
8962 7533
8963 5429
8966 821
8969 8836
8970 3509
8971 7044
8974 6883
8976 2187
8980 7486
8981 1417
8985 857
8986 6866
8989 822
8994 5899
8995 6720
8996 3810
9001 2442
9003 3381
9004 8111
9006 5864
9007 4979
9008 2269
9011 8841
9012 1406
9013 7545
9014 2590
9016 2926
9019 8277
9021 9095
9022 3666
9023 6248
9024 668
9028 3735
9029 827
9035 6617
9036 6237
9037 3691
9041 3602
9045 4727
9046 808
9047 6037
9051 6998
9052 2466
9053 7202
9057 2539
9059 172
9062 2624
9063 6596
9064 8766
9065 1208
9069 7491
9071 287
9072 841
9076 2036
9077 2663
9078 4207
9079 3009
9081 2370
9084 8606
9087 4706
9088 4472
9090 5581
9092 7498
9093 6564
9095 3834
9098 5535
9102 2994
9106 6516
9107 6654
9108 7564
9112 2031
9113 1159
9115 3520
9117 1429
9119 2204
9120 5873
9123 5523
9124 7616
9125 377
9130 5692
9131 4161
9132 5541
9136 4258
9143 8832
9147 6371
9151 6060
9153 8361
9155 5657
9156 574
9157 6051
9162 4747
9168 5427
9173 6684
9177 3583
9180 2406
9181 8404
9186 7086
9188 8592
9193 872
9198 978
9201 7620
9203 6130
9206 3394
9209 814
9214 7898
9216 9428
9217 4584
9218 8547
9222 1628
9224 8714
9229 8338
9231 557
9234 7606
9235 2775
9236 6126
9237 2711
9238 8748
9241 2227
9245 782
9246 7116
9247 238
9248 8770
9251 1046
9252 6746
9253 9258
9255 1267
9259 5418
9260 4036
9261 8612
9262 8653
9264 877
9270 6261
9275 1390
9277 4779
9281 9013
9285 1472
9287 8681
9288 7895
9289 5574
9290 3387
9291 3123
9293 8693
9294 4735
9295 7283
9296 5999
9297 7871
9299 2526
9302 6426
9303 5481
9304 9009
9309 996
9310 9397
9311 803
9317 5380
9321 4657
9322 3611
9323 5683
9324 1524
9325 8213
9327 5695
9330 5156
9331 7658
9335 5953
9338 1303
9339 2417
9340 4190
9345 9172
9346 6497
9348 6098
9349 5553
9351 5095
9352 6177
9355 6931
9357 282
9360 4080
9363 5398
9364 3186
9365 6378
9366 1509
9367 1555
9371 8900
9374 4459
9376 8006
9378 2460
9382 3484
9385 7278
9388 3713
9390 3254
9392 471
9395 618
9399 5440
9400 7691
9403 2699
9405 9332
9407 7148
9409 3899
9418 1217
9423 1518
9427 7859
9429 6990
9436 8262
9437 3981
9438 4310
9441 4682
9442 2672
9445 9359
9448 8481
9449 8784
9450 7934
9451 7874
9454 7361
9456 2320
9457 8887
9458 4221
9459 4123
9463 9208
9465 8912
9472 8474
9473 5454
9474 740
9478 8970
9482 3953
9487 4445
9489 8019
9490 1379
9494 7745
9496 735
9498 2386
9499 7951
9500 6129
9503 2911
9504 3142
9505 4048
9507 8027
9512 2349
9515 4155
9517 1364
9520 4716
9522 4489
9528 3296
9529 7467
9530 24
9534 7450
9535 4669
9544 8272
9545 5659
9547 4777
9548 9361
9552 1202
9554 2866
9556 90
9558 2367
9560 5373
9563 4488
9566 4585
9572 4416
9573 1612
9575 8216
9581 2419
9582 1940
9583 4368
9585 1218
9586 4268
9587 1702
9588 7832
9590 3241
9592 4093
9594 7151
9596 8570
9597 5661
9599 439
9606 1575
9611 3845
9613 1435
9619 6974
9620 1500
9622 2595
9623 8800
9625 4290
9627 6929
9629 9317
9630 4450
9631 6809
9632 6520
9636 5633
9639 8541
9643 1323
9647 1205
9652 8677
9654 7949
9656 1395
9658 168
9659 5474
9660 5895
9661 3503
9662 629
9663 925
9664 2943
9666 2019
9667 4689
9668 5236
9672 6921
9674 6743
9676 3745
9677 7474
9679 8819
9681 6278
9683 8352
9684 7538
9686 6075
9687 136
9688 6920
9690 6026
9695 3880
9698 6618
9699 8279
9700 9106
9701 6190
9702 1891
9704 6275
9706 562
9709 1755
9712 4206
9714 1671
9715 1003
9716 8224
9717 4968
9720 5459
9721 3565
9723 4687
9725 6685
9728 8908
9729 7122
9730 7344
9734 4070
9737 4468
9739 276
9743 4378
9745 7212
9749 6551
9751 3883
9753 4301
9754 5900
9763 5423
9766 2277
9767 7411
9768 5727
9770 3455
9772 8328
9773 2431
9775 852
9777 1975
9780 5539
9781 7366
9782 7306
9785 1566
9787 644
9788 1431
9789 170
9790 1213
9791 6563
9792 9107
9793 3944
9796 585
9797 5406
9803 686
9804 8388
9805 7982
9809 1757
9810 2450
9811 4480
9816 5381
9817 8347
9819 6347
9820 5908
9826 7213
9827 1567
9829 4216
9830 9056
9832 4888
9836 7424
9837 5145
9841 7369
9849 1536
9855 7739
9856 1801
9857 1759
9861 3228
9863 5936
9864 5289
9866 8268
9867 4861
9872 6091
9876 2258
9877 2212
9878 759
9879 6327
9880 378
9881 4504
9885 4507
9887 4453
9890 3603
9893 4474
9894 8849
9897 8191
9899 9
9902 7164
9903 53
9905 8084
9907 7850
9909 7052
9910 5708
9914 7935
9916 1615
9923 3540
9924 6492
9925 4741
9931 517
9934 2191
9935 2129
9938 3338
9945 8549
9948 3929
9949 6775
9950 6067
9953 9270
9954 8785
9956 5227
9957 6315
9958 9256
9961 354
9962 4795
9965 8335
9966 4108
9967 915
9968 8774
9969 8975
9972 8419
9974 1548
9977 1234
9978 3111
9981 3431
9982 9367
9984 5465
9986 7978
9991 6421
9994 3365
9998 6324
10000 687
10002 431
10004 8103
10005 8198
10007 6285
10008 5510
10009 6142
10012 3612
10013 8426
10015 9285
10017 2693
10018 6681
10021 4652
10023 2632
10024 7830
10027 2243
10029 1733
10031 2812
10035 3063
10036 3263
10037 340
10042 8033
10045 666
10047 710
10055 6627
10057 486
10059 2126
10061 5157
10063 181
10067 8115
10069 7585
10070 2223
10074 3562
10076 8950
10077 8090
10078 1415
10083 1037
10084 175
10085 6880
10090 306
10092 2670
10093 4680
10097 6543
10101 8767
10103 2833
10106 575
10107 6469
10108 8138
10109 4673
10113 2904
10114 2167
10119 4355
10120 577
10124 3348
10127 3820
10130 9263
10132 1919
10134 6975
10136 3279
10137 5503
10141 1832
10142 7884
10147 9195
10148 8890
10149 6577
10152 6583
10154 8447
10159 3022
10160 1534
10161 9188
10168 688
10171 187
10173 7277
10175 2652
10179 7112
10184 882
10185 422
10188 3951
10191 1478
10192 4067
10193 7048
10197 9255
10201 2988
10204 8709
10206 7335
10210 5823
10215 6414
10216 2058
10219 6834
10222 2012
10224 2424
10225 5170
10227 5508
10228 5976
10232 8561
10237 7168
10238 6940
10240 8304
10247 2226
10250 9197
10253 3781
10254 663
10257 3189
10259 4838
10260 7973
10261 2224
10264 143
10271 6242
10276 6381
10277 3547
10278 8775
10279 2750
10280 7077
10284 4793
10285 5388
10288 9203
10290 6343
10292 1139
10294 6830
10297 8704
10299 1344
10300 6214
10301 30
10303 6936
10305 6608
10306 5603
10307 4606
10309 1894
10314 8814
10322 6068
10324 3119
10325 2922
10327 8568
10337 9368
10339 4232
10340 7623
10342 2383
10343 1436
10344 3242
10348 3261
10350 5760
10352 6486
10355 125
10356 2069
10359 8513
10361 2808
10362 3790
10363 5263
10364 1661
10365 2307
10366 4499
10368 4176
10369 5225
10371 3277
10372 892
10373 7665
10376 4516
10377 5374
10378 2522
10383 453
10385 478
10386 3333
10387 4226
10391 4911
10393 9404
10395 912
10396 6726
10406 4417
10407 162
10409 7522
10410 837
10414 6963
10416 199
10417 1505
10421 2300
10422 3126
10428 5699
10429 6780
10430 5849
10432 215
10434 8943
10443 2159
10444 6494
10446 6912
10447 2888
10449 7264
10453 531
10458 3405
10461 6298
10463 2164
10465 6748
10467 8801
10469 2813
10470 5488
10472 6166
10474 8451
10477 4441
10479 2541
10481 4595
10485 7879
10486 637
10487 697
10490 52
10492 5317
10495 8885
10497 2630
10500 758
10501 291
10502 6731
10503 593
10507 8446
10508 3693
10510 7029
10513 2305
10516 537
10518 1973
10522 8131
10524 7082
10529 9339
10531 7171
10539 3163
10541 6585
10542 7499
10543 5729
10553 7740
10554 2869
10555 2439
10558 4776
10559 974
10560 2567
10564 3330
10570 4579
10575 8145
10580 3544
10581 4449
10588 3668
10590 8375
10594 9295
10595 6771
10597 8077
10599 7181
10604 5008
10608 4126
10610 2338
10612 8300
10616 2749
10620 1444
10622 358
10626 3255
10630 7199
10634 3049
10638 8288
10641 6669
10649 7404
10652 5826
10658 8062
10659 3649
10660 4582
10661 3749
10662 5942
10664 7340
10668 4622
10672 779
10673 6665
10675 7454
10676 6812
10677 4465
10678 4835
10679 9007
10681 2533
10682 5452
10683 3483
10685 496
10686 5460
10687 9223
10689 5043
10692 178
10696 1041
10699 6128
10700 9358
10702 6097
10703 6707
10704 6382
10705 3033
10712 7041
10713 4545
10718 6644
10719 8904
10721 4696
10726 7987
10727 6283
10731 6099
10732 9157
10742 8756
10746 7966
10752 1895
10756 8504
10759 1469
10761 8659
10763 8763
10764 6687
10768 1669
10769 9196
10771 2560
10772 4007
10774 1614
10775 8707
10782 2618
10788 6969
10789 2594
10795 2925
10797 6197
10798 8327
10799 8249
10805 8962
10808 9105
10809 7865
10810 7428
10814 6508
10819 9306
10820 9307
10821 7853
10823 948
10830 7353
10831 1993
10835 5105
10836 5332
10837 6107
10849 6660
10852 5540
10855 3002
10856 4799
10859 8028
10866 691
10869 9025
10870 9431
10873 3893
10875 7930
10879 8109
10883 4536
10884 3817
10886 2506
10890 5290
10894 3512
10900 2065
10901 7516
10903 28
10904 6291
10906 87
10908 2853
10912 4942
10913 1896
10917 529
10923 4915
10925 8325
10934 3757
10935 7136
10937 627
10939 9068
10944 8957
10948 6376
10949 7051
10956 5102
10958 2561
10959 7218
10960 1086
10961 5239
10962 5816
10965 693
10968 5375
10969 7497
10970 5180
10973 3916
10975 6076
10978 4419
10982 9375
10988 3093
10995 2723
10999 398
11000 4095
11003 7771
11008 2769
11023 8439
11026 8309
11027 4565
11029 3026
11030 8915
11032 5634
11035 4262
11038 2883
11039 1675
11040 6550
11041 7265
11042 4324
11045 7532
11049 5652
11055 3955
11057 3919
11061 156
11062 8717
11067 3563
11074 6531
11075 395
11076 5825
11077 2401
11079 885
11081 1167
11086 6390
11088 6239
11092 4845
11094 7465
11096 4530
11100 2453
11101 8571
11103 8834
11110 3278
11111 682
11113 670
11115 5565
11117 249
11119 4775
11120 2155
11121 4631
11122 3764
11123 960
11139 2997
11141 6334
11142 8409
11148 1635
11149 4658
11150 6835
11155 3114
11156 311
11158 3983
11161 8793
11162 4812
11167 7417
11169 5948
11175 7178
11180 8497
11185 6477
11186 4842
11188 2807
11189 7240
11192 6628
11195 9094
11196 5588
11199 2201
11202 3289
11205 3723
11206 1393
11209 3648
11220 8581
11222 6399
11224 8782
11225 4358
11227 4678
11228 3572
11230 2778
11232 1854
11237 2936
11250 5251
11251 2353
11252 5311
11254 9205
11257 7097
11266 4951
11269 5265
11270 7629
11272 2751
11276 7395
11280 4501
11287 6616
11289 5159
11290 8157
11305 3376
11308 8853
11311 4404
11315 4322
11320 2176
11324 7325
11326 2644
11327 41
11330 8212
11331 5975
11336 8285
11338 3408
11342 6827
11346 312
11347 3051
11349 3643
11355 6061
11365 7192
11368 4806
11372 2246
11376 6047
11380 5229
11387 1463
11389 6090
11391 917
11393 1172
11397 5080
11398 8650
11403 5963
11405 7725
11409 3743
11410 8575
11421 8120
11424 6204
11425 3613
11426 5569
11430 6479
11431 2306
11435 5713
11438 6650
11443 5923
11444 5554
11445 4552
11446 4391
11450 8691
11456 1829
11458 1200
11460 918
11461 7215
11463 8898
11469 1681
11474 7418
11475 333
11479 4181
11480 6541
11484 7479
11491 4040
11500 6374
11503 8192
11504 2924
11507 9074
11508 6991
11511 5612
11512 1273
11513 283
11517 2010
11519 795
11521 6706
11524 3247
11526 8557
11527 5836
11531 5750
11532 3536
11535 6454
11536 3780
11540 8455
11550 3894
11552 9132
11554 9115
11555 1581
11556 3925
11557 281
11559 3895
11560 1586
11561 8636
11565 5988
11567 7651
11571 3879
11574 5925
11576 6606
11578 5198
11586 7752
11590 6435
11597 8122
11598 3429
11599 3930
11601 4406
11604 5208
11610 6646
11612 7440
11614 399
11618 3001
11628 8166
11632 7718
11637 4758
11645 1051
11648 9006
11650 3193
11653 2114
11654 4437
11655 8021
11656 5484
11657 7004
11662 7295
11666 7614
11667 1043
11669 409
11670 4078
11672 8517
11673 3500
11674 3382
11676 4333
11681 9084
11683 8290
11691 8978
11693 648
11694 9405
11696 2991
11697 1493
11700 8275
11704 8720
11706 9383
11716 4643
11718 5215
11719 7568
11720 2467
11721 7131
11722 250
11728 3526
11729 5504
11732 1177
11736 5990
11739 2139
11742 709
11743 2400
11746 5316
11747 7681
11748 8608
11750 6481
11752 7126
11753 8765
11757 8651
11759 2332
11761 4580
11762 9014
11763 750
11766 6667
11768 32
11770 3995
11771 2311
11772 2077
11778 8805
11787 7518
11792 6716
11794 3782
11797 8457
11801 5784
11805 2008
11806 3087
11809 7494
11811 971
11812 5071
11817 2876
11818 7076
11819 1853
11820 2580
11828 3868
11830 5274
11831 558
11835 6673
11839 5378
11851 1153
11855 9294
11856 2819
11857 272
11860 1317
11862 2318
11864 6610
11868 3701
11872 8450
11873 6711
11876 8305
11881 7732
11884 6621
11889 4296
11890 5834
11893 5586
11894 6966
11897 9264
11899 2235
11902 7715
11906 1025
11909 148
11916 1040
11919 4510
11920 4599
11926 2848
11930 4659
11931 6789
11932 799
11933 7838
11934 5584
11937 7144
11938 3384
11939 4945
11940 8273
11942 8203
11945 444
11949 3836
11951 3268
11952 459
11953 3722
11960 7829
11961 229
11971 3012
11973 4990
11974 1494
11982 336
11985 3700
11986 6179
11987 849
11989 6255
11993 8602
11996 8580
11997 7016
11998 5819
12006 8837
12008 7779
12012 0
12014 2267
12016 5853
12021 8257
12023 6948
12024 5173
12027 5401
12034 7666
12038 5480
12039 7298
12041 6692
12045 8270
12046 1182
12047 3789
12059 4624
12061 7169
12062 5780
12063 8831
12064 363
12066 6668
12067 9246
12070 5573
12072 9396
12076 6897
12080 8289
12085 1032
12086 1968
12091 3319
12092 3354
12093 5247
12097 2076
12098 8403
12103 3922
12105 792
12107 6372
12111 8838
12115 8079
12118 3982
12119 8652
12123 5641
12126 348
12129 1821
12134 6722
12135 9004
12136 6365
12138 3449
12139 8050
12140 6353
12143 9288
12144 4473
12145 7106
12146 385
12147 2873
12150 5567
12152 6416
12158 9186
12160 6023
12166 3392
12167 2403
12171 2550
12173 4241
12178 4646
12180 4305
12184 854
12186 1760
12188 955
12189 2075
12190 9035
12196 6262
12202 2895
12203 6877
12207 9329
12215 4743
12217 2683
12218 4824
12224 1633
12230 8820
12231 8861
12233 5916
12236 7300
12237 1079
12251 3265
12256 6395
12257 6476
12258 1837
12262 5402
12263 5934
12264 6253
12270 1081
12273 3837
12278 9393
12281 266
12283 5705
12285 3383
12290 5749
12292 4456
12296 7961
12300 8453
12301 4826
12304 674
12306 5053
12308 327
12311 1867
12315 6160
12322 1597
12328 4719
12329 6164
12334 6890
12340 5020
12346 3396
12347 6449
12348 6986
12349 4279
12354 2666
12357 3065
12358 6462
12361 5664
12366 5534
12370 3427
12375 3200
12377 7526
12381 7957
12382 4051
12383 5989
12384 4642
12391 1276
12397 6933
12399 8099
12400 1197
12401 5835
12402 1356
12408 1761
12410 169
12411 2468
12412 4425
12414 4710
12417 718
12418 636
12419 5430
12424 6593
12428 954
12436 6641
12447 7696
12455 7176
12464 6558
12465 9275
12467 6400
12469 4229
12471 7332
12473 4791
12474 2251
12477 2929
12480 22
12481 5407
12488 7815
12491 4533
12492 2695
12502 2067
12504 5188
12505 8494
12506 8424
12507 5066
12508 3092
12509 4704
12511 5085
12515 9066
12517 6857
12531 7438
12533 4964
12537 9055
12539 7399
12541 5598
12543 1331
12545 7751
12549 8516
12556 8293
12558 7604
12559 8475
12565 2785
12566 240
12573 9161
12575 3937
12576 8955
12577 2741
12579 6956
12581 508
12582 8777
12587 8326
12588 2490
12597 3954
12599 7430
12600 739
12604 5926
12607 5086
12611 6613
12613 511
12615 909
12617 3245
12626 1556
12628 6245
12630 4228
12631 819
12635 6539
12641 1055
12642 4231
12645 2091
12647 3516
12655 8539
12658 7032
12660 59
12661 8634
12662 2055
12668 7142
12669 6323
12671 8611
12687 8218
12691 4607
12695 7185
12696 8983
12697 9051
12702 7894
12706 5656
12707 6747
12709 7758
12713 1485
12714 7903
12717 3318
12721 7818
12722 3750
12723 1692
12733 8149
12743 3742
12749 2654
12751 8851
12752 7943
12755 4893
12756 6689
12759 1989
12762 5365
12765 6957
12770 9268
12774 9062
12775 8813
12776 2677
12778 5860
12779 4755
12786 8723
12787 4076
12788 5742
12793 8406
12795 8525
12800 4131
12801 9427
12811 1251
12814 3281
12816 4139
12817 5730
12818 8545
12820 5952
12822 5063
12825 3827
12826 4293
12828 6557
12832 8787
12838 806
12840 1007
12842 6199
12845 525
12849 3716
12856 400
12857 8411
12858 4128
12865 6895
12866 1077
12868 251
12869 429
12873 1018
12876 2049
12879 129
12895 3412
12896 8431
12905 7094
12912 6296
12914 4950
12915 2610
12916 5266
12918 2292
12923 2805
12929 5224
12930 3043
12931 2827
12936 1764
12947 7546
12951 5709
12954 1237
12956 4686
12957 3999
12959 6134
12966 4989
12969 2736
12970 7543
12971 3148
12973 2438
12975 8925
12978 3108
12981 8353
12985 3545
12987 2293
12991 2089
12994 8094
12996 4008
12998 7573
12999 5015
13012 210
13014 8413
13017 3410
13021 4965
13022 3858
13028 1725
13031 9027
13032 2709
13039 8936
13041 4002
13042 8054
13046 6243
13047 4873
13051 7150
13056 1533
13060 886
13062 6872
13064 9217
13072 4708
13074 8024
13076 1027
13080 9053
13081 3032
13082 191
13086 8227
13088 3227
13093 1451
13096 7448
13101 9403
13109 5232
13110 8977
13116 2331
13125 9081
13129 5625
13135 6342
13141 7137
13142 7350
13145 6484
13149 7099
13150 4111
13152 458
13155 1109
13157 8283
13166 8116
13172 7307
13174 1092
13180 1735
13181 3375
13183 2804
13184 8348
13185 9043
13189 3783
13192 4590
13193 527
13194 118
13198 1686
13199 1434
13200 4142
13202 260
13206 4019
13208 1742
13218 6345
13220 6118
13222 6944
13223 8045
13224 3312
13229 6523
13231 434
13232 6615
13236 305
13239 8736
13243 2415
13246 809
13249 2099
13250 1188
13252 245
13253 8703
13254 7814
13255 7359
13265 9356
13269 6533
13273 2362
13275 7578
13277 3324
13278 6740
13282 9170
13287 952
13290 7795
13291 2444
13292 513
13297 7542
13299 7826
13301 3308
13307 7145
13308 353
13315 2170
13319 4974
13323 2889
13327 6035
13329 3494
13332 2185
13335 5149
13336 3644
13340 8518
13342 2732
13344 9082
13348 6161
13349 9080
13353 4715
13357 521
13358 8271
13365 8370
13371 5654
13372 1045
13382 9236
13384 3952
13400 1677
13408 1455
13409 5594
13415 425
13421 5514
13422 1256
13423 4520
13424 2793
13425 5485
13427 8251
13429 2112
13433 1520
13435 8369
13436 7286
13440 1100
13445 8788
13446 5339
13454 5951
13462 3257
13464 4120
13466 1902
13468 2294
13469 3006
13473 5580
13486 5848
13487 6737
13496 8095
13499 1068
13505 1414
13509 2967
13515 3809
13518 3993
13520 7060
13521 3628
13525 9046
13529 6404
13535 7042
13542 1915
13545 7989
13549 9243
13551 8125
13553 9120
13554 7367
13557 6039
13559 81
13568 4688
13571 7001
13572 2747
13575 3044
13595 2837
13597 2303
13605 6011
13608 5522
13610 3525
13613 2989
13618 6162
13619 2033
13620 7469
13626 1564
13630 8907
13634 8367
13635 4894
13646 3417
13652 8572
13653 6819
13654 5495
13657 1789
13661 5164
13669 6256
13670 6153
13672 8023
13680 6959
13681 3913
13683 2658
13690 4121
13691 1611
13697 5366
13705 5933
13706 6947
13722 8422
13723 899
13727 2631
13728 7220
13729 6249
13731 5328
13740 7205
13743 732
13745 1528
13747 8222
13750 2523
13753 7714
13758 7559
13760 4872
13762 2376
13768 6251
13777 2102
13779 6759
13780 3320
13783 9016
13790 7433
13791 9293
13793 8621
13803 3978
13806 7644
13809 3182
13813 5136
13814 2382
13817 362
13825 7959
13827 4063
13828 6831
13832 6375
13835 6385
13836 1326
13842 9180
13844 6280
13848 5312
13852 7519
13855 500
13857 4460
13863 3016
13864 1710
13866 4383
13867 4681
13870 2725
13875 2878
13878 9078
13882 8999
13890 9251
13892 5083
13895 3088
13897 7902
13899 2130
13904 8952
13908 3062
13909 3468
13911 8809
13912 9387
13914 9034
13915 8427
13918 2608
13927 2462
13940 5600
13943 4988
13944 5978
13948 7275
13951 6821
13952 8595
13953 1441
13957 2137
13960 8146
13962 1881
13964 7473
13968 5006
13969 8617
13971 1600
13988 5782
13989 9015
13993 5804
13994 6893
13995 9346
13997 9028
14001 7742
14003 4982
14004 1281
14006 4729
14010 3173
14018 2263
14024 5945
14025 3302
14046 8855
14048 4493
14050 561
14051 590
14052 9234
14055 9114
14058 3222
14060 5755
14062 5264
14066 3581
14067 4323
14069 8493
14076 5791
14079 7056
14089 4817
14091 7730
14095 5422
14096 7410
14097 6851
14100 1274
14101 2435
14102 6446
14107 9212
14108 7239
14109 5972
14111 3073
14114 4691
14116 7816
14117 5606
14118 8365
14119 6455
14121 7892
14123 1582
14124 7759
14136 3829
14141 2811
14145 1573
14147 8438
14152 2735
14154 8702
14159 4023
14160 5405
14163 850
14165 3521
14167 9169
14169 7947
14173 4949
14185 1024
14188 4100
14189 4134
14192 6012
14195 2234
14199 3851
14200 6344
14201 151
14202 5132
14203 3166
14204 8941
14207 2271
14210 8186
14213 2404
14216 6096
14218 2919
14220 4264
14222 848
14226 6562
14228 746
14240 8458
14241 7880
14248 8798
14255 2720
14259 3970
14260 5618
14261 338
14262 6319
14263 4195
14267 7504
14270 5310
14272 5070
14274 5424
14275 2106
14285 8961
14286 4581
14293 2945
14294 4852
14295 5845
14299 2798
14302 6532
14309 8078
14310 1049
14313 7567
14319 6568
14322 9206
14330 6637
14336 4647
14339 5246
14343 9194
14348 9150
14349 8496
14351 2745
14353 7555
14365 3172
14372 7513
14377 8524
14378 1811
14390 8417
14392 5041
14396 7515
14398 9305
14402 3339
14407 2857
14409 9158
14411 9391
14413 1839
14414 8639
14415 5982
14420 3787
14421 1225
14425 7885
14427 8255
14429 8827
14432 3294
14433 8324
14435 6609
14441 144
14444 6139
14451 1140
14452 4210
14457 4132
14459 5996
14461 2463
14474 2343
14475 8043
14476 3705
14481 5557
14483 7659
14489 6657
14490 3316
14496 5593
14502 2501
14504 1762
14507 9364
14508 6901
14510 8856
14512 3556
14515 2138
14525 4481
14528 2183
14533 3767
14541 7861
14542 4186
14547 5005
14554 5526
14556 5964
14558 5970
14561 5443
14565 9130
14567 6397
14569 1911
14576 4768
14577 8461
14579 8964
14583 9103
14584 6919
14585 7025
14601 8193
14615 1156
14620 4175
14629 1770
14630 5647
14633 507
14635 1743
14636 3675
14639 5187
14640 754
14641 5788
14645 5019
14648 5315
14649 6734
14652 3213
14656 5498
14659 3109
14661 7965
14665 2880
14666 7227
14671 7869
14672 3642
14674 8410
14676 8317
14679 6145
14684 3276
14687 188
14688 2705
14689 2434
14690 3106
14696 8282
14700 5808
14704 2784
14707 8657
14710 945
14716 8229
14721 4184
14724 9031
14731 906
14740 842
14741 2841
14747 5820
14749 4350
14750 664
14754 1740
14757 1795
14759 2081
14762 5296
14766 8585
14769 5254
14770 2998
14772 3100
14779 6779
14786 7301
14788 3614
14793 1988
14797 5445
14802 1986
14803 3099
14804 2110
14808 4759
14813 6829
14814 5441
14817 3683
14823 3337
14825 416
14832 4451
14833 6803
14839 7095
14840 2621
14841 6573
14842 9090
14843 9309
14850 2796
14855 6816
14859 8917
14863 6858
14870 5179
14872 4668
14878 3821
14879 3793
14881 6013
14883 1389
14888 4405
14889 7302
14890 6983
14892 536
14893 5027
14897 2148
14901 3441
14902 7238
14903 2281
14906 9085
14907 3220
14913 4129
14917 5840
14920 840
14922 7201
14925 2171
14928 244
14931 3785
14932 935
14933 9312
14936 5585
14942 6415
14943 4820
14954 9153
14959 1836
14960 3835
14963 1781
14965 2660
14967 2261
14968 1806
14970 6282
14971 6317
14972 6459
14974 741
14976 7942
14981 5166
14988 4073
14989 783
14991 5235
15000 8985
15005 5810
15009 2355
15015 2657
15017 7256
15026 1300
15031 893
15041 3251
15042 7937
15048 6439
15050 8560
15054 8732
15055 7971
15056 1637
15058 5622
15061 3185
15063 745
15069 2549
15070 5762
15073 6876
15074 3796
15075 924
15080 1665
15085 4540
15086 2921
15089 6619
15091 7431
15094 853
15097 1329
15103 8991
15108 1194
15111 2875
15112 7928
15113 2266
15114 5453
15117 1868
15119 7253
15121 8858
15128 817
15131 4867
15137 6710
15147 5482
15148 8700
15150 9360
15156 4730
15160 5520
15161 1367
15166 6328
15175 6144
15179 7035
15183 2604
15184 5021
15185 8114
15187 7259
15192 5639
15195 2117
15208 8874
15212 3898
15213 8749
15215 6658
15220 6325
15221 4077
15223 1147
15228 9113
15229 4917
15230 6046
15232 721
15235 9200
15236 3161
15243 1656
15249 1636
15253 6517
15255 2602
15261 4588
15262 7717
15264 3047
15270 8221
15280 1717
15281 861
15292 951
15299 6474
15302 1149
15307 6566
15308 3761
15312 8374
15317 4960
15318 6856
15320 7501
15321 455
15322 8712
15326 6465
15330 6951
15331 5309
15334 4001
15336 1827
15338 9181
15340 4024
15343 5197
15346 1826
15348 7401
15350 7477
15354 2879
15356 7809
15357 7602
15362 1689
15365 5109
15367 8051
15369 4895
15372 8430
15376 6514
15383 7196
15385 1249
15388 5817
15397 1842
15398 5897
15401 6640
15403 8511
15411 9418
15416 8391
15417 8971
15419 7155
15421 8605
15422 8032
15424 6941
15427 4645
15431 9063
15436 265
15439 8535
15440 8695
15442 3343
15443 1236
15445 9303
15446 5638
15455 1589
15470 7678
15471 2073
15472 451
15481 8829
15482 6411
15486 1858
15489 7394
15500 1774
15501 4899
15504 4033
15507 6612
15509 410
15516 5813
15522 4784
15527 8074
15531 2817
15533 654
15538 5186
15546 715
15550 2571
15552 9350
15553 6498
15558 31
15559 7471
15561 4749
15562 7783
15564 3645
15567 4692
15570 1489
15575 8364
15576 8505
15584 8392
15585 6910
15588 9143
15593 1705
15596 7360
15598 1170
15600 3672
15602 5194
15607 4992
15610 5048
15611 6926
15625 5950
15626 2217
15627 3624
15635 8471
15639 7970
15643 7188
15645 8668
15649 9414
15650 2458
15653 3342
15655 5765
15657 1264
15664 9022
15665 5724
15670 2642
15675 5067
15681 5677
15690 6942
15691 551
15693 1554
15694 8266
15695 3169
15696 5841
15698 1553
15710 3846
15711 8001
15712 6961
15717 106
15721 1348
15727 3633
15732 6938
15738 5052
15739 5965
15750 6753
15754 516
15765 3616
15766 5354
15775 8259
15776 3610
15780 7784
15782 3634
15787 3014
15789 6015
15795 5395
15798 9142
15800 8155
15801 5937
15805 436
15810 9125
15818 7101
15819 3881
15823 2098
15824 5839
15825 8509
15837 8627
15838 8620
15839 628
15841 2694
15843 7757
15844 7250
15846 82
15853 2101
15854 6189
15855 523
15868 5608
15877 3435
15879 4853
15882 8576
15883 2689
15887 2163
15893 586
15894 7255
15898 7622
15915 8407
15918 910
15927 8265
15929 3007
15930 7801
15932 736
15934 7856
15939 4521
15942 4235
15943 9372
15945 1061
15947 2131
15951 4004
15954 6080
15957 8154
15970 573
15971 8754
15975 6770
15988 5821
15989 5033
15997 4015
16002 4554
16004 5632
16008 9291
16011 6040
16016 8951
16017 301
16020 8460
16021 8731
16028 9289
16029 4636
16034 614
16041 1904
16046 7849
16055 4240
16060 2428
16063 3025
16083 8945
16088 5329
16092 7855
16093 2029
16094 7790
16096 9071
16097 6582
16100 2947
16106 8667
16111 6058
16115 8307
16126 1859
16132 2122
16136 6655
16137 1320
16138 1955
16140 485
16141 4256
16143 3132
16147 3831
16165 481
16169 9232
16172 672
16175 5678
16177 7129
16178 8386
16185 2974
16186 7312
16192 6754
16197 560
16198 1118
16201 8589
16206 6135
16208 5434
16209 7615
16215 5350
16219 6132
16237 5059
16239 2409
16245 8582
16247 8126
16249 947
16252 1871
16255 1539
16257 3250
16258 5182
16264 5653
16268 506
16269 9254
16272 8387
16278 4475
16291 7297
16292 3076
16302 6102
16305 2105
16306 5087
16323 7656
16325 1931
16330 1165
16340 7805
16346 8161
16348 6362
16349 2397
16356 6392
16358 2752
16365 1541
16366 5045
16374 4745
16375 1335
16378 2202
16380 1145
16391 9273
16393 2845
16394 6680
16399 8315
16401 5348
16405 2762
16406 8638
16411 5207
16413 3593
16414 8500
16421 7109
16422 1776
16423 9416
16437 8105
16439 3826
16450 7198
16453 5258
16463 5491
16466 7053
16469 1433
16470 9409
16473 7310
16477 1650
16481 5089
16489 7449
16511 5446
16523 612
16526 6437
16527 1210
16528 5579
16530 3364
16533 3731
16535 4433
16541 8136
16544 2100
16547 1171
16555 6836
16566 5957
16569 9122
16582 8764
16585 8867
16588 5662
16596 6396
16597 5138
16605 5592
16616 6244
16623 9008
16626 8480
16630 7436
16631 7667
16634 8205
16635 1461
16641 342
16644 7646
16645 5214
16650 1713
16652 8314
16653 1664
16656 3095
16658 9218
16662 4925
16673 4309
16676 8821
16677 4370
16680 1404
16691 1513
16692 3702
16697 3019
16698 671
16700 4703
16704 7958
16705 6937
16706 5587
16707 2540
16708 6647
16711 5191
16721 232
16722 6488
16723 7746
16736 7323
16737 7748
16740 7147
16748 5623
16750 9134
16753 2685
16755 498
16767 3905
16771 5620
16773 1013
16775 5666
16794 7187
16798 2310
16799 9321
16800 6496
16807 780
16808 8998
16812 5914
16819 5476
16823 4336
16834 4031
16837 1015
16848 2548
16850 8790
16854 1401
16855 5616
16859 6653
16862 7064
16863 6163
16870 5379
16871 6638
16872 5550
16876 8779
16888 7638
16893 5487
16895 5471
16898 1886
16913 4359
16914 7262
16923 7995
16930 6339
16934 6859
16945 8137
16952 9421
16958 316
16962 3514
16968 4255
16971 986
16996 4172
17003 856
17008 2119
17010 8722
17016 9213
17018 212
17027 9020
17031 6984
17032 7140
17034 8725
17035 1727
17041 2037
17044 6738
17048 6186
17067 1914
17069 1121
17070 4367
17073 8435
17074 5319
17076 4252
17078 9190
17084 7426
17085 3921
17095 3479
17097 8528
17110 7954
17113 4443
17114 5667
17119 7864
17120 3024
17123 8087
17126 3071
17128 8966
17131 4577
17134 9284
17136 1938
17137 5985
17143 731
17144 1186
17150 4124
17154 7207
17161 8389
17164 1099
17174 7633
17178 4947
17192 8039
17194 5512
17199 1089
17204 2626
17212 501
17221 8472
17224 8287
17238 6954
17243 7305
17244 7172
17246 9216
17248 3422
17260 4280
17263 4013
17269 5675
17271 1155
17273 3585
17276 4087
17280 2411
17300 3042
17311 9156
17312 6506
17313 2588
17314 6176
17317 771
17319 6250
17324 7918
17327 705
17330 9211
17332 824
17334 5013
17339 5751
17345 3968
17346 1549
17350 4458
17352 2907
17356 2315
17357 5494
17363 1569
17365 989
17370 4757
17375 7003
17382 7669
17384 3676
17385 108
17388 2499
17392 7565
17397 2153
17413 9300
17417 2042
17418 3926
17420 8515
17425 8554
17429 1929
17430 25
17431 218
17433 5010
17438 8649
17441 2708
17448 2504
17455 8363
17464 4869
17466 6095
17468 8857
17472 6354
17475 5308
17484 3714
17485 5231
17490 6715
17495 4796
17498 6607
17502 3081
17505 5351
17509 7791
17511 7460
17513 299
17514 4626
17515 1102
17522 1663
17523 1322
17525 5181
17528 4975
17539 4497
17540 5663
17545 8534
17547 9064
17552 3710
17555 3188
17560 7552
17565 233
17567 1876
17569 2347
17571 9402
17576 3015
17583 8449
17587 786
17597 379
17598 4431
17602 1666
17604 1954
17611 8660
17614 3811
17619 7455
17621 6226
17622 7701
17636 7679
17647 9304
17648 6240
17652 5044
17653 6871
17655 5924
17658 3344
17659 6081
17664 1370
17671 6213
17673 8630
17677 7535
17679 3638
17684 9279
17690 2802
17695 546
17701 6228
17718 4394
17733 3848
17734 2297
17736 7792
17740 4548
17744 6229
17751 522
17758 4802
17759 7315
17764 5861
17767 8124
17774 8258
17779 1976
17785 5611
17786 3841
17789 6808
17798 4090
17799 9058
17800 8217
17803 8988
17816 2329
17817 7881
17832 7000
17836 4331
17840 520
17843 5792
17852 7941
17855 7706
17868 8656
17873 4810
17893 5416
17906 9395
17908 8402
17909 3768
17915 4927
17916 8081
17918 3046
17921 6440
17922 3008
17931 4282
17934 8152
17936 6247
17945 6014
17947 8996
17949 1892
17951 3776
17954 4961
17959 6733
17963 5691
17976 9401
17988 392
17992 9198
17993 6766
17997 5736
18004 284
18020 8442
18022 8596
18023 904
18027 8226
18030 4549
18032 8299
18040 3336
18042 2842
18047 3699
18054 8818
18057 6580
18060 592
18061 7811
18065 6878
18073 7933
18089 7358
18090 488
18091 5589
18103 7069
18106 4656
18126 4141
18131 116
18132 2143
18154 5558
18162 7662
18164 7409
18173 5637
18176 4191
18182 8239
18198 2088
18215 4011
18218 7520
18223 8530
18226 3618
18227 4995
18229 1808
18242 1185
18248 6739
18251 4556
18255 1766
18256 5863
18259 5880
18268 1780
18283 930
18285 4209
18287 5716
18289 2944
18300 3027
18309 5973
18317 6211
18318 7550
18319 6784
18320 9357
18325 5805
18336 6410
18342 9045
18351 4718
18355 5801
18359 8531
18364 8939
18368 6793
18369 4752
18370 7386
18378 5073
18379 1464
18380 2002
18381 8436
18395 435
18398 7108
18405 5829
18407 1982
18411 5947
18418 2481
18436 8204
18440 7910
18450 4797
18460 1935
18461 3948
18462 1640
18464 6419
18475 3823
18476 2850
18486 1123
18492 6631
18499 4921
18514 7416
18519 4204
18520 1269
18524 2599
18529 6231
18533 2543
18540 5884
18541 3990
18542 7613
18544 7580
18547 719
18550 5875
18553 8910
18554 5432
18573 2352
18576 2909
18590 8550
18591 1071
18592 567
18593 1154
18598 2792
18602 9241
18604 8663
18611 6150
18614 5682
18618 213
18619 5185
18627 1220
18651 4294
18652 4551
18669 2186
18671 23
18680 6085
18685 4464
18688 5104
18692 7558
18710 7468
18714 1386
18716 2344
18737 4044
18740 1255
18761 5150
18772 1830
18773 8737
18778 5396
18783 2270
18788 8607
18796 2874
18798 8252
18800 7009
18803 5879
18805 9059
18809 6503
18811 4641
18820 6979
18821 7630
18824 241
18830 6310
18842 8808
18843 3437
18856 2884
18857 9178
18868 8459
18869 8243
18876 3454
18885 6222
18886 6200
18892 3681
18893 6588
18908 1411
18922 9182
18925 5078
18936 5796
18941 5986
18942 5175
18943 9110
18947 9249
18948 1398
18960 2233
18961 8990
18966 7975
18974 2144
18976 4841
18977 5065
18982 1869
18983 5113
18986 8296
18992 7413
19003 4936
19004 6050
19008 8866
19027 1296
19031 3409
19033 3259
19039 4212
19042 7390
19047 5361
19049 1519
19051 8868
19053 4374
19065 5168
19074 8064
19076 468
19083 7574
19101 1175
19104 8807
19107 6791
19109 8647
19115 6534
19119 5167
19127 9399
19129 8738
19143 6949
19146 8477
19151 2275
19182 2141
19189 2254
19190 5533
19201 7057
19202 1609
19209 9406
19212 2794
19226 7828
19237 4065
19243 8311
19244 6235
19249 8584
19253 1551
19277 6036
19278 7969
19280 8469
19281 1905
19283 5228
19284 6777
19286 7189
19289 1443
19290 3798
19299 3979
19317 598
19323 4547
19348 1747
19355 7576
19357 6964
19358 8845
19362 2279
19368 4115
19388 3550
19391 4612
19394 5660
19398 1453
19404 7139
19406 7458
19411 4789
19417 9353
19421 8954
19435 4187
19441 3569
19444 7398
19446 815
19456 8624
19459 2829
19474 1525
19478 3079
19479 1958
19482 1606
19483 3388
19488 8235
19490 7492
19491 9362
19492 7435
19497 6659
19504 4512
19515 4110
19523 7726
19524 7776
19526 9040
19540 3590
19542 9411
19547 4354
19552 8685
19554 4865
19555 7034
19560 7045
19567 8448
19568 5779
19573 1570
19575 8333
19576 2946
19577 6103
19587 1676
19596 256
19598 8625
19599 4985
19611 5093
19613 7357
19621 8378
19622 8883
19630 9001
19635 6693
19636 7391
19640 1080
19645 589
19646 8924
19652 8848
19661 6728
19669 8177
19691 1878
19695 7210
19696 4302
19700 7392
19702 5995
19714 5795
19716 9209
19718 5438
19719 5269
19723 2377
19725 6271
19733 4862
19735 3368
19739 2864
19745 3864
19748 6696
19756 6389
19758 99
19761 8796
19793 6522
19798 3576
19803 1674
19811 871
19812 239
19814 6982
19816 1667
19835 7994
19839 3630
19850 7337
19858 297
19859 6623
19871 1262
19872 3923
19891 3910
19903 2461
19912 6869
19913 6980
19914 8394
19918 4832
19919 2113
19920 5377
19923 8825
19924 2486
19927 1860
19931 3066
19932 7049
19937 3397
19944 4455
19957 2179
19958 4738
19961 2970
19972 5758
19973 6578
19975 1588
19979 4623
19984 4099
19990 7854
20001 7617
20005 5000
20006 4043
20015 1730
20040 4821
20041 4439
20042 6422
20072 6
20075 7708
20088 2800
20090 3428
20091 2740
20095 3586
20098 1002
20102 8543
20111 5832
20117 6033
20121 5981
20128 5107
20130 2177
20138 1396
20140 5135
20146 4094
20148 747
20152 2854
20159 1701
20162 6087
20164 7241
20168 4281
20186 1957
20187 1961
20199 6246
20206 6846
20228 7929
20231 6885
20232 1486
20244 2524
20264 3861
20268 2773
20276 8655
20277 105
20282 8696
20284 2851
20292 7540
20297 3518
20298 7802
20304 1652
20308 4751
20309 3434
20316 7462
20336 4667
20339 7472
20364 5645
20365 3280
20380 7014
20391 4053
20398 7786
20409 7831
20417 1824
20424 4929
20426 2006
20436 2043
20441 1651
20461 5857
20462 9250
20472 3223
20476 9318
20480 6159
20482 3070
20484 4372
20487 2818
20498 4398
20503 303
20507 7727
20508 7911
20518 4731
20532 7596
20536 3594
20540 2456
20543 9187
20549 1638
20550 1318
20566 7349
20569 6630
20574 8018
20576 4068
20577 6764
20580 5250
20581 6192
20583 749
20588 3962
20591 2035
20595 6614
20601 5679
20607 6267
20622 3647
20628 8933
20636 8562
20641 7135
20642 4946
20658 6913
20671 3849
20685 2980
20703 7577
20707 1391
20716 734
20724 1813
20730 4306
20740 2304
20752 8196
20755 9382
20760 2669
20769 5032
20771 5148
20773 3129
20776 8823
20782 7183
20795 8478
20798 4762
20804 2763
20806 8661
20807 5360
20809 6896
20811 7988
20823 7863
20824 5912
20826 6180
20850 8463
20867 8349
20873 3878
20878 9365
20890 7406
20899 2085
20902 9065
20906 2335
20909 8745
20910 6220
20920 1122
20921 5469
20938 8129
20939 2321
20946 3179
20962 7092
20976 9192
20981 5355
20986 6965
20995 7824
21003 7050
21019 2268
21024 2620
21026 4292
21028 7507
21030 1804
21042 2256
21051 8708
21058 7873
21059 8899
21061 2354
21064 3956
21071 8882
21076 5890
21102 1791
21104 976
21107 7813
21110 5307
21116 1126
21123 3772
21124 4664
21129 9348
21131 5500
21143 5959
21147 1332
21153 2885
21155 1103
21160 3021
21161 5575
21163 1598
21165 294
21169 9092
21170 1484
21180 7872
21181 5195
21190 772
21191 4534
21192 4726
21200 9017
21213 5467
21239 1258
21247 166
21254 6394
21259 2525
21260 6686
21267 5536
21273 7489
21276 5318
21293 4496
21294 5370
21301 2298
21303 6672
21318 7820
21331 1280
21346 4242
21357 767
21359 5436
21365 7485
21388 7037
21391 3760
21396 5108
21405 8979
21412 5704
21413 3996
21414 505
21423 208
21447 7063
21454 2859
21455 8680
21459 6110
21462 5037
21466 6886
21471 3191
21485 7664
21510 5421
21514 7591
21533 3128
21537 836
21551 9380
21552 8337
21555 5371
21566 1995
21574 999
21577 6572
21578 8514
21580 7793
21585 4487
21586 7184
21614 2333
21625 3931
21626 5789
21649 2064
21656 1397
21665 2702
21682 4663
21684 9124
21688 8503
21698 9233
21702 4860
21703 5249
21707 8713
21715 8810
21723 8854
21729 2766
21736 8637
21741 7319
21744 2193
21745 9400
21750 1384
21753 8180
21761 5748
21767 4684
21777 8456
21796 6306
21808 8892
21816 8815
21847 519
21850 5693
21851 1074
21855 6377
21856 1098
21858 343
21865 7685
21867 3117
21871 7699
21874 6116
21877 8879
21878 1075
21880 1029
21882 3195
21883 5614
21888 2918
21893 1042
21894 6289
21902 346
21904 1983
21908 1522
21909 1012
21915 426
21926 1495
21929 3313
21937 8507
21942 3575
21954 84
21959 7901
21969 8316
21984 3054
22004 4243
22005 5252
22012 192
22013 8532
22016 4271
22019 7670
22023 7509
22039 2790
22049 4878
22066 4926
22067 2780
22077 2282
22082 274
22083 7015
22098 4880
22107 7303
22116 1501
22123 2339
22143 4601
22149 1577
22158 9394
22159 8470
22168 5872
22177 8280
22178 7619
22188 8526
22196 4168
22207 9037
22211 9070
22220 3292
22224 8067
22225 6384
22243 3134
22246 5706
22247 7755
22262 6842
22269 4381
22285 8454
22286 3084
22292 8354
22300 4392
22301 4569
22306 8066
22312 7110
22313 7671
22334 3874
22338 5433
22341 2613
22344 7405
22347 6677
22366 2788
22368 3425
22372 2034
22385 5830
22393 7797
22397 8684
22404 4498
22410 3698
22417 5956
22436 8644
22443 8710
22445 8012
22448 7562
22468 7866
22472 8618
22476 2562
22483 5255
22484 9248
22489 3530
22509 1947
22518 9160
22521 7442
22530 5190
22532 9323
22538 4508
22550 1233
22554 8826
22557 874
22561 7600
22565 3411
22566 7688
22573 6838
22581 5739
22585 3451
22592 6594
22593 4088
22596 7547
22601 7905
22605 5680
22608 2899
22614 6694
22616 6073
22627 2052
22646 3060
22650 8060
22656 2575
22658 7090
22674 3175
22676 9077
22679 8529
22685 8153
22700 9386
22716 1375
22742 5686
22749 3457
22767 6290
22790 4939
22800 5799
22801 6113
22804 5457
22809 4805
22811 2407
22828 8830
22833 8944
22834 5047
22837 9129
22838 9345
22839 6018
22841 6794
22844 5518
22849 6004
22862 8241
22885 5082
22886 926
22890 9355
22899 6639
22910 6418
22935 2276
22951 3209
22961 7927
22963 4635
22976 7996
22990 4790
22991 6664
22995 3048
22998 5909
23010 9010
23020 3326
23021 8864
23024 8482
23047 443
23059 8091
23080 4864
23091 8938
23092 1883
23094 9301
23100 8751
23106 7673
23107 6223
23117 5648
23118 4609
23119 4341
23131 5262
23135 5507
23136 6352
23159 4238
23160 3660
23167 8049
23172 9370
23173 6783
23177 6373
23178 5542
23193 8878
23204 7071
23234 4182
23240 3818
23248 1835
23250 4059
23262 7274
23263 6158
23273 3943
23282 9351
23284 3357
23298 332
23299 7153
23306 8986
23318 8330
23330 8641
23364 2847
23366 419
23378 8740
23381 7950
23388 9048
23391 4849
23394 5505
23397 6020
23414 6864
23415 57
23439 3495
23446 3260
23447 4410
23454 9210
23460 8276
23482 437
23502 7134
23511 2653
23533 2843
23554 7214
23570 2529
23573 4977
23579 1133
23581 5685
23583 5392
23594 8260
23599 6009
23601 8715
23606 2327
23609 5537
23612 2324
23615 6701
23629 3086
23643 6125
23648 4328
23658 231
23665 5343
23670 389
23686 6879
23688 3306
23713 8773
23720 7663
23737 3741
23741 1111
23768 4492
23780 6839
23785 323
23794 8034
23796 6292
23798 3773
23806 830
23815 7537
23833 6341
23839 3667
23849 3325
23855 964
23862 5075
23863 1979
23875 6914
23880 4737
23883 3566
23891 1990
23896 2758
23902 243
23908 3971
23910 5741
23915 7281
23919 1805
23922 9277
23923 8947
23945 7686
23956 4523
23960 3164
23980 5035
23986 438
23987 3960
23989 8762
23995 6907
24010 6887
24016 5475
24023 7385
24030 2923
24046 704
24052 3139
24057 5842
24064 4555
24096 5079
24109 5977
24115 2260
24118 958
24136 161
24140 615
24146 2671
24154 5954
24156 5435
24162 6602
24170 1814
24179 7527
24181 7103
24185 8822
24186 6994
24191 6939
24197 556
24205 3854
24209 7400
24214 6027
24235 2094
24243 9191
24257 4863
24260 7393
24276 6215
24278 3546
24295 6906
24296 3372
24301 1124
24305 8220
24324 9097
24338 5139
24341 5394
24354 8579
24359 7249
24360 6868
24363 6847
24374 7963
24376 8629
24412 4808
24413 959
24418 6642
24436 3089
24443 7443
24457 5172
24460 3641
24463 6841
24467 2715
24477 227
24484 5903
24496 681
24502 356
24516 6943
24526 6549
24537 8891
24543 8783
24544 7794
24571 9079
24584 8863
24592 8645
24617 4834
24619 7541
24620 528
24640 3561
24642 5415
24646 2938
24656 6908
24661 9247
24662 2956
24666 3579
24669 9435
24699 8484
24703 9434
24712 9269
24713 3863
24719 5097
24739 6717
24741 9199
24763 5244
24774 1646
24802 8172
24805 679
24806 9226
24810 6867
24812 1354
24815 541
24818 8758
24821 8626
24823 6054
24824 8158
24830 6527
24851 4932
24857 8429
24858 5303
24874 8332
24885 6718
24890 4157
24909 3233
24911 8510
24935 9366
24936 7601
24949 9271
24966 2557
24974 2323
24978 1956
24986 7231
24996 8473
25005 503
25007 2627
25018 3056
25019 8292
25025 1425
25036 3210
25048 8144
25058 5426
25086 5291
25092 1207
25104 5807
25129 9011
25157 4103
25171 1933
25173 5295
25182 4827
25187 5025
25193 4859
25217 3176
25219 5519
25220 8676
25229 2977
25233 6489
25242 3840
25244 5230
25248 8441
25268 3202
25274 5790
25275 1342
25277 8553
25285 7425
25288 3651
25293 6101
25297 1005
25320 3656
25323 1148
25332 2698
25335 2992
25364 3415
25382 4698
25388 4064
25390 8895
25427 2983
25440 5644
25452 5777
25463 2116
25464 7114
25466 4528
25473 2871
25474 3869
25476 6611
25488 8261
25521 5259
25525 5091
25533 6335
25537 4010
25543 8065
25548 7605
25577 8726
25585 6690
25590 7321
25597 5920
25602 1745
25611 8508
25620 4813
25654 2684
25661 4700
25664 6207
25668 3728
25677 7506
25685 3334
25710 7093
25753 3859
25754 1965
25784 1590
25796 8128
25833 7587
25850 2713
25854 3439
25883 3527
25892 9044
25893 1540
25894 4891
25927 2336
25932 3041
25938 7782
25941 6001
25946 4227
25964 6873
25965 1786
26016 6661
26030 5674
26034 6052
26042 5321
26050 4800
26055 6822
26077 8372
26093 3730
26109 6732
26111 7896
26116 4107
26120 8984
26126 6924
26133 8320
26134 1797
26139 9093
26147 7348
26149 2093
26151 8433
26154 9135
26159 6727
26184 8462
26188 2625
26192 6736
26198 4794
26211 7683
26222 1160
26224 1997
26236 4205
26275 8747
26298 9061
26311 7276
26318 6038
26331 7280
26368 9177
26389 6589
26390 8008
26398 6656
26402 3489
26407 7808
26418 1284
26421 9207
26435 8921
26437 7030
26439 8117
26444 3165
26445 7765
26448 7889
26454 2596
26460 7769
26462 1008
26486 2479
26499 9220
26502 6629
26513 1137
26519 7723
26536 1091
26544 7304
26547 6559
26556 8759
26593 6333
26597 8959
26605 4655
26610 7336
26615 2806
26630 6894
26632 9118
26654 285
26678 4300
26688 3890
26705 5966
26708 4239
26721 7821
26729 5002
26735 2764
26744 579
26758 6916
26762 2688
26843 6992
26846 9005
26858 5099
26869 8694
26872 5038
26898 933
26902 8225
26914 880
26922 4930
26934 8495
26942 8479
26974 8418
26975 7983
26976 5470
26987 8083
27007 3481
27011 9369
27017 2697
27025 159
27048 6147
27079 8852
27087 5733
27092 2754
27098 7631
27136 6169
27143 442
27165 8211
27166 7412
27173 2378
27181 7529
27190 6923
27197 1353
27198 4028
27200 3366
27202 1783
27229 8897
27231 7693
27233 1887
27248 3578
27263 7586
27266 1385
27282 492
27290 8675
27304 3211
27308 4627
27310 3600
27329 1908
27341 6958
27342 146
27360 109
27367 5815
27368 5081
27403 4225
27406 5077
27410 7505
27415 2508
27489 6401
27497 8905
27503 6721
27510 9086
27511 3564
27528 349
27530 3984
27548 9377
27604 8465
27631 6074
27647 7914
27651 5151
27653 7432
27664 8068
27669 7924
27681 4237
27701 6234
27710 4539
27729 7383
27742 5298
27784 4787
27787 4158
27803 1388
27807 2265
27815 7374
27824 198
27825 1078
27830 1116
27833 27
27838 9235
27852 3896
27854 3413
27887 3989
27924 6042
27933 4518
27949 9032
27952 6795
27961 4272
27966 8112
27987 9029
28019 7157
28031 5913
28039 9242
28040 7888
28041 890
28068 3402
28091 4629
28093 2707
28108 7524
28118 9140
28119 5613
28140 7252
28182 1421
28189 4801
28195 4897
28230 8167
28264 8179
28267 3522
28272 9042
28285 8965
28286 8540
28292 7705
28335 3945
28342 4014
28346 4723
28408 9154
28414 4783
28421 1862
28463 1580
28482 6744
28510 4170
28519 322
28540 4192
28545 6698
28548 5133
28573 8080
28575 6032
28582 7091
28609 2531
28618 3252
28631 8423
28644 5876
28655 3154
28667 4750
28670 8231
28686 2535
28696 8603
28699 7981
28700 2573
28718 6364
28728 9076
28737 5997
28794 7488
28829 2290
28862 8355
28872 3418
28885 8336
28899 8202
28916 8614
28920 8923
28923 7124
28931 8635
28978 3897
29005 8583
29009 7342
29021 898
29030 4490
29034 7570
29042 9111
29044 6807
29047 1994
29076 775
29096 8377
29109 6148
29133 5117
29209 3717
29222 3284
29247 1035
29248 6556
29250 7422
29258 9388
29261 891
29268 8643
29303 8141
29309 4430
29356 2205
29362 1578
29364 4907
29386 4885
29441 4273
29448 6511
29518 3819
29540 4973
29546 6785
29560 3523
29574 1934
29588 5548
29594 8412
29598 5932
29603 8992
29605 8590
29643 8184
29666 5827
29682 7363
29716 9363
29718 7495
29745 8672
29758 4055
29766 9354
29772 2893
29779 6041
29786 8567
29794 9127
29808 566
29863 1767
29891 5785
29903 8727
29921 2611
29947 9202
29986 26
30014 6172
30099 9266
30125 5322
30149 8870
30194 7437
30210 2916
30255 1592
30261 4179
30264 1977
30305 2028
30326 4479
30399 219
30450 4327
30481 9281
30512 2965
30582 8306
30600 5442
30603 6360
30621 16
30643 8025
30657 8071
30663 5944
30666 7551
30668 5918
30704 8633
30742 7354
30748 224
30750 1515
30758 8070
30762 273
30771 8671
30779 5414
30793 3794
30797 3537
30825 5115
30863 7331
30898 4773
30919 6471
30925 1785
30961 3959
30979 8488
30983 6993
30992 1992
30998 1571
31001 7096
31012 7926
31035 4339
31058 8242
31070 3875
31071 4081
31094 6045
31151 7703
31159 2931
31162 8967
31304 6967
31322 748
31340 2459
31346 7289
31356 3802
31360 6232
31362 1888
31376 6946
31386 532
31407 8379
31415 5448
31432 1980
31435 6133
31464 1771
31510 8359
31537 6348
31548 4127
31558 7655
31589 2569
31593 391
31622 9272
31655 4303
31659 8356
31698 6055
31705 4987
31709 8393
31715 5862
31742 279
31754 4200
31842 1683
31848 5336
31959 7594
31965 8278
31980 5496
32011 6952
32044 6702
32049 9136
32105 4337
32169 7309
32185 6625
32211 114
32233 9163
32234 8631
32283 4980
32337 3548
32348 937
32382 3323
32385 2787
32436 2908
32443 977
32462 1164
32466 9316
32480 9116
32487 9424
32511 2430
32535 8744
32573 9039
32583 8189
32585 3779
32603 3786
32627 8623
32656 4091
32687 7607
32714 3756
32729 4113
32735 7316
32752 6805
32769 7766
32773 8434
32784 2520
32792 4234
32840 7245
32846 1532
32854 1374
32863 5042
32877 6763
32878 3458
32905 7177
32936 7597
32941 1238
32957 4114
33013 5681
33108 5417
33112 9334
33118 8343
33131 2641
33142 7694
33191 71
33209 1176
33235 6622
33295 8405
33299 8148
33353 206
33393 811
33404 7244
33409 7209
33464 55
33468 8648
33472 1161
33487 5334
33497 7980
33533 7170
33594 3122
33607 5277
33617 3340
33635 8345
33669 6482
33683 3133
33697 8598
33699 9423
33715 3942
33733 2559
33748 1376
33759 7453
33832 9325
33854 5720
33923 3803
33965 7132
33990 4317
33997 7635
34024 6428
34029 6293
34130 7780
34170 6973
34193 4485
34218 4628
34220 1334
34247 3285
34266 6173
34269 5324
34271 6072
34281 4178
34293 972
34294 2733
34311 5856
34333 9054
34344 5627
34448 5562
34451 2090
34476 317
34495 4909
34501 4356
34514 8150
34563 4953
34611 3192
34638 5793
34651 3511
34700 8197
34752 6019
34757 3606
34780 8931
34870 8686
34880 9225
34923 9173
35024 1928
35042 6874
35067 4665
35068 1065
35135 8319
35166 6884
35209 8165
35212 1629
35239 2674
35298 4527
35305 7364
35336 7396
35340 4174
35408 7370
35427 9286
35430 8792
35448 6029
35478 6930
35499 4345
35559 6480
35564 6790
35578 6202
35590 3498
35610 4399
35617 7288
35621 4840
35649 4613
35657 7887
35668 6774
35690 9287
35706 3788
35732 8267
35744 6281
35812 8295
35814 8376
35847 9000
35889 7985
35925 6854
35931 7104
35965 9151
35990 194
36023 9319
36134 4261
36177 4424
36187 7008
36190 8909
36191 8565
36225 7006
36257 2477
36365 6358
36490 7945
36570 3423
36595 6316
36613 3322
36668 3184
36670 1199
36729 2982
36733 8440
36750 9128
36765 5984
36771 2162
36830 3448
36840 2150
36881 4338
37025 4898
37080 1275
37237 5111
37245 7326
37253 7141
37285 271
37290 3976
37298 4976
37304 7162
37343 8730
37447 4185
37455 9407
37559 2053
37577 5545
37600 8797
37684 3695
37710 4955
37779 5910
37791 8843
37823 5783
37932 4535
37942 949
37950 4902
37998 7078
38003 5072
38007 248
38050 7284
38055 4136
38061 3915
38218 2446
38292 1382
38305 1882
38316 6786
38319 4900
38346 9335
38351 1128
38412 6519
38416 9290
38461 6597
38510 8678
38562 7493
38589 7560
38623 9429
38665 4714
38813 5731
38865 4079
38879 4365
38898 8123
38930 2027
39055 2855
39069 8284
39189 5838
39197 8902
39246 8546
39253 7652
39274 8920
39355 8597
39399 7997
39423 6802
39437 7672
39515 2472
39621 4903
39631 2799
39685 6112
39728 5069
39861 4901
39950 9342
40026 6636
40036 8127
40191 7976
40236 5313
40262 6571
40336 5921
40358 3844
40477 2615
40492 539
40519 6438
40666 8106
40705 7690
40772 4347
40784 7572
40866 8490
40869 4736
40971 2391
41071 5773
41285 7204
41296 7931
41305 3301
41310 7464
41408 2395
41451 9327
41655 290
41713 6962
41729 7998
41828 4632
41831 7610
41915 7534
42006 1405
42064 2046
42126 1680
42188 5868
42238 5029
42280 7940
42283 8847
42374 5342
42468 3620
42485 3074
42504 7487
42506 6832
42621 8646
42749 8942
42798 4117
43080 4766
43233 3839
43287 1196
43307 3604
43380 9240
43571 638
43703 8385
43991 3058
44162 1343
44251 6796
44268 8164
44405 4042
44527 7384
44570 1617
44874 7876
44926 5412
44948 7736
45013 9121
45119 600
45157 372
45192 7936
45358 9112
45462 7330
45483 8876
45552 764
45628 7285
45786 6300
45816 8916
45888 4009
45933 4822
45934 8274
46133 4941
46204 864
46266 2546
46470 5242
46548 7229
46952 6092
47024 7355
47370 8416
47636 8664
47765 1732
47812 818
47819 4814
47899 8926
48136 315
48300 5998
48312 6312
48356 1060
48549 5563
48613 4385
48734 7020
49455 5478
49566 8085
49584 5055
50051 2830
50074 8558
50157 4818
50162 1142
50352 9012
50560 4160
50580 5509
50811 1557
50927 1723
51373 1913
51510 7081
51560 8729
51610 4440
51652 7556
51928 984
52296 8100
52953 1257
52968 5837
53037 2852
53067 7005
