5824
0 451
1 2866
2 171
3 10
4 1655
5 1061
6 705
7 2648
8 2167
9 2283
10 1073
11 1750
12 1158
13 3089
14 792
15 1342
16 944
17 936
18 4238
19 484
20 2165
21 637
22 1260
23 2135
24 20
25 233
26 1780
27 1319
28 4005
29 1161
30 2295
31 164
32 69
33 2048
34 5149
35 3337
36 826
37 126
38 5772
39 4356
40 990
41 53
42 251
43 3045
44 2202
45 143
46 611
47 1264
48 483
49 1183
50 1764
51 2443
52 1650
53 3708
54 1137
55 3342
56 219
57 2221
58 623
59 5121
60 1507
61 766
62 3293
63 350
64 369
65 3201
66 3300
67 1012
68 385
69 1150
70 431
71 739
72 285
73 1607
74 1205
75 1980
76 1317
77 834
78 1477
79 779
80 2885
81 158
82 3199
83 1673
84 1232
85 812
86 230
87 435
88 441
89 799
90 3094
91 1011
92 982
93 6120
94 2834
95 1149
96 562
97 425
98 449
99 2293
100 672
101 291
102 1953
103 124
104 1694
105 1154
106 1482
107 768
108 632
109 517
110 1531
111 2276
112 947
113 1156
114 139
115 964
116 229
117 1323
118 1256
119 1834
120 2805
121 179
122 1787
123 1898
124 2247
125 1280
126 568
127 849
128 616
129 5060
130 321
131 1660
132 202
133 205
134 3128
135 177
136 1106
137 399
138 1370
139 551
140 2327
141 1692
142 3481
143 6552
144 917
145 65
146 95
147 805
148 353
149 752
150 1668
151 835
152 93
153 1023
154 282
155 1379
156 1372
157 4972
158 1057
159 1079
160 2071
161 108
162 112
163 2479
164 6356
165 885
166 1225
167 420
168 376
169 536
170 17
171 541
172 863
173 631
174 1290
175 35
176 2683
177 583
178 1649
179 221
180 1338
181 2543
182 958
183 1418
184 1710
185 490
186 4049
187 462
188 294
189 2373
190 1138
191 355
192 433
193 312
194 512
195 2691
196 2369
197 717
198 167
199 261
200 1522
201 922
202 3957
203 678
204 1447
205 1123
206 3280
207 173
208 706
209 6482
210 946
211 1148
212 1333
213 1524
214 1769
215 1276
216 2120
217 557
218 227
219 1006
220 96
221 1393
222 1147
223 12
224 689
225 1245
226 522
227 1392
228 1239
229 394
230 6747
231 1145
232 1432
233 12624
234 4153
235 711
236 1019
237 2060
238 540
239 3462
240 1324
241 411
242 2630
243 260
244 2058
245 668
246 85
247 199
248 754
249 895
250 1767
251 673
252 136
253 4455
254 1725
255 398
256 2254
257 98
258 1429
259 3265
260 1845
261 887
262 298
263 1215
264 439
265 1813
266 40
267 3281
268 1305
269 3473
270 655
271 1600
272 3085
273 2230
274 6030
275 523
276 488
277 904
278 4116
279 2104
280 1064
281 2361
282 7600
283 1097
284 822
285 750
286 465
287 1828
288 238
289 578
290 806
291 2558
292 1956
293 2476
294 1050
295 2782
296 3997
297 423
298 1469
299 2567
300 1369
301 2010
302 3932
303 127
304 695
305 405
306 2918
307 4644
308 879
309 3810
310 532
311 262
312 4514
313 1017
314 1821
315 2182
316 2252
317 2894
318 1565
319 2694
320 4220
321 1802
322 50
323 676
324 1272
325 3740
326 131
327 953
328 392
329 914
330 539
331 155
332 7666
333 2402
334 1063
335 218
336 2748
337 1230
338 2568
339 1376
340 1801
341 2024
342 646
343 380
344 1446
345 1851
346 3558
347 447
348 2416
349 3804
350 867
351 418
352 1394
353 2438
354 587
355 987
356 7255
357 603
358 1174
359 989
360 1235
361 144
362 3051
363 406
364 820
365 2077
366 2947
367 2281
368 1733
369 579
370 2306
371 1708
372 2684
373 1671
374 47
375 815
376 1083
377 3153
378 1604
379 937
380 106
381 2939
382 2935
383 2433
384 1627
385 255
386 3254
387 3075
388 662
389 1500
390 1796
391 274
392 416
393 2396
394 3726
395 151
396 2351
397 23
398 1578
399 317
400 524
401 614
402 2573
403 2198
404 933
405 838
406 436
407 2501
408 60
409 250
410 379
411 4033
412 3105
413 303
414 1168
415 830
416 2992
417 4181
418 1395
419 938
420 203
421 2311
422 172
423 280
424 338
425 2806
426 1428
427 628
428 825
429 2064
430 86
431 318
432 266
433 1775
434 3297
435 2770
436 993
437 2646
438 242
439 28
440 3539
441 3080
442 1812
443 1859
444 1490
445 36
446 1751
447 1437
448 5484
449 893
450 169
451 3862
452 3538
453 1199
454 2253
455 2946
456 2777
457 1293
458 2784
459 1204
460 1136
461 1202
462 3361
463 1253
464 270
465 588
466 1583
467 33
468 2285
469 75
470 41
471 509
472 1728
473 189
474 2021
475 742
476 561
477 272
478 5309
479 1784
480 824
481 2740
482 1488
483 508
484 722
485 2138
486 5773
487 636
488 2055
489 836
490 3067
491 486
492 543
493 2614
494 145
495 2187
496 1778
497 1848
498 847
499 906
500 841
501 2710
502 6367
503 4591
504 304
505 1165
506 1470
507 2096
508 116
509 157
510 5748
511 2088
512 567
513 1917
514 77
515 1990
516 347
517 2678
518 7220
519 4483
520 1639
521 2887
522 2660
523 1654
524 1489
525 1661
526 5180
527 716
528 7713
529 1052
530 771
531 142
532 1571
533 1882
534 724
535 575
536 1411
537 3284
538 1908
539 2455
540 5441
541 4119
542 1835
543 3840
544 7206
545 58
546 545
547 787
548 2547
549 1967
550 2893
551 3157
552 88
553 3346
554 3906
555 1311
556 538
557 909
558 2191
559 828
560 354
561 67
562 220
563 45
564 475
565 32
566 38
567 945
568 915
569 1965
570 352
571 2041
572 1875
573 2016
574 340
575 4597
576 72
577 2475
578 44
579 5151
580 4001
581 3751
582 615
583 5207
584 83
585 501
586 2312
587 491
588 980
589 2355
590 3372
591 3102
592 1413
593 3858
594 253
595 4751
596 476
597 663
598 201
599 5842
600 1532
601 2193
602 140
603 2530
604 373
605 1217
606 54
607 271
608 3399
609 633
610 573
611 4734
612 29
613 4106
614 3675
615 1068
616 3521
617 735
618 992
619 212
620 307
621 2884
622 518
623 544
624 2337
625 1098
626 315
627 1597
628 4191
629 1310
630 602
631 692
632 2371
633 2572
634 6369
635 1687
636 2936
637 428
638 1977
639 2319
640 4202
641 2909
642 31
643 718
644 969
645 1367
646 3263
647 1562
648 793
649 14
650 2210
651 452
652 1340
653 1162
654 1797
655 119
656 2478
657 2942
658 2271
659 1528
660 2155
661 1496
662 2176
663 1179
664 79
665 461
666 252
667 1934
668 390
669 1240
670 4555
671 247
672 1295
673 6772
674 865
675 2617
676 1226
677 300
678 6839
679 5628
680 3065
681 4369
682 4150
683 10354
684 1381
685 1210
686 4397
687 535
688 1455
689 652
690 7179
691 565
692 2594
693 348
694 1941
695 1988
696 2579
697 2440
698 1592
699 2117
700 3009
701 624
702 1157
703 2286
704 732
705 1159
706 1752
707 302
708 1472
709 3444
710 1631
711 2975
712 4129
713 194
714 4089
715 3377
716 605
717 10600
718 7741
719 858
720 1025
721 1559
722 181
723 1095
724 2129
725 2625
726 2228
727 1208
728 2769
729 2335
730 659
731 697
732 1200
733 128
734 1402
735 482
736 2485
737 1336
738 2085
739 2671
740 471
741 324
742 414
743 740
744 429
745 115
746 2589
747 3941
748 1657
749 957
750 27
751 1498
752 1072
753 296
754 1675
755 4823
756 1284
757 2920
758 1008
759 2867
760 6738
761 2569
762 1740
763 2341
764 1847
765 2279
766 1034
767 519
768 874
769 699
770 3446
771 402
772 4408
773 1387
774 897
775 685
776 908
777 1298
778 2075
779 2926
780 5036
781 1574
782 3795
783 589
784 2458
785 1113
786 2321
787 4955
788 2868
789 163
790 334
791 951
792 5968
793 2322
794 2690
795 1582
796 4
797 2497
798 2456
799 1044
800 3264
801 1041
802 2732
803 21
804 223
805 329
806 3422
807 1407
808 283
809 52
810 344
811 2121
812 966
813 1863
814 1105
815 2207
816 4997
817 1738
818 1474
819 30
820 2692
821 1320
822 983
823 925
824 3405
825 2237
826 1952
827 618
828 3421
829 1304
830 2158
831 784
832 1056
833 1127
834 995
835 6115
836 693
837 1045
838 783
839 1303
840 1375
841 1363
842 1792
843 216
844 1809
845 4216
846 648
847 492
848 818
849 2657
850 1684
851 2243
852 2649
853 4110
854 1866
855 150
856 1027
857 2360
858 1520
859 3062
860 365
861 2385
862 1804
863 8233
864 5091
865 466
866 797
867 310
868 4612
869 2242
870 4130
871 3468
872 2042
873 877
874 3419
875 2613
876 884
877 727
878 2616
879 2574
880 25
881 698
882 1486
883 694
884 188
885 1416
886 1176
887 1070
888 463
889 215
890 6268
891 453
892 943
893 9083
894 2299
895 1590
896 2464
897 214
898 985
899 4319
900 2845
901 1461
902 700
903 1997
904 1404
905 3501
906 4993
907 6358
908 4526
909 3057
910 1603
911 395
912 1399
913 2809
914 4541
915 5488
916 566
917 1318
918 2454
919 237
920 4074
921 758
922 257
923 1730
924 82
925 3828
926 4311
927 4267
928 2006
929 674
930 2723
931 971
932 6279
933 469
934 3025
935 2448
936 3562
937 6979
938 111
939 1864
940 4352
941 1512
942 1794
943 2028
944 2393
945 1573
946 7
947 1250
948 1596
949 7982
950 61
951 24
952 627
953 3164
954 2036
955 6574
956 4697
957 3220
958 1536
959 651
960 511
961 1949
962 4755
963 3768
964 910
965 1255
966 1913
967 5523
968 1954
969 4148
970 4702
971 3235
972 1963
973 1076
974 4801
975 6630
976 305
977 2513
978 191
979 2586
980 268
981 273
982 153
983 1085
984 2792
985 1177
986 122
987 3013
988 325
989 1374
990 1916
991 954
992 5544
993 690
994 3474
995 1077
996 1508
997 13
998 1453
999 1043
1000 4317
1001 2040
1002 961
1003 3381
1004 802
1005 2047
1006 2933
1007 4358
1008 1553
1009 1010
1010 89
1011 1542
1012 57
1013 832
1014 2227
1015 4215
1016 5181
1017 18
1018 2046
1019 4365
1020 1471
1021 459
1022 1126
1023 919
1024 882
1025 367
1026 1296
1027 1880
1028 1685
1029 4763
1030 3274
1031 3698
1032 213
1033 3415
1034 963
1035 3331
1036 384
1037 1125
1038 2899
1039 4937
1040 2794
1041 3024
1042 1993
1043 97
1044 2972
1045 553
1046 1141
1047 715
1048 2241
1049 1322
1050 1074
1051 1491
1052 1940
1053 5243
1054 5349
1055 1265
1056 1188
1057 104
1058 351
1059 480
1060 2852
1061 4592
1062 2835
1063 2773
1064 4111
1065 2212
1066 105
1067 3148
1068 7927
1069 1300
1070 1551
1071 1763
1072 767
1073 1169
1074 389
1075 3977
1076 870
1077 2239
1078 5176
1079 2362
1080 639
1081 246
1082 357
1083 4037
1084 192
1085 1846
1086 5070
1087 263
1088 3613
1089 916
1090 2094
1091 1580
1092 1466
1093 1111
1094 1919
1095 326
1096 656
1097 4414
1098 1539
1099 110
1100 160
1101 2309
1102 931
1103 3904
1104 178
1105 1981
1106 654
1107 2200
1108 2977
1109 1948
1110 132
1111 2110
1112 1410
1113 1964
1114 1224
1115 62
1116 2563
1117 510
1118 996
1119 2413
1120 3324
1121 3314
1122 875
1123 5024
1124 1712
1125 3304
1126 2839
1127 51
1128 3061
1129 6210
1130 3001
1131 381
1132 42
1133 2831
1134 1368
1135 2347
1136 1640
1137 599
1138 11365
1139 1950
1140 2593
1141 9725
1142 2611
1143 759
1144 1004
1145 2494
1146 3286
1147 5295
1148 3091
1149 960
1150 328
1151 757
1152 372
1153 939
1154 9562
1155 862
1156 3758
1157 1103
1158 3401
1159 737
1160 903
1161 1135
1162 6751
1163 1414
1164 337
1165 8409
1166 709
1167 4572
1168 2693
1169 3640
1170 159
1171 2054
1172 4302
1173 2507
1174 1683
1175 3658
1176 2526
1177 6314
1178 1509
1179 1259
1180 2550
1181 1757
1182 808
1183 3568
1184 677
1185 1277
1186 2303
1187 883
1188 281
1189 1945
1190 994
1191 1537
1192 339
1193 5010
1194 1975
1195 7615
1196 3132
1197 948
1198 4508
1199 967
1200 2149
1201 388
1202 4925
1203 1525
1204 5276
1205 190
1206 1729
1207 293
1208 1776
1209 3591
1210 2314
1211 2074
1212 26
1213 1912
1214 714
1215 4095
1216 769
1217 109
1218 617
1219 854
1220 460
1221 3052
1222 968
1223 1647
1224 5972
1225 3618
1226 197
1227 733
1228 286
1229 5664
1230 4244
1231 4652
1232 619
1233 554
1234 3436
1235 1013
1236 2370
1237 1614
1238 5169
1239 3681
1240 776
1241 1790
1242 2928
1243 3245
1244 1774
1245 16
1246 814
1247 2168
1248 4501
1249 3021
1250 2827
1251 3299
1252 120
1253 872
1254 2414
1255 1274
1256 133
1257 269
1258 2591
1259 972
1260 3602
1261 1756
1262 1091
1263 11
1264 6774
1265 6504
1266 7310
1267 3306
1268 2216
1269 427
1270 734
1271 3411
1272 1722
1273 1104
1274 330
1275 228
1276 1153
1277 166
1278 2421
1279 1701
1280 3578
1281 4024
1282 3886
1283 2420
1284 224
1285 46
1286 5006
1287 1947
1288 556
1289 748
1290 2178
1291 3836
1292 773
1293 1263
1294 4221
1295 741
1296 94
1297 547
1298 2775
1299 2452
1300 2519
1301 1885
1302 1957
1303 90
1304 2004
1305 843
1306 1798
1307 5512
1308 3121
1309 180
1310 1540
1311 1438
1312 308
1313 1761
1314 152
1315 570
1316 456
1317 1693
1318 3715
1319 2874
1320 175
1321 2017
1322 781
1323 4797
1324 1054
1325 4463
1326 581
1327 2250
1328 3356
1329 2956
1330 292
1331 1238
1332 1234
1333 2348
1334 241
1335 3092
1336 929
1337 630
1338 375
1339 1518
1340 196
1341 940
1342 2290
1343 207
1344 920
1345 675
1346 725
1347 1648
1348 208
1349 141
1350 555
1351 5204
1352 6087
1353 231
1354 671
1355 979
1356 1901
1357 210
1358 2222
1359 1016
1360 1870
1361 525
1362 1439
1363 1134
1364 1698
1365 359
1366 7450
1367 3267
1368 1409
1369 222
1370 43
1371 1642
1372 4450
1373 827
1374 3856
1375 4406
1376 165
1377 5462
1378 681
1379 498
1380 2275
1381 2000
1382 701
1383 1749
1384 3143
1385 1511
1386 4177
1387 2419
1388 6559
1389 1166
1390 1144
1391 9416
1392 1837
1393 2015
1394 4225
1395 290
1396 3550
1397 1800
1398 2842
1399 8537
1400 5414
1401 5769
1402 845
1403 4271
1404 161
1405 3416
1406 3202
1407 1291
1408 2056
1409 374
1410 683
1411 2754
1412 2605
1413 4253
1414 5632
1415 861
1416 3104
1417 1251
1418 2524
1419 258
1420 2453
1421 1178
1422 1829
1423 4044
1424 1087
1425 3186
1426 1289
1427 894
1428 923
1429 481
1430 1420
1431 287
1432 2183
1433 786
1434 7161
1435 1808
1436 821
1437 3767
1438 2144
1439 66
1440 1220
1441 2196
1442 3339
1443 743
1444 4749
1445 2338
1446 1380
1447 1096
1448 2673
1449 2587
1450 1581
1451 2650
1452 4336
1453 3443
1454 1779
1455 2963
1456 12877
1457 2106
1458 1401
1459 3130
1460 299
1461 4573
1462 5377
1463 3329
1464 1222
1465 1966
1466 3171
1467 2886
1468 2793
1469 1770
1470 5198
1471 2320
1472 3031
1473 1275
1474 803
1475 3384
1476 4674
1477 1591
1478 2552
1479 4436
1480 3060
1481 254
1482 1400
1483 666
1484 6659
1485 1686
1486 3853
1487 243
1488 974
1489 2192
1490 264
1491 1628
1492 3097
1493 1538
1494 901
1495 1058
1496 2813
1497 5348
1498 342
1499 2679
1500 3125
1501 4470
1502 5274
1503 438
1504 1891
1505 2487
1506 1467
1507 1308
1508 1397
1509 2359
1510 3442
1511 1460
1512 1309
1513 5093
1514 4503
1515 2854
1516 1791
1517 2966
1518 2039
1519 1086
1520 5866
1521 4604
1522 2317
1523 1329
1524 1071
1525 446
1526 6670
1527 1615
1528 4304
1529 9761
1530 853
1531 912
1532 1037
1533 73
1534 1327
1535 1625
1536 751
1537 2508
1538 4211
1539 1049
1540 2008
1541 5553
1542 527
1543 2817
1544 5194
1545 2011
1546 730
1547 1464
1548 3645
1549 1390
1550 4018
1551 3700
1552 1635
1553 1116
1554 3305
1555 1430
1556 2026
1557 4686
1558 2430
1559 8221
1560 2289
1561 665
1562 4264
1563 114
1564 2580
1565 1492
1566 2687
1567 1803
1568 2278
1569 5960
1570 464
1571 4081
1572 3336
1573 2541
1574 2151
1575 626
1576 6655
1577 3801
1578 2745
1579 1109
1580 1544
1581 2699
1582 542
1583 2906
1584 2143
1585 1570
1586 1201
1587 12479
1588 1422
1589 2328
1590 6560
1591 1762
1592 1487
1593 2265
1594 902
1595 2067
1596 3096
1597 1241
1598 935
1599 331
1600 5291
1601 930
1602 235
1603 1838
1604 1350
1605 2091
1606 3572
1607 1003
1608 103
1609 785
1610 3643
1611 2426
1612 422
1613 3777
1614 2472
1615 4635
1616 107
1617 4484
1618 2101
1619 1365
1620 2379
1621 1247
1622 3513
1623 1743
1624 976
1625 2175
1626 5148
1627 2134
1628 593
1629 4060
1630 3076
1631 3593
1632 360
1633 2872
1634 2229
1635 552
1636 3623
1637 1445
1638 1214
1639 728
1640 3460
1641 997
1642 186
1643 8
1644 3940
1645 2749
1646 3170
1647 2736
1648 684
1649 913
1650 1594
1651 2706
1652 3262
1653 2238
1654 855
1655 3139
1656 1534
1657 2086
1658 1266
1659 1706
1660 3901
1661 408
1662 2468
1663 1286
1664 2958
1665 5853
1666 1299
1667 4565
1668 4517
1669 3615
1670 232
1671 4628
1672 2119
1673 2491
1674 1833
1675 9722
1676 3551
1677 5827
1678 6182
1679 1630
1680 4296
1681 249
1682 1629
1683 1001
1684 1108
1685 2969
1686 1110
1687 5158
1688 485
1689 1783
1690 607
1691 3819
1692 366
1693 1849
1694 708
1695 866
1696 4245
1697 3320
1698 594
1699 2325
1700 5964
1701 4721
1702 2709
1703 2964
1704 2607
1705 6877
1706 1747
1707 635
1708 871
1709 1622
1710 3518
1711 4432
1712 1548
1713 6187
1714 5241
1715 3779
1716 343
1717 1246
1718 6506
1719 1576
1720 2034
1721 4919
1722 4421
1723 2833
1724 1521
1725 2912
1726 2689
1727 2495
1728 2079
1729 2354
1730 2377
1731 1652
1732 4577
1733 2503
1734 3238
1735 1089
1736 2838
1737 710
1738 842
1739 2515
1740 2277
1741 2721
1742 502
1743 1805
1744 1624
1745 1909
1746 5421
1747 2602
1748 5092
1749 1326
1750 4052
1751 417
1752 6990
1753 1382
1754 2350
1755 1830
1756 606
1757 5215
1758 2152
1759 407
1760 421
1761 2002
1762 3211
1763 4940
1764 1546
1765 1345
1766 1039
1767 1658
1768 4824
1769 457
1770 1332
1771 2162
1772 3408
1773 2471
1774 3161
1775 2273
1776 1236
1777 3131
1778 844
1779 4808
1780 3923
1781 4008
1782 2240
1783 2746
1784 515
1785 860
1786 3252
1787 5535
1788 267
1789 2092
1790 1485
1791 986
1792 432
1793 1588
1794 123
1795 563
1796 2331
1797 1456
1798 1114
1799 1211
1800 1433
1801 2439
1802 2345
1803 2469
1804 4998
1805 4020
1806 234
1807 1065
1808 495
1809 4632
1810 970
1811 1334
1812 2019
1813 621
1814 1992
1815 2012
1816 899
1817 934
1818 2974
1819 1888
1820 4198
1821 4638
1822 1007
1823 1140
1824 4448
1825 3950
1826 2531
1827 1748
1828 3793
1829 1408
1830 2482
1831 2807
1832 1018
1833 434
1834 504
1835 1499
1836 6950
1837 2720
1838 2818
1839 34
1840 279
1841 5567
1842 1377
1843 3720
1844 7976
1845 2166
1846 400
1847 1242
1848 4243
1849 2372
1850 1189
1851 6462
1852 549
1853 5604
1854 276
1855 1955
1856 5596
1857 642
1858 5674
1859 2380
1860 6892
1861 80
1862 7200
1863 1198
1864 1371
1865 3295
1866 1030
1867 2137
1868 3491
1869 6128
1870 3330
1871 183
1872 2429
1873 1727
1874 3279
1875 2374
1876 2466
1877 121
1878 1697
1879 3430
1880 1450
1881 3730
1882 4401
1883 4637
1884 2669
1885 778
1886 880
1887 2717
1888 1082
1889 625
1890 1164
1891 1530
1892 1146
1893 4194
1894 595
1895 2999
1896 5345
1897 2534
1898 3926
1899 2052
1900 477
1901 358
1902 1244
1903 467
1904 2774
1905 1231
1906 795
1907 7905
1908 4353
1909 1258
1910 3439
1911 3659
1912 3230
1913 1699
1914 1676
1915 520
1916 3884
1917 2542
1918 3122
1919 71
1920 1902
1921 1088
1922 3666
1923 1826
1924 39
1925 1577
1926 1294
1927 5577
1928 1872
1929 2789
1930 81
1931 1516
1932 3038
1933 798
1934 1279
1935 1078
1936 2266
1937 1479
1938 2575
1939 6903
1940 1160
1941 1094
1942 3560
1943 8184
1944 1572
1945 5324
1946 4609
1947 335
1948 4627
1949 7031
1950 4515
1951 2702
1952 15
1953 314
1954 3680
1955 1785
1956 719
1957 3435
1958 848
1959 7834
1960 2662
1961 1739
1962 8393
1963 3022
1964 2883
1965 3115
1966 239
1967 3882
1968 962
1969 3642
1970 6543
1971 55
1972 977
1973 1839
1974 6033
1975 3829
1976 521
1977 2310
1978 1735
1979 2205
1980 2708
1981 4582
1982 8042
1983 1046
1984 443
1985 3136
1986 5647
1987 4000
1988 1960
1989 3966
1990 2836
1991 1857
1992 720
1993 4488
1994 6872
1995 756
1996 2127
1997 209
1998 2888
1999 3799
2000 3002
2001 981
2002 3692
2003 2390
2004 1664
2005 2090
2006 3090
2007 3077
2008 682
2009 837
2010 4127
2011 3811
2012 1356
2013 3800
2014 763
2015 2680
2016 2272
2017 3822
2018 2103
2019 762
2020 3841
2021 1994
2022 3545
2023 3226
2024 2528
2025 3287
2026 2460
2027 2962
2028 3288
2029 2987
2030 1213
2031 2142
2032 5682
2033 2378
2034 7153
2035 4648
2036 2291
2037 1361
2038 437
2039 397
2040 2365
2041 378
2042 1081
2043 4467
2044 78
2045 2913
2046 284
2047 1473
2048 4331
2049 1893
2050 2388
2051 2315
2052 3755
2053 4145
2054 1119
2055 6046
2056 2267
2057 4795
2058 2821
2059 170
2060 4800
2061 1633
2062 59
2063 474
2064 4235
2065 1726
2066 2098
2067 3694
2068 1688
2069 801
2070 764
2071 592
2072 4151
2073 1302
2074 2308
2075 3355
2076 2160
2077 2895
2078 1535
2079 3947
2080 8904
2081 3453
2082 2871
2083 3991
2084 2727
2085 3438
2086 3341
2087 859
2088 2847
2089 1623
2090 582
2091 1405
2092 5120
2093 2218
2094 1441
2095 1758
2096 22
2097 1171
2098 2427
2099 5205
2100 2005
2101 4701
2102 1533
2103 2447
2104 1193
2105 277
2106 2730
2107 11352
2108 4333
2109 1273
2110 1605
2111 5593
2112 1451
2113 236
2114 134
2115 4833
2116 4218
2117 7561
2118 2978
2119 1347
2120 1465
2121 1526
2122 2009
2123 8828
2124 3956
2125 4140
2126 1713
2127 791
2128 1996
2129 8517
2130 9750
2131 3234
2132 1720
2133 2169
2134 1454
2135 3289
2136 1554
2137 3244
2138 3928
2139 2905
2140 2897
2141 2533
2142 6985
2143 2072
2144 4624
2145 2417
2146 3093
2147 1618
2148 2194
2149 1216
2150 2990
2151 3046
2152 2788
2153 911
2154 3561
2155 3041
2156 2765
2157 4840
2158 99
2159 2446
2160 1549
2161 1970
2162 3582
2163 5356
2164 833
2165 2053
2166 1434
2167 4066
2168 1931
2169 4048
2170 5435
2171 4339
2172 1853
2173 761
2174 7419
2175 2032
2176 138
2177 2989
2178 3544
2179 2628
2180 4188
2181 4670
2182 430
2183 1566
2184 217
2185 5353
2186 4704
2187 7569
2188 448
2189 2148
2190 1223
2191 289
2192 275
2193 206
2194 3898
2195 2861
2196 2716
2197 1842
2198 1000
2199 5164
2200 4967
2201 5490
2202 100
2203 1503
2204 11564
2205 3437
2206 1818
2207 1678
2208 2597
2209 2731
2210 3323
2211 688
2212 1131
2213 3233
2214 1634
2215 2619
2216 2399
2217 3589
2218 2180
2219 2618
2220 4354
2221 3410
2222 5585
2223 1102
2224 2742
2225 204
2226 2734
2227 5835
2228 396
2229 868
2230 1028
2231 1033
2232 3510
2233 4494
2234 1589
2235 5045
2236 2376
2237 3790
2238 5977
2239 3732
2240 1254
2241 5673
2242 2020
2243 3870
2244 669
2245 2467
2246 4653
2247 70
2248 19
2249 4347
2250 9766
2251 4349
2252 9144
2253 3716
2254 3179
2255 2323
2256 5062
2257 4550
2258 3600
2259 2626
2260 1132
2261 2496
2262 1436
2263 1920
2264 2459
2265 2760
2266 2014
2267 3806
2268 5352
2269 2262
2270 1662
2271 162
2272 3595
2273 6893
2274 726
2275 3918
2276 3557
2277 2904
2278 1922
2279 905
2280 156
2281 9018
2282 2097
2283 2606
2284 1142
2285 3467
2286 4410
2287 4964
2288 4239
2289 1042
2290 4469
2291 1766
2292 311
2293 952
2294 2561
2295 1696
2296 149
2297 2368
2298 2256
2299 10273
2300 1637
2301 612
2302 1346
2303 4464
2304 1514
2305 2070
2306 2930
2307 529
2308 3632
2309 1552
2310 3838
2311 11654
2312 1773
2313 2603
2314 7747
2315 1781
2316 3718
2317 4237
2318 2188
2319 5389
2320 9310
2321 2383
2322 1810
2323 4417
2324 1568
2325 2539
2326 2915
2327 2976
2328 782
2329 3053
2330 5547
2331 5467
2332 3332
2333 3026
2334 8775
2335 5731
2336 3566
2337 2940
2338 2105
2339 2984
2340 851
2341 2654
2342 6290
2343 1112
2344 4610
2345 1744
2346 5011
2347 6483
2348 1442
2349 6337
2350 3903
2351 1608
2352 2590
2353 1843
2354 2623
2355 3791
2356 3155
2357 3679
2358 6211
2359 3464
2360 3952
2361 7278
2362 3368
2363 2890
2364 660
2365 6728
2366 3454
2367 928
2368 2860
2369 1807
2370 526
2371 3425
2372 4631
2373 1502
2374 2173
2375 6604
2376 1819
2377 2280
2378 1478
2379 1926
2380 3533
2381 2711
2382 2922
2383 4182
2384 4388
2385 8570
2386 3586
2387 5073
2388 6418
2389 1452
2390 1969
2391 1695
2392 4370
2393 2089
2394 3317
2395 2584
2396 3434
2397 2018
2398 8640
2399 4427
2400 5859
2401 9160
2402 1911
2403 2474
2404 1228
2405 6668
2406 313
2407 516
2408 1252
2409 3792
2410 1840
2411 1306
2412 6532
2413 2938
2414 6776
2415 5354
2416 2251
2417 2891
2418 6357
2419 5996
2420 2330
2421 3017
2422 3406
2423 817
2424 3064
2425 154
2426 3773
2427 2483
2428 265
2429 3617
2430 12422
2431 1031
2432 1543
2433 1483
2434 8372
2435 4744
2436 1233
2437 1564
2438 3374
2439 4077
2440 2211
2441 2735
2442 4617
2443 2900
2444 4404
2445 1782
2446 4266
2447 3942
2448 137
2449 3145
2450 10773
2451 5760
2452 2741
2453 679
2454 598
2455 4948
2456 2108
2457 744
2458 3712
2459 634
2460 2738
2461 3231
2462 3398
2463 7391
2464 3000
2465 5326
2466 3007
2467 195
2468 8410
2469 387
2470 3029
2471 1170
2472 1419
2473 182
2474 3571
2475 2588
2476 2881
2477 3839
2478 1587
2479 1067
2480 198
2481 2941
2482 2911
2483 950
2484 2848
2485 1423
2486 1075
2487 377
2488 3112
2489 2174
2490 4626
2491 4487
2492 7542
2493 4518
2494 4589
2495 306
2496 5347
2497 2409
2498 2719
2499 3111
2500 7553
2501 323
2502 1621
2503 1925
2504 7349
2505 1331
2506 1055
2507 6973
2508 1282
2509 4847
2510 3217
2511 1887
2512 3228
2513 7208
2514 6539
2515 468
2516 1670
2517 4658
2518 1669
2519 3440
2520 3403
2521 3116
2522 1448
2523 2704
2524 6895
2525 1307
2526 3388
2527 1541
2528 4807
2529 410
2530 1877
2531 3160
2532 6489
2533 3876
2534 3567
2535 1991
2536 3604
2537 9412
2538 7801
2539 3624
2540 2516
2541 1575
2542 256
2543 1700
2544 4786
2545 890
2546 1547
2547 1731
2548 4343
2549 4058
2550 852
2551 2633
2552 959
2553 5071
2554 2486
2555 1270
2556 2785
2557 2043
2558 3783
2559 1093
2560 3192
2561 2994
2562 5357
2563 537
2564 2153
2565 5898
2566 1267
2567 667
2568 2195
2569 3072
2570 5745
2571 7085
2572 580
2573 1737
2574 102
2575 2215
2576 604
2577 10125
2578 1598
2579 6437
2580 2661
2581 1386
2582 1271
2583 4634
2584 1268
2585 3185
2586 2401
2587 101
2588 713
2589 9434
2590 4030
2591 2225
2592 650
2593 686
2594 1827
2595 1005
2596 2197
2597 569
2598 3753
2599 1425
2600 3805
2601 4460
2602 7653
2603 4669
2604 2435
2605 2145
2606 2812
2607 942
2608 1206
2609 2638
2610 1035
2611 1297
2612 1983
2613 322
2614 4713
2615 3277
2616 409
2617 9747
2618 1855
2619 8374
2620 3823
2621 4491
2622 3043
2623 4829
2624 2235
2625 3020
2626 4361
2627 5097
2628 1907
2629 1933
2630 6076
2631 445
2632 2802
2633 478
2634 780
2635 8137
2636 2164
2637 3140
2638 813
2639 2843
2640 2929
2641 1858
2642 1946
2643 4435
2644 6310
2645 8229
2646 2301
2647 4139
2648 1860
2649 2150
2650 4355
2651 5718
2652 586
2653 2356
2654 4954
2655 341
2656 1841
2657 5616
2658 661
2659 3396
2660 3669
2661 4584
2662 4912
2663 2025
2664 2217
2665 1506
2666 2865
2667 1788
2668 4953
2669 4065
2670 3083
2671 3167
2672 2307
2673 1389
2674 1440
2675 4228
2676 1269
2677 4695
2678 2465
2679 3248
2680 6323
2681 3722
2682 6270
2683 2244
2684 5650
2685 4625
2686 5253
2687 3857
2688 4871
2689 4459
2690 393
2691 1702
2692 3502
2693 723
2694 1476
2695 2123
2696 2917
2697 2480
2698 1869
2699 4046
2700 1560
2701 641
2702 5468
2703 9827
2704 4878
2705 3321
2706 11199
2707 3489
2708 2298
2709 5368
2710 4629
2711 4899
2712 2672
2713 2159
2714 2953
2715 2783
2716 3917
2717 7408
2718 92
2719 2384
2720 5145
2721 5935
2722 3343
2723 1951
2724 76
2725 2712
2726 3255
2727 4128
2728 3786
2729 1388
2730 6515
2731 2095
2732 4362
2733 3542
2734 770
2735 4911
2736 2767
2737 613
2738 458
2739 3382
2740 391
2741 2781
2742 4519
2743 3735
2744 1167
2745 640
2746 2718
2747 8001
2748 5514
2749 3086
2750 1527
2751 2927
2752 3985
2753 3313
2754 2125
2755 2758
2756 8533
2757 5476
2758 5351
2759 6091
2760 10803
2761 2147
2762 4546
2763 2037
2764 1643
2765 174
2766 2892
2767 1117
2768 2779
2769 117
2770 3003
2771 2944
2772 6591
2773 1038
2774 4061
2775 146
2776 13985
2777 4350
2778 4423
2779 3745
2780 2925
2781 6699
2782 1978
2783 1724
2784 5627
2785 2066
2786 4112
2787 7382
2788 3271
2789 4263
2790 3218
2791 2437
2792 591
2793 4441
2794 2688
2795 118
2796 7136
2797 2381
2798 5005
2799 590
2800 1101
2801 3222
2802 3124
2803 2130
2804 4013
2805 297
2806 3227
2807 4316
2808 1854
2809 2778
2810 3278
2811 3781
2812 499
2813 1721
2814 1998
2815 2181
2816 3657
2817 622
2818 3937
2819 2751
2820 2220
2821 1915
2822 5051
2823 1182
2824 5244
2825 7567
2826 7519
2827 2713
2828 3229
2829 3147
2830 775
2831 3428
2832 3677
2833 7842
2834 2658
2835 601
2836 2896
2837 3981
2838 2570
2839 3682
2840 2505
2841 371
2842 2566
2843 5118
2844 2300
2845 6375
2846 1795
2847 2100
2848 7282
2849 3688
2850 1938
2851 8377
2852 2349
2853 1292
2854 2856
2855 2796
2856 4265
2857 6848
2858 2791
2859 1759
2860 3738
2861 3641
2862 3005
2863 1360
2864 6460
2865 1221
2866 1717
2867 4284
2868 1709
2869 2400
2870 5437
2871 4087
2872 6786
2873 1716
2874 988
2875 564
2876 1930
2877 3203
2878 3063
2879 2382
2880 5136
2881 4712
2882 629
2883 3868
2884 1139
2885 2124
2886 7556
2887 3247
2888 5983
2889 3477
2890 413
2891 1090
2892 4934
2893 130
2894 857
2895 731
2896 4240
2897 404
2898 4080
2899 1734
2900 4163
2901 2676
2902 4931
2903 2363
2904 5247
2905 5231
2906 4125
2907 4314
2908 2477
2909 1995
2910 4233
2911 3934
2912 1704
2913 3914
2914 3404
2915 881
2916 2044
2917 2364
2918 3459
2919 1606
2920 3240
2921 3035
2922 645
2923 571
2924 382
2925 702
2926 4402
2927 4047
2928 2828
2929 424
2930 184
2931 6737
2932 7246
2933 3878
2934 3380
2935 6713
2936 6387
2937 3866
2938 5655
2939 4174
2940 4846
2941 2082
2942 5186
2943 2771
2944 6394
2945 2985
2946 3581
2947 514
2948 7188
2949 2457
2950 187
2951 6112
2952 1185
2953 3995
2954 2128
2955 3944
2956 3195
2957 2982
2958 6328
2959 3574
2960 2405
2961 7475
2962 5184
2963 5969
2964 1227
2965 3527
2966 4189
2967 2631
2968 1556
2969 3371
2970 5761
2971 4950
2972 4093
2973 3414
2974 1936
2975 2634
2976 3769
2977 2814
2978 1194
2979 2624
2980 3780
2981 998
2982 670
2983 5302
2984 620
2985 8382
2986 4827
2987 1896
2988 2441
2989 5911
2990 3138
2991 1906
2992 5322
2993 3458
2994 846
2995 6114
2996 530
2997 1889
2998 2743
2999 3537
3000 991
3001 4700
3002 4368
3003 1871
3004 13238
3005 4340
3006 4770
3007 3475
3008 1672
3009 6396
3010 1257
3011 3628
3012 442
3013 3990
3014 7667
3015 1760
3016 1884
3017 5373
3018 5053
3019 878
3020 810
3021 5061
3022 3520
3023 3014
3024 789
3025 1879
3026 225
3027 3429
3028 4654
3029 4232
3030 999
3031 2163
3032 7362
3033 3946
3034 3710
3035 5009
3036 2640
3037 301
3038 5007
3039 550
3040 0
3041 3976
3042 1459
3043 736
3044 574
3045 2655
3046 5343
3047 746
3048 1836
3049 2394
3050 4031
3051 3763
3052 5848
3053 2470
3054 2081
3055 9924
3056 4277
3057 864
3058 3463
3059 5530
3060 5582
3061 5003
3062 3386
3063 4726
3064 8532
3065 1396
3066 1435
3067 1895
3068 888
3069 3219
3070 3251
3071 2595
3072 3193
3073 5559
3074 3598
3075 2729
3076 4787
3077 1923
3078 3457
3079 819
3080 1051
3081 7100
3082 1355
3083 4938
3084 3239
3085 4187
3086 9
3087 5683
3088 1636
3089 2799
3090 3088
3091 7180
3092 1344
3093 3451
3094 3565
3095 653
3096 1674
3097 644
3098 4026
3099 5944
3100 3733
3101 3634
3102 8561
3103 4332
3104 560
3105 3340
3106 1352
3107 559
3108 2753
3109 1121
3110 796
3111 6121
3112 6382
3113 4909
3114 9120
3115 707
3116 10842
3117 4149
3118 1979
3119 1924
3120 772
3121 800
3122 3370
3123 5220
3124 1316
3125 6068
3126 2057
3127 2924
3128 7201
3129 3525
3130 8019
3131 7069
3132 809
3133 4741
3134 2357
3135 3191
3136 2761
3137 2139
3138 2715
3139 6859
3140 840
3141 2790
3142 2224
3143 2757
3144 3256
3145 907
3146 3259
3147 6399
3148 680
3149 1865
3150 2186
3151 3667
3152 2157
3153 362
3154 1569
3155 1212
3156 4642
3157 2062
3158 4057
3159 1249
3160 687
3161 7020
3162 4056
3163 7756
3164 2204
3165 6836
3166 2226
3167 4113
3168 3126
3169 5177
3170 5246
3171 3103
3172 1457
3173 2642
3174 7027
3175 4581
3176 1155
3177 5651
3178 4802
3179 4480
3180 1218
3181 4571
3182 5168
3183 4579
3184 892
3185 2703
3186 5230
3187 9167
3188 3875
3189 2061
3190 3433
3191 7347
3192 4915
3193 5379
3194 2577
3195 2397
3196 248
3197 2571
3198 5285
3199 4471
3200 3776
3201 3048
3202 3728
3203 3418
3204 3743
3205 528
3206 576
3207 5915
3208 6415
3209 4135
3210 4864
3211 1844
3212 4164
3213 5258
3214 5924
3215 6780
3216 1069
3217 1391
3218 5607
3219 3294
3220 5870
3221 1667
3222 5311
3223 1493
3224 4273
3225 1777
3226 2488
3227 1406
3228 4072
3229 1412
3230 2329
3231 2270
3232 3359
3233 978
3234 5067
3235 6045
3236 1504
3237 4913
3238 1973
3239 4838
3240 1163
3241 3685
3242 3110
3243 5388
3244 2223
3245 1285
3246 1009
3247 5797
3248 3943
3249 4227
3250 412
3251 3198
3252 4536
3253 4416
3254 5803
3255 3
3256 3824
3257 3390
3258 2875
3259 5730
3260 3472
3261 8280
3262 3938
3263 8363
3264 6535
3265 5829
3266 5589
3267 3497
3268 2811
3269 3369
3270 2184
3271 4640
3272 2114
3273 2274
3274 2428
3275 9760
3276 3727
3277 2705
3278 5493
3279 1014
3280 4068
3281 1325
3282 5615
3283 494
3284 5339
3285 3319
3286 5721
3287 2214
3288 7709
3289 2968
3290 4835
3291 4190
3292 1426
3293 8481
3294 4002
3295 1579
3296 1971
3297 56
3298 7093
3299 6132
3300 3253
3301 5909
3302 2442
3303 1133
3304 3376
3305 5195
3306 2615
3307 2177
3308 3833
3309 2332
3310 1609
3311 1190
3312 4208
3313 4692
3314 2199
3315 2259
3316 1175
3317 3610
3318 4392
3319 1349
3320 1062
3321 74
3322 1195
3323 2674
3324 3920
3325 6456
3326 10913
3327 3187
3328 363
3329 1611
3330 3162
3331 1985
3332 3830
3333 2666
3334 1799
3335 1567
3336 9870
3337 6819
3338 3522
3339 2282
3340 3082
3341 2733
3342 3074
3343 5182
3344 5459
3345 9156
3346 4894
3347 4275
3348 1022
3349 2059
3350 1561
3351 6428
3352 4730
3353 6464
3354 973
3355 1383
3356 3588
3357 3788
3358 200
3359 1015
3360 4178
3361 6689
3362 4538
3363 1874
3364 12732
3365 1328
3366 4162
3367 3349
3368 3335
3369 3448
3370 1024
3371 5495
3372 1935
3373 7997
3374 2523
3375 1550
3376 1510
3377 3465
3378 3850
3379 2844
3380 4688
3381 3672
3382 9182
3383 7433
3384 1026
3385 6101
3386 4578
3387 649
3388 148
3389 4883
3390 6944
3391 113
3392 1021
3393 2870
3394 3871
3395 4959
3396 3846
3397 3360
3398 5318
3399 4928
3400 386
3401 4984
3402 4383
3403 7037
3404 1120
3405 3334
3406 5612
3407 5638
3408 3347
3409 5390
3410 6577
3411 1283
3412 548
3413 4017
3414 3190
3415 8649
3416 6565
3417 647
3418 185
3419 3848
3420 1314
3421 2512
3422 7810
3423 5337
3424 5332
3425 5891
3426 4558
3427 129
3428 6451
3429 4693
3430 2403
3431 1959
3432 3605
3433 4444
3434 4556
3435 2033
3436 6410
3437 3168
3438 4236
3439 4394
3440 2599
3441 1378
3442 5566
3443 3962
3444 921
3445 2804
3446 2269
3447 4180
3448 3107
3449 2450
3450 211
3451 1816
3452 1330
3453 1999
3454 3133
3455 2038
3456 3307
3457 6005
3458 2644
3459 10636
3460 4439
3461 2112
3462 5113
3463 3506
3464 2877
3465 5758
3466 3412
3467 5920
3468 7838
3469 1066
3470 2931
3471 4716
3472 597
3473 513
3474 3528
3475 3309
3476 3174
3477 1616
3478 5521
3479 1398
3480 5636
3481 7082
3482 49
3483 3627
3484 3529
3485 5534
3486 2967
3487 5487
3488 6467
3489 3676
3490 6280
3491 1984
3492 829
3493 2656
3494 2078
3495 6948
3496 1366
3497 3757
3498 2080
3499 2560
3500 6185
3501 2803
3502 3327
3503 3357
3504 5208
3505 1092
3506 5504
3507 4386
3508 7525
3509 4440
3510 5179
3511 3974
3512 7871
3513 6756
3514 1943
3515 3101
3516 6953
3517 657
3518 7882
3519 6201
3520 2578
3521 3030
3522 1878
3523 4146
3524 6038
3525 2853
3526 473
3527 5419
3528 4053
3529 3987
3530 889
3531 4403
3532 3042
3533 5393
3534 5847
3535 2957
3536 3647
3537 9236
3538 2436
3539 1196
3540 3011
3541 6155
3542 1707
3543 4474
3544 11347
3545 1209
3546 4782
3547 3326
3548 4965
3549 3620
3550 4219
3551 4719
3552 6041
3553 2232
3554 2051
3555 2608
3556 3818
3557 2677
3558 4504
3559 4602
3560 5451
3561 6233
3562 572
3563 5248
3564 176
3565 2937
3566 3689
3567 2832
3568 7766
3569 3050
3570 4147
3571 2545
3572 1976
3573 1494
3574 4643
3575 3058
3576 10103
3577 8627
3578 3087
3579 3563
3580 2907
3581 6197
3582 5325
3583 596
3584 1755
3585 5813
3586 5033
3587 3665
3588 5507
3589 278
3590 2161
3591 5409
3592 6650
3593 6191
3594 1832
3595 336
3596 4876
3597 4904
3598 4094
3599 3655
3600 4720
3601 1029
3602 1677
3603 5753
3604 2109
3605 7618
3606 7323
3607 3706
3608 886
3609 6083
3610 1262
3611 5516
3612 3573
3613 5263
3614 4154
3615 3383
3616 2087
3617 5471
3618 2829
3619 3953
3620 3766
3621 6889
3622 2948
3623 2246
3624 3354
3625 3770
3626 5001
3627 6606
3628 444
3629 497
3630 3873
3631 2686
3632 3988
3633 1881
3634 891
3635 4413
3636 7790
3637 3275
3638 1690
3639 6413
3640 470
3641 3975
3642 4306
3643 3242
3644 2398
3645 7150
3646 638
3647 1715
3648 4247
3649 3169
3650 1122
3651 6719
3652 4179
3653 4547
3654 3982
3655 9664
3656 4493
3657 2255
3658 4673
3659 7413
3660 8035
3661 5376
3662 4812
3663 3765
3664 1852
3665 8134
3666 1129
3667 2316
3668 1431
3669 3633
3670 2073
3671 2027
3672 6617
3673 3173
3674 3608
3675 2819
3676 3181
3677 3842
3678 2651
3679 4608
3680 1817
3681 869
3682 6385
3683 419
3684 5382
3685 3389
3686 3590
3687 1900
3688 1261
3689 5428
3690 1229
3691 5392
3692 6765
3693 3500
3694 3012
3695 1362
3696 6224
3697 749
3698 704
3699 7776
3700 1335
3701 1928
3702 7293
3703 2490
3704 1421
3705 2084
3706 5768
3707 2701
3708 7111
3709 1243
3710 2840
3711 4289
3712 5223
3713 3807
3714 3291
3715 3911
3716 2389
3717 4029
3718 3526
3719 5894
3720 4165
3721 1118
3722 2333
3723 3503
3724 5084
3725 5740
3726 15081
3727 1867
3728 7867
3729 5025
3730 7802
3731 6063
3732 1186
3733 6691
3734 1921
3735 1620
3736 7599
3737 5502
3738 9344
3739 2213
3740 5143
3741 850
3742 6622
3743 1287
3744 5233
3745 3554
3746 4977
3747 2206
3748 3493
3749 1806
3750 455
3751 3834
3752 6163
3753 2665
3754 2979
3755 4535
3756 4482
3757 3236
3758 361
3759 3785
3760 3703
3761 3601
3762 2910
3763 1462
3764 8633
3765 3935
3766 6626
3767 1856
3768 5405
3769 2264
3770 3301
3771 6028
3772 4792
3773 5695
3774 7799
3775 1192
3776 6296
3777 6240
3778 2248
3779 4422
3780 4272
3781 370
3782 3896
3783 4743
3784 4268
3785 5679
3786 2810
3787 6315
3788 6206
3789 4241
3790 6289
3791 5464
3792 5910
3793 1968
3794 403
3795 3172
3796 4874
3797 6080
3798 2919
3799 2549
3800 5747
3801 4490
3802 6484
3803 5867
3804 5017
3805 1765
3806 4882
3807 1555
3808 3872
3809 2724
3810 1711
3811 2116
3812 5751
3813 6824
3814 3182
3815 7407
3816 5183
3817 4703
3818 4292
3819 2050
3820 6746
3821 1822
3822 6200
3823 2504
3824 4900
3825 3200
3826 5562
3827 1463
3828 2522
3829 6653
3830 2664
3831 6809
3832 2122
3833 1501
3834 5852
3835 4351
3836 2635
3837 2131
3838 4011
3839 3724
3840 5732
3841 5583
3842 4507
3843 5919
3844 965
3845 5022
3846 696
3847 2637
3848 6883
3849 6395
3850 8618
3851 1036
3852 3960
3853 6050
3854 1958
3855 2983
3856 4636
3857 2292
3858 3616
3859 4481
3860 6553
3861 6511
3862 6963
3863 4313
3864 3004
3865 4385
3866 5027
3867 1545
3868 1772
3869 9587
3870 193
3871 11412
3872 7213
3873 4373
3874 3517
3875 5387
3876 2923
3877 3859
3878 3931
3879 8562
3880 4389
3881 1939
3882 7192
3883 2346
3884 1191
3885 4279
3886 5032
3887 7061
3888 2431
3889 8951
3890 5096
3891 4256
3892 364
3893 1910
3894 7321
3895 3668
3896 2797
3897 4551
3898 5646
3899 4941
3900 3731
3901 3482
3902 5881
3903 2841
3904 3066
3905 9000
3906 7742
3907 5477
3908 6332
3909 5127
3910 11210
3911 608
3912 4929
3913 3363
3914 2826
3915 3662
3916 5812
3917 664
3918 3378
3919 6149
3920 7863
3921 5210
3922 64
3923 4942
3924 5653
3925 1020
3926 5556
3927 4390
3928 4104
3929 4943
3930 4374
3931 5875
3932 6062
3933 5503
3934 1301
3935 5417
3936 8069
3937 1691
3938 5308
3939 5040
3940 4656
3941 2258
3942 6053
3943 3864
3944 6886
3945 1373
3946 4097
3947 5259
3948 1180
3949 1337
3950 2955
3951 4970
3952 1659
3953 3774
3954 1663
3955 4677
3956 8268
3957 3559
3958 6452
3959 2949
3960 2353
3961 4010
3962 2415
3963 3123
3964 2869
3965 4168
3966 1905
3967 7981
3968 3996
3969 1599
3970 3606
3971 7095
3972 9563
3973 2344
3974 6645
3975 4780
3976 2518
3977 2245
3978 5599
3979 5236
3980 6077
3981 7705
3982 3350
3983 4118
3984 5613
3985 11647
3986 4069
3987 5685
3988 506
3989 3678
3990 5578
3991 3889
3992 3273
3993 3485
3994 13691
3995 4588
3996 2916
3997 1617
3998 3379
3999 4035
4000 856
4001 6254
4002 8058
4003 2201
4004 3992
4005 2980
4006 4813
4007 1563
4008 2697
4009 4379
4010 3480
4011 15192
4012 5501
4013 2609
4014 4430
4015 3908
4016 6687
4017 1689
4018 6875
4019 2934
4020 5202
4021 1415
4022 4614
4023 3221
4024 5102
4025 5706
4026 2739
4027 13716
4028 3237
4029 4115
4030 1613
4031 3778
4032 3151
4033 4411
4034 245
4035 7626
4036 6019
4037 2857
4038 6237
4039 1384
4040 5251
4041 3073
4042 3276
4043 3486
4044 5701
4045 3762
4046 2509
4047 2583
4048 5857
4049 5323
4050 9808
4051 4728
4052 1742
4053 3402
4054 6654
4055 5774
4056 896
4057 1002
4058 5125
4059 4326
4060 2801
4061 5434
4062 7884
4063 5375
4064 8972
4065 4671
4066 6499
4067 1084
4068 3707
4069 1927
4070 4377
4071 5726
4072 7772
4073 6371
4074 4735
4075 7669
4076 1358
4077 2358
4078 2406
4079 7555
4080 2208
4081 5856
4082 4914
4083 5549
4084 8258
4085 3505
4086 4295
4087 2260
4088 1357
4089 5454
4090 1219
4091 584
4092 5588
4093 6910
4094 4709
4095 1890
4096 831
4097 4845
4098 10155
4099 926
4100 2878
4101 2185
4102 11690
4103 3268
4104 259
4105 3344
4106 3134
4107 5781
4108 5216
4109 3686
4110 2763
4111 10660
4112 4867
4113 5016
4114 4548
4115 7250
4116 1653
4117 3660
4118 7004
4119 6590
4120 3815
4121 6067
4122 3653
4123 4206
4124 1944
4125 6616
4126 10696
4127 2764
4128 4590
4129 4043
4130 4952
4131 3392
4132 3978
4133 3963
4134 1883
4135 3312
4136 4400
4137 5841
4138 2068
4139 3079
4140 3626
4141 3471
4142 6688
4143 5482
4144 3639
4145 5400
4146 5327
4147 5407
4148 7847
4149 3874
4150 3283
4151 2305
4152 4502
4153 1723
4154 7035
4155 6573
4156 1986
4157 4169
4158 3308
4159 2302
4160 6457
4161 4905
4162 4445
4163 5381
4164 2551
4165 5403
4166 3495
4167 3570
4168 7245
4169 356
4170 3802
4171 5252
4172 3622
4173 8569
4174 2324
4175 5279
4176 2297
4177 8770
4178 5537
4179 1789
4180 7120
4181 1143
4182 4510
4183 7814
4184 1601
4185 1481
4186 7170
4187 4161
4188 6619
4189 2287
4190 7439
4191 5262
4192 2093
4193 6269
4194 5554
4195 7263
4196 7182
4197 2696
4198 8850
4199 8027
4200 3888
4201 6965
4202 3270
4203 3890
4204 2313
4205 9426
4206 6656
4207 11604
4208 7440
4209 3725
4210 1321
4211 3869
4212 5511
4213 5452
4214 496
4215 4280
4216 3367
4217 6461
4218 6341
4219 2136
4220 4784
4221 3993
4222 2604
4223 3760
4224 6493
4225 2412
4226 5565
4227 12643
4228 6615
4229 3165
4230 7125
4231 10444
4232 1904
4233 3907
4234 1886
4235 6534
4236 3197
4237 4429
4238 2997
4239 4117
4240 8052
4241 1449
4242 6505
4243 4076
4244 5147
4245 2481
4246 3535
4247 8576
4248 5300
4249 8603
4250 3583
4251 1497
4252 3047
4253 7691
4254 3163
4255 2585
4256 3338
4257 6977
4258 4086
4259 3924
4260 5155
4261 7837
4262 1899
4263 3955
4264 5372
4265 8436
4266 4121
4267 1181
4268 10037
4269 3214
4270 10577
4271 3098
4272 3910
4273 2837
4274 3032
4275 3413
4276 6335
4277 6813
4278 4393
4279 3967
4280 2993
4281 6672
4282 5119
4283 5667
4284 2700
4285 5234
4286 5869
4287 2517
4288 1793
4289 3129
4290 4257
4291 5822
4292 3775
4293 7372
4294 6481
4295 955
4296 5242
4297 5794
4298 3772
4299 5072
4300 3261
4301 3385
4302 5095
4303 7922
4304 6712
4305 1417
4306 84
4307 6069
4308 2392
4309 6010
4310 5876
4311 2850
4312 5110
4313 4973
4314 4920
4315 5264
4316 4291
4317 6234
4318 5224
4319 2521
4320 3541
4321 8846
4322 3654
4323 5741
4324 4661
4325 10477
4326 4675
4327 4207
4328 3298
4329 4769
4330 2780
4331 454
4332 4134
4333 4025
4334 8823
4335 4819
4336 1152
4337 2083
4338 5708
4339 1513
4340 4758
4341 5839
4342 3524
4343 5976
4344 5160
4345 3391
4346 3721
4347 6847
4348 3972
4349 8064
4350 4976
4351 4230
4352 5261
4353 2576
4354 6103
4355 5739
4356 493
4357 5584
4358 5447
4359 3536
4360 1746
4361 1172
4362 8418
4363 7896
4364 2219
4365 1811
4366 2555
4367 6861
4368 5
4369 1595
4370 5536
4371 5949
4372 2538
4373 900
4374 6932
4375 2714
4376 5018
4377 3426
4378 3175
4379 5522
4380 1385
4381 1059
4382 6533
4383 8107
4384 5257
4385 3945
4386 6171
4387 1786
4388 4717
4389 7169
4390 2261
4391 7074
4392 6263
4393 4991
4394 3397
4395 4681
4396 2998
4397 2336
4398 9021
4399 1714
4400 4647
4401 12078
4402 4082
4403 2762
4404 4613
4405 6189
4406 4523
4407 5871
4408 11385
4409 6458
4410 4330
4411 7757
4412 5331
4413 6710
4414 319
4415 4485
4416 5543
4417 6220
4418 5899
4419 2647
4420 9449
4421 2386
4422 6329
4423 450
4424 5397
4425 3771
4426 3059
4427 3466
4428 8463
4429 2945
4430 3302
4431 3095
4432 6165
4433 5254
4434 3609
4435 8806
4436 2425
4437 4006
4438 1515
4439 8534
4440 3266
4441 6350
4442 5002
4443 747
4444 9166
4445 1288
4446 4732
4447 2340
4448 5984
4449 7782
4450 4522
4451 3183
4452 4764
4453 7775
4454 5130
4455 6434
4456 4988
4457 6383
4458 6203
4459 3318
4460 2172
4461 7368
4462 3547
4463 7989
4464 2391
4465 1680
4466 5187
4467 790
4468 3837
4469 6605
4470 6634
4471 5074
4472 7195
4473 3118
4474 3927
4475 5988
4476 5294
4477 3844
4478 6946
4479 753
4480 1703
4481 3831
4482 5206
4483 4738
4484 10782
4485 2118
4486 5719
4487 5213
4488 4603
4489 5917
4490 3939
4491 4348
4492 7686
4493 3661
4494 3322
4495 1719
4496 4022
4497 3490
4498 4715
4499 5310
4500 2726
4501 6013
4502 4696
4503 5649
4504 6825
4505 2795
4506 2171
4507 3748
4508 2901
4509 558
4510 1505
4511 4079
4512 2506
4513 4193
4514 2959
4515 804
4516 5436
4517 4278
4518 4067
4519 415
4520 5815
4521 3596
4522 1929
4523 3456
4524 949
4525 6952
4526 4569
4527 5506
4528 5222
4529 8298
4530 5810
4531 2991
4532 2798
4533 745
4534 4083
4535 3719
4536 4994
4537 6890
4538 3999
4539 3683
4540 2535
4541 2013
4542 383
4543 4893
4544 5809
4545 6658
4546 5131
4547 3409
4548 4706
4549 4039
4550 4015
4551 4615
4552 3420
4553 63
4554 3225
4555 2132
4556 4739
4557 3877
4558 9199
4559 2492
4560 4723
4561 9612
4562 5139
4563 3671
4564 7590
4565 5700
4566 7374
4567 10038
4568 7635
4569 1315
4570 3796
4571 5550
4572 4783
4573 440
4574 3826
4575 3594
4576 3194
4577 7591
4578 3865
4579 3071
4580 2876
4581 9340
4582 4088
4583 4102
4584 4621
4585 3039
4586 7336
4587 6345
4588 6183
4589 7128
4590 1876
4591 2407
4592 5669
4593 2675
4594 3816
4595 4461
4596 1610
4597 4438
4598 5936
4599 1484
4600 4098
4601 4897
4602 4472
4603 4321
4604 5656
4605 1519
4606 1475
4607 4844
4608 12115
4609 4891
4610 5463
4611 9022
4612 4142
4613 4288
4614 6841
4615 6578
4616 4286
4617 3006
4618 1638
4619 8043
4620 9669
4621 6168
4622 10700
4623 6607
4624 3393
4625 1665
4626 489
4627 5044
4628 8378
4629 3854
4630 5189
4631 6024
4632 3916
4633 5282
4634 4684
4635 6742
4636 12571
4637 2772
4638 1586
4639 5178
4640 2622
4641 3120
4642 1962
4643 6427
4644 3787
4645 1741
4646 3630
4647 2284
4648 11067
4649 3394
4650 3512
4651 2663
4652 9642
4653 1278
4654 5069
4655 6031
4656 3069
4657 2342
4658 2445
4659 320
4660 2786
4661 3117
4662 7127
4663 3010
4664 3328
4665 6542
4666 2610
4667 5050
4668 6209
4669 3196
4670 6085
4671 1080
4672 3137
4673 2423
4674 4199
4675 7723
4676 3883
4677 11307
4678 3913
4679 7296
4680 1151
4681 5763
4682 1354
4683 6349
4684 5622
4685 4223
4686 6799
4687 7537
4688 4158
4689 4338
4690 1313
4691 9169
4692 4910
4693 5819
4694 5951
4695 6781
4696 7460
4697 6769
4698 6177
4699 1861
4700 2830
4701 3113
4702 2620
4703 5335
4704 3452
4705 5307
4706 2422
4707 3479
4708 6925
4709 8836
4710 5278
4711 6218
4712 3243
4713 10395
4714 8275
4715 4951
4716 5696
4717 3587
4718 1868
4719 4183
4720 1987
4721 6463
4722 8000
4723 774
4724 4201
4725 5605
4726 7356
4727 2862
4728 7484
4729 2484
4730 6827
4731 6181
4732 2986
4733 4762
4734 7779
4735 9107
4736 9504
4737 3629
4738 4756
4739 349
4740 6043
4741 5214
4742 5765
4743 4120
4744 1558
4745 3902
4746 5055
4747 898
4748 5574
4749 7878
4750 5250
4751 6282
4752 5916
4753 6143
4754 6032
4755 2737
4756 8142
4757 3498
4758 10224
4759 8781
4760 5981
4761 7261
4762 9069
4763 7909
4764 3670
4765 5887
4766 5196
4767 5380
4768 4861
4769 6829
4770 4543
4771 4045
4772 6838
4773 7238
4774 4711
4775 3892
4776 5914
4777 6084
4778 4593
4779 3008
4780 4568
4781 6360
4782 6491
4783 3215
4784 6
4785 4566
4786 2049
4787 6439
4788 2156
4789 2527
4790 4542
4791 6711
4792 1444
4793 3516
4794 7836
4795 8465
4796 3044
4797 7455
4798 5329
4799 2296
4800 3674
4801 4736
4802 8176
4803 6718
4804 4939
4805 585
4806 5788
4807 6817
4808 4607
4809 135
4810 4428
4811 3599
4812 8124
4813 6131
4814 3702
4815 4176
4816 8002
4817 6911
4818 5796
4819 4927
4820 4559
4821 7418
4822 6363
4823 3189
4824 4877
4825 5410
4826 3054
4827 2462
4828 5304
4829 10387
4830 8070
4831 8530
4832 4544
4833 4698
4834 6370
4835 5771
4836 6008
4837 8155
4838 1053
4839 6305
4840 6402
4841 4192
4842 3644
4843 7240
4844 1237
4845 703
4846 2557
4847 839
4848 3449
4849 7274
4850 14310
4851 6509
4852 1768
4853 6831
4854 3461
4855 924
4856 5933
4857 6095
4858 4667
4859 5529
4860 6249
4861 6285
4862 1248
4863 6408
4864 2823
4865 6837
4866 5129
4867 4639
4868 8050
4869 2766
4870 4921
4871 6783
4872 3919
4873 4865
4874 3569
4875 7024
4876 3431
4877 12056
4878 7385
4879 6514
4880 7001
4881 5744
4882 2500
4883 3210
4884 6037
4885 4131
4886 8919
4887 1932
4888 4672
4889 4789
4890 7552
4891 3023
4892 3417
4893 4854
4894 1124
4895 9395
4896 5112
4897 5043
4898 5657
4899 5013
4900 7681
4901 1644
4902 1128
4903 6904
4904 3208
4905 3749
4906 8081
4907 5652
4908 5479
4909 5432
4910 1443
4911 4611
4912 4775
4913 12244
4914 4375
4915 4788
4916 5868
4917 4816
4918 4680
4919 8232
4920 5586
4921 1918
4922 9296
4923 6144
4924 7156
4925 6256
4926 4752
4927 2546
4928 7447
4929 1736
4930 2582
4931 2562
4932 4516
4933 9765
4934 9619
4935 11208
4936 6057
4937 4204
4938 2970
4939 7546
4940 8311
4941 4420
4942 8575
4943 2750
4944 5778
4945 2444
4946 765
4947 10584
4948 6516
4949 8714
4950 4209
4951 4328
4952 927
4953 5873
4954 3803
4955 6384
4956 6996
4957 2001
4958 4126
4959 4747
4960 2449
4961 345
4962 8234
4963 9585
4964 7052
4965 6340
4966 7435
4967 6849
4968 5525
4969 3734
4970 487
4971 5995
4972 5399
4973 6425
4974 7121
4975 5445
4976 7405
4977 8729
4978 721
4979 6071
4980 4781
4981 6721
4982 9597
4983 3555
4984 1173
4985 984
4986 3949
4987 4828
4988 5328
4989 3851
4990 9433
4991 7620
4992 7899
4993 5843
4994 5290
4995 3597
4996 8578
4997 4107
4998 8504
4999 8104
5000 2502
5001 6267
5002 4683
5003 2404
5004 6137
5005 1982
5006 4930
5007 7640
5008 2190
5009 1
5010 7050
5011 7291
5012 3450
5013 4246
5014 6757
5015 2996
5016 7461
5017 4616
5018 3705
5019 2203
5020 5845
5021 7820
5022 2600
5023 8931
5024 3852
5025 7230
5026 7046
5027 4554
5028 3994
5029 7014
5030 4691
5031 10293
5032 5142
5033 3250
5034 6919
5035 401
5036 2768
5037 7504
5038 7319
5039 5225
5040 5934
5041 2902
5042 4520
5043 6051
5044 4307
5045 5293
5046 7073
5047 6662
5048 1914
5049 7835
5050 4745
5051 6644
5052 6036
5053 4852
5054 5100
5055 5825
5056 6609
5057 755
5058 500
5059 7140
5060 3445
5061 2965
5062 4329
5063 7696
5064 12397
5065 873
5066 5358
5067 3156
5068 4737
5069 9867
5070 5026
5071 4753
5072 3989
5073 1646
5074 5292
5075 3373
5076 5798
5077 5135
5078 2
5079 9298
5080 4092
5081 7954
5082 3127
5083 9141
5084 7021
5085 5840
5086 8205
5087 9632
5088 9087
5089 2069
5090 6794
5091 3223
5092 2559
5093 1364
5094 3921
5095 6971
5096 5030
5097 3742
5098 7467
5099 6980
5100 4282
5101 6238
5102 9228
5103 4945
5104 5908
5105 505
5106 5885
5107 5641
5108 5056
5109 6465
5110 5526
5111 4748
5112 6306
5113 2288
5114 7547
5115 9875
5116 5746
5117 4979
5118 4143
5119 3176
5120 10580
5121 9935
5122 2846
5123 4380
5124 7827
5125 4537
5126 691
5127 5115
5128 1529
5129 5076
5130 3784
5131 4344
5132 4498
5133 3257
5134 6035
5135 5624
5136 8536
5137 2855
5138 6803
5139 4981
5140 8106
5141 3754
5142 7474
5143 7754
5144 5693
5145 7041
5146 7145
5147 3476
5148 956
5149 5341
5150 2898
5151 5192
5152 5993
5153 7518
5154 6347
5155 3897
5156 5427
5157 10574
5158 8288
5159 1060
5160 4466
5161 6162
5162 3614
5163 531
5164 4875
5165 8336
5166 6488
5167 7015
5168 5306
5169 3951
5170 5884
5171 8319
5172 4926
5173 4290
5174 2499
5175 4974
5176 2641
5177 941
5178 4462
5179 5665
5180 6359
5181 7390
5182 10741
5183 6125
5184 6638
5185 4359
5186 4646
5187 5725
5188 4173
5189 3969
5190 244
5191 7432
5192 2510
5193 7236
5194 6346
5195 5272
5196 8289
5197 1187
5198 5394
5199 168
5200 6307
5201 6807
5202 3968
5203 3015
5204 3188
5205 5229
5206 1961
5207 7209
5208 2725
5209 4434
5210 7643
5211 5569
5212 7589
5213 4832
5214 7938
5215 7388
5216 3364
5217 4372
5218 3494
5219 5546
5220 8241
5221 4586
5222 2882
5223 4729
5224 8974
5225 9776
5226 2352
5227 6190
5228 4310
5229 777
5230 2170
5231 5552
5232 11065
5233 9278
5234 8659
5235 4545
5236 6207
5237 9683
5238 5369
5239 1099
5240 346
5241 4552
5242 4475
5243 309
5244 5299
5245 9287
5246 3496
5247 4064
5248 6022
5249 5159
5250 3986
5251 2489
5252 5273
5253 4561
5254 3965
5255 14244
5256 3352
5257 2863
5258 2294
5259 5235
5260 8792
5261 3637
5262 8072
5263 1048
5264 8724
5265 7472
5266 2932
5267 5107
5268 6671
5269 4269
5270 3166
5271 9139
5272 788
5273 7903
5274 6789
5275 7497
5276 3519
5277 2102
5278 7155
5279 1897
5280 2581
5281 3855
5282 7427
5283 6278
5284 8112
5285 6147
5286 6828
5287 7830
5288 4992
5289 5672
5290 5271
5291 7627
5292 1584
5293 4210
5294 2554
5295 4718
5296 5640
5297 4830
5298 6701
5299 3511
5300 4335
5301 4028
5302 8858
5303 6299
5304 4557
5305 3483
5306 7301
5307 4451
5308 1343
5309 8484
5310 7370
5311 8139
5312 5077
5313 4685
5314 5122
5315 3998
5316 6066
5317 6354
5318 7063
5319 5991
5320 6202
5321 3204
5322 327
5323 4771
5324 1873
5325 7726
5326 3556
5327 7059
5328 4857
5329 1824
5330 5386
5331 4842
5332 4836
5333 4442
5334 3109
5335 4293
5336 6924
5337 6551
5338 6557
5339 4687
5340 8455
5341 7043
5342 2461
5343 240
5344 8583
5345 7380
5346 9044
5347 4958
5348 5699
5349 4947
5350 3108
5351 5767
5352 6105
5353 7852
5354 7224
5355 7729
5356 8445
5357 4298
5358 3209
5359 7122
5360 5580
5361 8977
5362 5851
5363 5705
5364 3027
5365 1972
5366 7259
5367 3315
5368 10385
5369 3432
5370 816
5371 5806
5372 3714
5373 1718
5374 5572
5375 6798
5376 8739
5377 7833
5378 6196
5379 5901
5380 2318
5381 4521
5382 2473
5383 3900
5384 3635
5385 5594
5386 4166
5387 9402
5388 7355
5389 6432
5390 6558
5391 7423
5392 8619
5393 12123
5394 5571
5395 4694
5396 5754
5397 5620
5398 9625
5399 3070
5400 2695
5401 7800
5402 6300
5403 4144
5404 9478
5405 975
5406 7141
5407 5864
5408 6052
5409 2233
5410 5963
5411 2257
5412 6528
5413 14016
5414 4917
5415 6373
5416 8175
5417 3427
5418 7409
5419 5021
5420 2133
5421 2752
5422 6291
5423 9970
5424 600
5425 5370
5426 7159
5427 8053
5428 3880
5429 4405
5430 5209
5431 6158
5432 15162
5433 4774
5434 2668
5435 2234
5436 6059
5437 8169
5438 6529
5439 3585
5440 9892
5441 6906
5442 6391
5443 6398
5444 7183
5445 9448
5446 3269
5447 10755
5448 5275
5449 5219
5450 2950
5451 5982
5452 8614
5453 3936
5454 5474
5455 2146
5456 2263
5457 5780
5458 7143
5459 6520
5460 7060
5461 3970
5462 6477
5463 9735
5464 5668
5465 4096
5466 5595
5467 5172
5468 9609
5469 8488
5470 5688
5471 6725
5472 1207
5473 4091
5474 7079
5475 4226
5476 5284
5477 4071
5478 9631
5479 4594
5480 3207
5481 4885
5482 5826
5483 12329
5484 5374
5485 8045
5486 4879
5487 10499
5488 4731
5489 6468
5490 5872
5491 4662
5492 7584
5493 3549
5494 6631
5495 610
5496 2432
5497 7714
5498 7067
5499 6146
5500 3631
5501 7657
5502 7346
5503 4105
5504 5138
5505 6184
5506 3514
5507 6636
5508 11882
5509 8908
5510 5517
5511 5904
5512 6640
5513 6295
5514 7616
5515 6586
5516 5460
5517 3441
5518 7748
5519 7805
5520 4382
5521 11397
5522 2629
5523 7481
5524 2451
5525 6790
5526 5723
5527 823
5528 3690
5529 2249
5530 6951
5531 6113
5532 6073
5533 5831
5534 8459
5535 7109
5536 5900
5537 7424
5538 11182
5539 2961
5540 4007
5541 2747
5542 7002
5543 48
5544 7829
5545 5686
5546 2682
5547 609
5548 11042
5549 3621
5550 9751
5551 2988
5552 6525
5553 8625
5554 3333
5555 5108
5556 5450
5557 3553
5558 6040
5559 4418
5560 3395
5561 2063
5562 2776
5563 4805
5564 1645
5565 5681
5566 3150
5567 7879
5568 1705
5569 3037
5570 8113
5571 2612
5572 8555
5573 760
5574 4576
5575 712
5576 7928
5577 5608
5578 7271
5579 6230
5580 4124
5581 4660
5582 11517
5583 5167
5584 5631
5585 3455
5586 1619
5587 4873
5588 6879
5589 1480
5590 3930
5591 4309
5592 4851
5593 1495
5594 3362
5595 4532
5596 5698
5597 4255
5598 4250
5599 2880
5600 7845
5601 7126
5602 8688
5603 9359
5604 4297
5605 1281
5606 6908
5607 4714
5608 5694
5609 6512
5610 6513
5611 807
5612 5923
5613 6021
5614 7908
5615 6608
5616 7007
5617 3290
5618 4496
5619 6301
5620 5879
5621 5836
5622 5811
5623 4186
5624 15567
5625 5564
5626 2375
5627 5481
5628 12137
5629 6549
5630 5998
5631 7300
5632 6681
5633 1100
5634 11522
5635 4563
5636 6167
5637 3019
5638 7089
5639 7091
5640 6592
5641 3909
5642 503
5643 7049
5644 7488
5645 10274
5646 2007
5647 7233
5648 8208
5649 6844
5650 8379
5651 6093
5652 5678
5653 3487
5654 2031
5655 5814
5656 5440
5657 5146
5658 4595
5659 5456
5660 3478
5661 6858
5662 2632
5663 5509
5664 6386
5665 2787
5666 9276
5667 8643
5668 7663
5669 7661
5670 6313
5671 5101
5672 6058
5673 13445
5674 5078
5675 3835
5676 5124
5677 2107
5678 3820
5679 7594
5680 3741
5681 4886
5682 10015
5683 6962
5684 3717
5685 4530
5686 4364
5687 8278
5688 3540
5689 2681
5690 5570
5691 6002
5692 4933
5693 2532
5694 5283
5695 7869
5696 7512
5697 4855
5698 2511
5699 2981
5700 3492
5701 4995
5702 3532
5703 4659
5704 6109
5705 7287
5706 3954
5707 6414
5708 5446
5709 4601
5710 4122
5711 4549
5712 8658
5713 4817
5714 6061
5715 9085
5716 8672
5717 7011
5718 9451
5719 4987
5720 3984
5721 4283
5722 9749
5723 6873
5724 5406
5725 5712
5726 6882
5727 7189
5728 1850
5729 11544
5730 2601
5731 8544
5732 9051
5733 3827
5734 4376
5735 9456
5736 8130
5737 8538
5738 5677
5739 4570
5740 4495
5741 3049
5742 2268
5743 4889
5744 7565
5745 7860
5746 8350
5747 6621
5748 9692
5749 6613
5750 68
5751 3881
5752 3922
5753 8287
5754 8185
5755 2755
5756 4137
5757 4346
5758 5888
5759 8822
5760 5211
5761 3849
5762 3861
5763 1825
5764 8803
5765 9985
5766 4799
5767 5081
5768 11459
5769 5807
5770 10846
5771 6966
5772 2952
5773 6012
5774 3693
5775 8186
5776 8663
5777 5448
5778 6136
5779 4391
5780 4811
5781 7341
5782 794
5783 1403
5784 5171
5785 1681
5786 5802
5787 3272
5788 4645
5789 6331
5790 5971
5791 3504
5792 4465
5793 9635
5794 7363
5795 6082
5796 3612
5797 6039
5798 5098
5799 3531
5800 11536
5801 5703
5802 2592
5803 4820
5804 5075
5805 11637
5806 4203
5807 7571
5808 5080
5809 3739
5810 9922
5811 8316
5812 8125
5813 12063
5814 7796
5815 10723
5816 9550
5817 6150
5818 6175
5819 6639
5820 9830
5821 1427
5822 7768
5823 6623
