8453
4 29611
5 22177
14 59632
17 9622
18 9221
29 19612
30 44428
32 51277
34 53196
35 20939
37 68142
38 34663
39 71932
40 62217
41 40291
43 53542
44 22018
47 56819
49 18326
50 52876
51 64709
52 26751
54 5453
55 72966
57 3550
58 64790
59 16851
60 49400
62 16210
67 18050
68 27089
70 47489
71 41622
73 59911
74 70531
75 45231
76 35579
77 26169
81 56439
82 10176
84 34531
85 34291
86 1398
87 56643
90 22698
91 34013
96 45410
97 70646
100 26870
103 43771
108 16208
111 12592
113 51748
115 25931
116 72368
117 7263
118 27609
119 27330
120 17535
123 19179
124 6714
125 19299
128 7724
129 34486
130 13005
132 808
134 21902
135 74921
137 37841
138 17596
139 20043
142 23481
143 34597
144 65219
145 6033
148 14624
154 45498
155 16889
156 28802
158 38510
161 67357
163 36445
164 21903
165 53218
166 24501
170 74478
173 67554
174 5695
175 18696
177 16617
183 55434
185 1156
186 11208
187 39299
188 29273
189 51499
190 27353
192 57742
196 13170
197 14984
203 61760
204 21755
206 13462
209 72003
210 32631
211 22189
212 11698
214 8919
216 11349
217 70419
218 10826
219 60067
220 19671
221 43009
222 19791
225 18363
226 1476
228 39396
237 4825
239 11122
241 272
242 28921
244 57523
246 22920
249 40049
256 20580
257 16807
263 715
265 53167
266 25382
267 2338
269 73262
271 4350
275 36023
276 48020
279 45474
280 69772
284 9533
285 53704
289 22495
292 60162
295 27410
296 10018
300 24984
301 16554
302 23378
303 9102
304 1324
305 25358
306 50988
307 43025
309 9851
310 21075
312 50099
313 28709
316 76416
318 26516
322 2914
323 17215
325 46820
326 3337
327 41599
330 41834
332 53499
334 64111
336 54974
338 23811
340 23623
345 36459
346 2268
351 8433
353 17008
355 10420
356 64275
357 45971
359 56889
361 38457
364 42774
365 16409
368 4010
372 19276
373 71059
377 119
380 29682
383 17221
386 45717
390 16068
397 45083
402 9630
403 17694
407 271
408 74312
415 2110
418 66579
421 30050
422 28493
423 23976
424 6014
426 32787
427 33653
428 75810
432 9067
434 26990
435 16675
436 23109
442 29163
443 7700
447 53566
451 60288
453 25173
454 10269
456 9786
457 68515
461 37329
462 2085
463 38412
465 58902
467 1589
470 23908
472 24154
475 30943
481 2340
483 63371
484 44566
486 34751
488 72209
493 29869
495 36266
498 43951
499 40406
500 48603
502 39026
504 1248
507 8392
508 31009
509 30843
511 66641
512 22072
513 6183
514 11126
515 71381
516 48229
520 23836
521 6821
522 75120
524 67186
529 67648
530 67873
531 26031
533 42344
535 37943
537 17751
538 8113
539 8317
540 44166
541 73715
542 16508
543 55420
544 61185
545 26365
547 36500
549 32541
550 55003
551 76855
553 34178
560 67775
563 38388
566 59926
567 17491
568 55417
569 43144
570 51382
572 8692
574 20570
581 76030
585 44238
586 3807
589 12125
591 32247
595 55164
596 35420
597 76035
599 48845
601 61316
603 11938
604 50598
605 59846
606 24857
610 46329
611 70222
615 1475
617 24000
618 42620
619 67713
620 26491
622 21798
624 35402
625 60377
626 1302
627 49431
630 67350
634 55381
635 34890
636 69306
637 15136
638 31410
639 75222
640 52622
644 19154
645 61559
646 24694
647 6052
649 35977
650 32332
651 23510
652 47818
653 19944
655 6189
656 40857
658 1725
659 39404
663 32708
665 20688
667 7278
672 362
673 33208
674 740
675 6746
676 76389
678 14921
679 16756
680 38320
682 35968
686 57352
690 70887
693 28965
695 55609
696 3372
698 31501
700 32914
701 5155
704 36767
705 53012
706 46356
709 39445
715 38985
719 74656
720 731
722 70529
726 43532
727 60393
728 11982
729 75109
732 75418
734 6545
735 54771
737 5292
738 59318
739 30956
740 64653
741 13072
742 27345
743 36261
746 15646
747 29565
750 65332
751 10661
754 71681
755 41297
756 48858
757 43847
759 24802
760 70339
761 35162
764 40036
765 35026
768 46787
769 6736
775 1645
777 13046
778 40955
781 14440
783 46579
784 44915
787 34822
788 17256
789 1558
790 55037
792 1813
793 40079
796 22797
798 44121
799 7960
802 17908
806 45886
807 9710
808 5713
810 19086
811 1266
813 74405
814 7893
815 26468
821 10883
822 37972
823 10616
824 64433
826 17133
829 65476
830 10118
838 5498
843 20667
845 48000
846 28442
847 46437
849 64048
852 56315
856 53176
857 43136
858 48231
862 7764
863 6441
864 11246
866 38987
869 2278
871 5442
873 25449
875 43680
878 27540
879 21180
880 48960
884 54887
886 35932
891 28253
892 50450
893 51806
894 15618
896 72647
898 70469
899 56746
901 56878
903 61639
904 4461
905 47804
906 31029
907 74899
912 8046
916 32225
917 56826
919 17936
920 70614
921 10282
923 28714
924 42467
925 19864
926 53896
929 37670
930 22317
931 14461
932 33871
934 20873
936 26724
937 55555
938 27037
939 61249
940 4559
941 60026
943 55046
944 16730
946 57716
947 8293
948 49134
954 37627
956 71535
957 53125
958 58282
959 6939
960 56795
961 31094
962 40873
964 8839
965 1285
966 76775
969 67096
971 31877
972 72745
974 40026
976 42814
977 71334
978 58262
979 72216
980 38217
981 2700
983 23263
984 10720
985 48536
986 68699
988 6878
990 42738
994 21717
996 45038
997 56388
999 35862
1000 31210
1001 24745
1002 57541
1005 17330
1006 18554
1007 75304
1008 19028
1009 13012
1012 51866
1015 38185
1016 28594
1017 26720
1020 35833
1021 67344
1026 56575
1029 30413
1032 25216
1034 76129
1035 66043
1036 38567
1037 15799
1038 16341
1039 3924
1040 15313
1041 28143
1042 20100
1043 65714
1045 18056
1049 52495
1053 7625
1054 5886
1055 21008
1057 21605
1060 68696
1061 14579
1065 49902
1069 47980
1072 69409
1073 15115
1075 36279
1076 10309
1079 35412
1080 57925
1081 45735
1082 51133
1083 36241
1086 48260
1089 42807
1094 60234
1095 66837
1097 40403
1099 6544
1100 31292
1101 11919
1102 6758
1103 3096
1104 54834
1105 41136
1108 59680
1109 22304
1115 58590
1117 31976
1120 29560
1122 8058
1123 6528
1125 3497
1126 65973
1127 74363
1128 13675
1129 66295
1130 1787
1131 44303
1134 3627
1135 33075
1136 22270
1137 15054
1142 72212
1146 60233
1147 23583
1148 42033
1151 10786
1158 10553
1159 24407
1160 63554
1165 20049
1171 14023
1172 65226
1173 20468
1174 57737
1175 42578
1176 69629
1177 4338
1178 27503
1179 31720
1181 5905
1183 34066
1184 41881
1185 68286
1186 25440
1187 70564
1188 55377
1189 50969
1190 9365
1192 15832
1193 2122
1197 29686
1198 40247
1200 68930
1201 18770
1202 62301
1203 27234
1205 23526
1206 26906
1209 41684
1210 17022
1213 60837
1214 44025
1217 28883
1218 27280
1219 16961
1222 71639
1223 18777
1225 1897
1226 15238
1229 2302
1230 62944
1231 1988
1232 12848
1237 36228
1238 10766
1239 51647
1240 6487
1243 44597
1247 46508
1250 33631
1252 48958
1255 50856
1258 84
1260 46884
1261 48537
1262 62047
1263 70438
1264 26375
1265 73536
1266 7865
1267 47347
1270 2463
1271 27843
1272 37574
1276 29774
1277 42686
1279 8535
1283 45621
1285 25247
1292 12103
1293 9902
1295 71503
1296 56730
1297 26435
1298 66417
1303 26782
1304 71986
1305 40119
1306 56904
1308 19177
1314 57871
1317 68260
1321 17402
1324 62000
1326 9744
1327 75076
1328 13303
1330 22373
1331 17463
1333 65500
1334 68751
1340 63708
1341 60191
1344 1033
1345 10821
1346 52048
1347 33168
1348 13713
1349 43635
1350 58201
1352 8635
1353 17324
1354 8409
1355 70576
1358 37976
1359 62393
1360 67368
1364 24390
1366 35492
1371 59115
1373 4368
1378 19812
1380 19892
1381 42303
1386 21214
1387 55796
1388 39891
1391 43371
1396 29467
1397 974
1399 59500
1403 4366
1404 18060
1406 40229
1409 59836
1411 40192
1412 69056
1413 71509
1416 3962
1419 43033
1420 57137
1423 1668
1425 5923
1427 8617
1429 14169
1432 61986
1433 57345
1434 71088
1437 10869
1438 46919
1441 11645
1442 40564
1444 68023
1445 77042
1446 45728
1448 5202
1449 51987
1456 12714
1457 5603
1458 48813
1462 25169
1465 9510
1466 74638
1467 11157
1468 40080
1470 21690
1472 71856
1474 59034
1476 48767
1481 1434
1482 3879
1483 11129
1488 17873
1489 27005
1493 22845
1494 947
1497 73270
1498 61419
1502 37607
1503 49559
1506 20634
1507 2096
1510 24936
1511 8343
1513 12247
1514 16691
1516 18408
1517 2355
1518 8533
1520 22913
1522 3509
1524 11185
1525 19416
1527 18714
1528 71811
1530 3887
1531 21233
1532 2308
1533 7152
1534 37317
1535 2086
1536 36936
1537 70356
1539 58219
1542 17705
1544 4755
1545 75059
1546 30023
1548 14371
1550 44551
1551 47535
1552 25182
1557 26054
1558 32757
1559 58995
1560 22802
1563 47382
1567 25824
1569 8781
1573 39595
1575 17719
1576 31815
1580 17266
1581 64875
1582 21245
1583 26717
1587 73421
1589 50991
1590 30780
1598 59346
1600 66341
1601 29585
1602 11063
1603 24187
1606 24444
1608 59337
1610 32901
1611 16455
1614 2019
1616 53945
1617 25986
1619 15023
1621 41625
1627 7136
1629 10562
1632 57963
1633 52439
1636 13253
1637 36464
1638 34732
1640 42845
1642 4887
1644 68402
1648 70353
1649 31475
1650 38965
1651 17618
1653 23497
1656 4774
1660 24389
1662 7074
1666 69022
1667 13484
1671 35561
1672 8903
1673 4912
1674 19904
1677 4353
1678 18739
1680 31116
1683 27522
1685 59983
1690 32122
1693 59934
1696 34035
1699 16032
1700 50908
1702 15706
1706 32288
1710 10798
1714 64368
1715 28353
1716 29415
1718 43800
1719 57886
1721 24865
1722 60672
1724 2918
1725 44732
1726 13039
1728 26888
1730 30013
1731 21824
1734 28754
1735 18590
1736 59851
1745 3977
1746 70511
1747 39956
1748 41248
1751 39777
1754 69309
1756 12022
1759 3360
1761 68635
1765 34222
1768 74844
1769 13752
1770 29672
1772 41538
1774 32394
1780 60802
1781 2778
1782 10218
1784 11303
1785 14502
1788 68976
1790 6583
1792 1298
1796 72671
1798 69688
1800 34414
1802 68265
1804 21563
1806 35456
1808 22879
1809 60261
1811 5229
1812 6696
1813 62571
1814 55366
1816 50867
1818 31282
1820 29951
1825 48041
1827 29115
1828 60269
1829 8191
1832 2738
1834 23478
1835 17902
1839 76714
1841 61526
1842 7840
1843 70477
1844 57549
1846 43905
1847 20911
1850 11374
1851 22464
1852 54697
1853 16321
1856 26446
1858 47497
1862 18364
1863 59382
1864 5213
1867 62909
1868 52910
1869 34248
1870 29763
1873 8967
1877 58022
1882 4686
1883 35999
1884 25017
1885 63057
1888 48939
1889 27996
1890 48071
1891 54304
1892 914
1894 59569
1895 32718
1897 6459
1898 75730
1899 4496
1900 63008
1903 2296
1905 52848
1907 43035
1909 68778
1911 3525
1915 44814
1924 9972
1925 70467
1926 7449
1929 26784
1934 62348
1935 1209
1937 51962
1940 42760
1942 37307
1944 69902
1947 54350
1949 11771
1950 60747
1953 46776
1955 26133
1957 17396
1958 36734
1959 73811
1961 22202
1966 72017
1968 16864
1970 18617
1971 70276
1972 21529
1974 51554
1975 33868
1978 74666
1979 937
1981 51246
1984 22566
1985 12242
1986 7231
1988 21510
1994 40531
1995 64826
1996 64978
1998 733
2000 31193
2002 68350
2004 587
2005 61732
2012 58551
2013 41428
2014 53673
2015 57561
2017 63379
2018 68702
2021 25055
2022 50411
2023 25758
2024 227
2026 70362
2028 13726
2030 22882
2031 68726
2033 13787
2035 60975
2038 71721
2043 23095
2047 18934
2048 29854
2050 43314
2051 11169
2052 21372
2053 43137
2055 18970
2056 44608
2057 26905
2060 19541
2062 64602
2064 2696
2066 15823
2070 17120
2071 16298
2072 66281
2073 66750
2075 281
2076 52537
2078 35293
2080 62112
2081 323
2082 17407
2084 71929
2086 29842
2087 11827
2088 15575
2090 75450
2092 30799
2093 33896
2097 32165
2100 32538
2101 33230
2102 48533
2104 40752
2106 76648
2107 61871
2109 5194
2110 9290
2111 38621
2113 28717
2118 34139
2119 38904
2120 2576
2123 60235
2125 49616
2126 5369
2127 59889
2135 36740
2137 57084
2140 39547
2141 26754
2142 21670
2145 14814
2148 72075
2149 35425
2150 23249
2151 19284
2155 42998
2156 5459
2157 58108
2163 9549
2167 67394
2171 54524
2178 33311
2180 26487
2181 47901
2182 33589
2183 29075
2184 60367
2186 131
2187 49779
2188 23340
2189 5270
2190 58447
2191 1229
2193 1699
2195 40973
2197 8657
2198 1861
2199 3133
2203 7193
2204 11491
2205 24072
2208 45176
2212 57162
2214 28001
2218 53873
2219 26433
2220 17893
2223 43695
2224 20529
2225 59567
2227 14559
2230 13563
2232 29574
2233 71979
2235 46452
2236 74439
2238 5950
2239 26438
2240 594
2241 21791
2242 34017
2245 36750
2249 42600
2252 23364
2254 26633
2255 8888
2256 9797
2257 29623
2259 54113
2260 4946
2261 40621
2263 13544
2264 7757
2266 65249
2268 59445
2269 76120
2275 61747
2276 1220
2277 64786
2281 74517
2283 23794
2285 30274
2287 32058
2288 2761
2289 38609
2290 43018
2291 13241
2292 17918
2293 3294
2295 23012
2296 47743
2297 10006
2299 32891
2303 4063
2304 23167
2305 49509
2306 42802
2311 23131
2317 66466
2318 32372
2320 35852
2321 43073
2325 14999
2327 17933
2336 17615
2337 67022
2339 43453
2340 51316
2341 22737
2342 34347
2344 47203
2346 50641
2354 62439
2355 2678
2357 18542
2360 49194
2361 35885
2362 38817
2366 67408
2367 22695
2368 73850
2369 29980
2371 11319
2372 60379
2374 2237
2375 41845
2376 20286
2377 18971
2378 3548
2380 17075
2383 48140
2384 25878
2385 18421
2386 19387
2387 50331
2389 29976
2390 28641
2391 55689
2392 35822
2393 75367
2395 68953
2397 77054
2398 8646
2400 2016
2402 49735
2405 28794
2407 26388
2408 52775
2413 46918
2417 24560
2421 32886
2422 73124
2424 49924
2425 7661
2427 71694
2429 21738
2430 53377
2431 62014
2432 11363
2435 52193
2436 56424
2437 49892
2441 37439
2442 12557
2445 66983
2453 37027
2458 35189
2461 74846
2463 26014
2464 16502
2465 12079
2466 7798
2467 50343
2469 42550
2473 56806
2475 48995
2477 19482
2478 17135
2479 40480
2482 51101
2485 8114
2486 39582
2487 14699
2488 49623
2490 40493
2491 41643
2492 8252
2495 34018
2496 33291
2497 60640
2499 61393
2502 70682
2503 68849
2506 42353
2510 45167
2511 13285
2512 37793
2514 16336
2518 887
2519 33354
2520 74781
2533 8012
2534 58454
2535 22104
2536 44460
2537 11067
2538 4355
2540 60314
2541 9870
2542 5871
2543 26632
2544 19153
2547 38994
2549 11402
2551 24935
2552 61197
2556 58093
2557 44300
2560 41850
2568 24384
2572 20722
2574 70628
2575 60497
2576 53944
2581 39034
2583 56571
2585 3121
2587 19648
2588 18806
2590 54302
2592 58819
2596 26496
2597 67776
2598 14317
2602 491
2603 64363
2605 59559
2609 26641
2611 70012
2612 16495
2613 16971
2614 39960
2615 12608
2617 25827
2618 8869
2620 66816
2621 6910
2622 30310
2623 39485
2624 27808
2626 74335
2627 24586
2628 12523
2629 3444
2630 45536
2633 24669
2634 26053
2635 24427
2637 11256
2639 26566
2642 13995
2648 42036
2649 50744
2650 65263
2654 5983
2655 35568
2656 11012
2658 14097
2661 75574
2662 790
2663 11278
2665 38043
2667 74556
2669 3401
2672 14730
2675 28337
2677 47429
2678 3123
2682 57893
2685 63775
2686 4911
2688 24749
2692 68608
2695 33748
2696 13686
2698 38326
2700 16173
2701 67758
2702 75855
2703 42405
2704 11817
2706 2506
2711 18854
2712 6017
2713 40782
2717 50065
2719 3518
2723 21706
2724 50597
2726 23044
2729 34865
2732 23696
2733 25183
2735 29993
2736 34704
2738 59398
2739 20208
2740 8558
2741 39152
2743 69595
2744 48938
2745 8634
2747 43372
2750 50953
2751 18952
2752 56722
2753 1035
2754 23184
2756 21537
2759 45509
2761 15029
2762 15292
2763 54970
2764 45721
2769 40439
2772 35118
2773 1685
2775 1487
2776 70905
2777 6047
2778 60238
2780 72389
2781 17567
2783 18744
2786 22319
2787 39596
2790 16358
2797 44240
2802 642
2803 74800
2805 28463
2809 31996
2813 69645
2816 49896
2817 640
2819 9266
2820 17899
2823 65424
2825 2141
2826 46634
2827 11871
2832 11500
2834 58086
2835 14434
2838 55463
2840 5727
2846 22266
2849 14297
2853 25200
2854 3221
2856 57780
2857 11963
2859 11796
2862 22283
2863 451
2865 9743
2866 7189
2867 62988
2868 30975
2872 14077
2874 27755
2876 26608
2883 63765
2884 41308
2885 28731
2887 15628
2889 14864
2891 72748
2892 37187
2893 32922
2895 57411
2896 71328
2897 59065
2901 46622
2903 16551
2904 35022
2905 45654
2906 23901
2913 7021
2914 10744
2916 23831
2919 28876
2920 12283
2922 41224
2923 72181
2925 6584
2927 70684
2929 7044
2931 56173
2934 10164
2935 61301
2936 36566
2940 5586
2941 68306
2945 1372
2947 31837
2949 39431
2951 70177
2952 64719
2954 9174
2956 40644
2957 15398
2959 49373
2960 49983
2961 12619
2967 9359
2969 20773
2971 58529
2972 6168
2973 64763
2975 42879
2976 38941
2980 34824
2981 21355
2983 32938
2985 27529
2986 4834
2987 21886
2990 15533
2994 42099
2998 42923
3004 23475
3005 29284
3021 31255
3022 25624
3025 56448
3026 46960
3028 56517
3029 15122
3030 66485
3031 22410
3034 27110
3035 49428
3036 22463
3038 27326
3040 65067
3042 66626
3043 70516
3046 59105
3048 28373
3049 68573
3050 22452
3051 12964
3052 29276
3054 20546
3056 54952
3057 74981
3061 20675
3066 33076
3067 68280
3069 74325
3070 74199
3071 2324
3073 14385
3074 19502
3079 48232
3082 57423
3084 70528
3086 12581
3087 17588
3089 7421
3091 17721
3092 38544
3093 67417
3095 37604
3098 10063
3105 22090
3109 12059
3111 31499
3117 66736
3118 28423
3119 47102
3120 21812
3121 46147
3122 49381
3123 73
3127 75295
3129 47776
3133 64123
3135 67200
3137 16585
3140 68309
3142 16356
3144 51161
3145 1269
3148 24469
3149 52219
3151 59769
3152 20213
3156 43365
3165 6693
3167 44721
3168 29238
3172 37465
3180 49673
3181 13020
3182 14914
3186 9474
3188 15243
3189 25008
3190 26901
3195 41583
3196 2689
3197 35994
3198 3882
3199 77026
3202 42883
3203 1240
3206 14857
3207 979
3212 41906
3213 72424
3215 35831
3217 64005
3218 17060
3219 71561
3221 27049
3222 20576
3227 1991
3228 40443
3229 28500
3232 46436
3238 32971
3241 19238
3242 46060
3243 28486
3244 6468
3245 60172
3247 44538
3249 14068
3253 68839
3254 24920
3255 76939
3257 39249
3259 27009
3261 66379
3262 43869
3264 70045
3267 14539
3271 59276
3273 61478
3275 29046
3279 17599
3280 44099
3282 21787
3283 11304
3284 26550
3288 73132
3290 2892
3291 47326
3292 76964
3293 30531
3295 3760
3297 35498
3299 71976
3300 61348
3301 12078
3302 16890
3305 66093
3306 31204
3308 17692
3309 9655
3313 58595
3317 65588
3318 28881
3321 71931
3322 32571
3323 43606
3324 217
3326 58843
3327 28986
3329 11551
3332 4744
3335 14830
3337 53454
3338 9085
3341 48280
3342 52918
3343 2740
3344 74992
3346 47471
3348 59732
3350 11931
3351 49925
3353 8156
3356 75849
3358 633
3359 62520
3361 36651
3363 33163
3369 40693
3372 53304
3373 47529
3375 16454
3376 20447
3377 16014
3378 50475
3380 18916
3381 31587
3385 59480
3386 25704
3388 32075
3389 26103
3397 11061
3400 1979
3401 67513
3403 42619
3404 40812
3405 1078
3408 17968
3409 14401
3412 69014
3413 38090
3414 59344
3422 59533
3424 39564
3425 56956
3427 4411
3428 18595
3430 55935
3431 48790
3433 44475
3434 68227
3439 28188
3441 48406
3443 9407
3448 17149
3450 3867
3451 54856
3452 5190
3461 17695
3463 5361
3464 63467
3465 56059
3466 40637
3467 41122
3468 10071
3469 53342
3473 2634
3474 39098
3475 41142
3479 25757
3486 2586
3490 64999
3493 44340
3496 13077
3499 25480
3502 49101
3503 41972
3505 29731
3506 771
3507 10819
3508 28639
3509 50446
3510 9882
3513 64498
3517 3182
3518 3384
3519 21438
3522 51948
3524 74111
3525 5329
3528 51319
3529 32308
3531 75186
3533 22855
3535 66256
3536 55325
3537 68208
3539 67221
3543 30984
3544 16527
3548 34388
3550 67830
3552 43517
3554 41038
3555 30481
3556 42202
3558 1647
3565 17742
3566 34488
3570 12665
3572 14358
3573 44596
3575 54641
3576 5241
3578 33840
3579 18067
3580 21831
3582 42284
3585 34455
3586 7277
3587 32004
3588 25172
3592 25019
3593 29809
3598 28161
3599 34784
3600 17757
3602 18580
3603 38645
3604 32876
3605 47280
3606 5694
3610 61842
3612 4868
3613 67547
3614 36728
3620 66439
3621 65075
3626 42076
3628 23080
3633 58924
3637 54391
3638 15083
3639 54216
3640 56931
3641 22391
3642 8865
3644 67550
3647 75331
3651 70869
3654 52204
3655 8446
3657 41023
3658 15676
3659 68102
3661 42145
3664 38327
3667 76064
3668 65317
3669 55520
3671 59075
3674 46777
3678 1401
3679 539
3680 32736
3681 10472
3683 46178
3686 30546
3688 65795
3689 24149
3690 52845
3693 11107
3694 39748
3699 9011
3700 45333
3704 20921
3705 44873
3707 55800
3708 65403
3709 10190
3710 47858
3713 18088
3716 48783
3717 52258
3719 64174
3721 10659
3732 61762
3734 50930
3735 14945
3737 72983
3738 43683
3740 42409
3741 45820
3742 29835
3744 6929
3748 39705
3749 15905
3750 19087
3751 51036
3754 7565
3755 70956
3759 38238
3760 5785
3766 37697
3767 15470
3771 51845
3774 15805
3777 36299
3778 28214
3780 40144
3781 35707
3786 68952
3787 40724
3791 51809
3794 6200
3795 11322
3796 33533
3797 16528
3798 30183
3799 60194
3802 12610
3807 30769
3808 15303
3813 16273
3818 15251
3819 54545
3820 13003
3823 37410
3825 39700
3826 45202
3827 4858
3828 68015
3829 34019
3831 54005
3832 11120
3835 756
3836 26439
3837 7113
3840 69942
3842 31092
3844 31872
3845 71237
3846 45256
3847 46359
3848 11070
3850 63856
3851 74543
3854 14261
3855 73868
3857 72446
3859 28583
3860 7723
3861 58246
3862 67386
3863 58918
3864 17710
3873 37840
3874 64227
3875 60700
3876 70038
3880 6087
3881 18857
3882 2155
3883 71496
3885 73906
3886 23288
3889 51229
3890 56876
3893 34996
3898 16557
3900 59118
3902 51105
3903 21720
3905 51019
3907 68022
3909 8127
3910 48379
3911 67679
3917 1157
3918 3466
3924 50649
3927 38383
3928 53473
3930 49747
3931 37871
3933 60009
3935 16385
3937 22643
3938 45109
3939 37658
3940 61550
3941 4294
3947 24234
3949 65337
3951 32423
3952 67602
3956 7561
3960 58822
3961 67857
3962 67815
3963 47515
3964 11156
3965 74126
3966 74693
3969 29994
3970 6588
3975 22686
3978 17481
3980 15000
3984 76788
3985 16824
3986 51404
3987 60955
3990 50847
3991 52898
3993 15753
3995 5059
3997 59253
3998 23520
3999 13956
4001 48452
4005 46927
4007 9055
4009 71212
4010 46845
4012 35876
4013 7976
4017 3930
4018 5004
4020 52613
4021 34096
4022 48463
4023 39425
4024 44430
4028 76171
4029 3978
4031 706
4033 6919
4036 70735
4038 63557
4040 53231
4041 76972
4042 3126
4043 26767
4045 54220
4053 74336
4057 65391
4058 44187
4060 33684
4061 22547
4062 63330
4064 29594
4067 45577
4069 48127
4071 71264
4072 42229
4076 25912
4077 12270
4078 31768
4081 32025
4084 21275
4086 63591
4087 34182
4088 71734
4089 66455
4090 60698
4094 23327
4095 50392
4096 35527
4100 23889
4101 38646
4103 28151
4104 35604
4105 19066
4107 53612
4109 10338
4114 31951
4118 34869
4122 14696
4125 42848
4126 2806
4128 42585
4129 30106
4130 62764
4131 26178
4133 39461
4134 21754
4137 29992
4141 58341
4142 11202
4143 41307
4144 71493
4153 69491
4158 16796
4159 76295
4160 48440
4161 27392
4162 77072
4165 8971
4166 17072
4167 30825
4168 16108
4169 9024
4170 28312
4171 63322
4176 50550
4180 13264
4181 40312
4184 53360
4189 2801
4190 6775
4194 36569
4195 21883
4199 22909
4200 75106
4202 34600
4204 60528
4205 31347
4206 57356
4208 10314
4215 4700
4217 58913
4219 67412
4220 54352
4223 3761
4224 8760
4226 41632
4228 21362
4231 11772
4232 63426
4233 25336
4234 76046
4235 52664
4237 63635
4238 26628
4240 56069
4243 35330
4245 73381
4246 21367
4248 45314
4250 68801
4252 18360
4254 17496
4258 37172
4261 35250
4262 73393
4265 52566
4266 27657
4267 56817
4270 870
4274 8296
4275 40016
4276 38881
4279 24937
4281 39834
4282 48192
4283 11563
4284 59005
4285 31239
4286 38574
4288 49603
4289 24727
4293 11545
4295 5047
4296 12003
4299 58266
4300 30400
4302 36093
4305 71981
4307 30882
4310 40535
4311 66855
4312 45830
4314 61042
4316 9270
4317 33633
4318 42170
4319 39569
4324 16262
4326 43917
4327 63506
4332 56206
4334 64158
4335 13763
4339 29338
4345 66510
4347 70245
4348 1042
4349 61705
4350 42302
4353 34688
4356 12857
4359 43246
4364 2393
4367 41865
4368 71869
4371 5536
4372 35275
4374 43124
4375 40624
4377 53029
4378 32447
4380 6638
4382 181
4383 24854
4390 1800
4391 69197
4394 11380
4395 54849
4396 18476
4402 13649
4403 5275
4404 45672
4405 59128
4406 76629
4411 67475
4412 26766
4413 29226
4417 50470
4420 8991
4421 33500
4422 16412
4423 27048
4425 35132
4427 48117
4429 618
4431 9626
4433 26068
4438 24796
4439 15649
4442 957
4445 63824
4448 25404
4450 22010
4453 23641
4455 74467
4459 8420
4464 13838
4465 22296
4467 22562
4470 15262
4473 201
4474 31942
4475 29292
4476 73218
4477 75256
4478 24514
4479 55018
4481 19697
4482 74932
4486 20992
4487 20172
4488 16145
4489 33678
4491 73033
4493 33966
4495 66344
4497 5731
4498 267
4499 30785
4500 25774
4502 13446
4503 30436
4508 67806
4510 39134
4511 70571
4512 72261
4513 41230
4517 4809
4519 22005
4521 62509
4523 64479
4524 15426
4525 10347
4526 13203
4528 18671
4531 6455
4533 4997
4536 69398
4538 75968
4539 52554
4543 46084
4544 21500
4545 54620
4546 20183
4548 8665
4549 24122
4550 42715
4552 1267
4553 31241
4554 47401
4560 33283
4565 39374
4567 22404
4569 42046
4571 23590
4573 32276
4576 6444
4579 36862
4581 12984
4582 73665
4584 64196
4587 29666
4589 55786
4590 50513
4591 8521
4592 56773
4593 67064
4595 29899
4597 43426
4598 55241
4599 31308
4600 58877
4601 17674
4603 65689
4604 31793
4606 37288
4607 56281
4608 1252
4609 17023
4611 34231
4612 24398
4613 56286
4614 10532
4617 7543
4620 58888
4622 4397
4635 60392
4636 59908
4637 52102
4638 15612
4640 30916
4642 25714
4645 68846
4648 38263
4649 11628
4650 14879
4653 1327
4655 14008
4658 46711
4659 58751
4660 12186
4661 27052
4663 24845
4664 3626
4666 730
4667 55575
4673 65878
4677 39343
4679 25462
4680 55267
4684 5370
4685 24794
4686 55965
4689 28828
4690 25456
4693 26059
4695 57216
4698 55704
4699 58671
4701 69901
4703 68729
4704 5422
4705 39919
4706 66020
4707 69231
4711 6486
4712 30425
4716 38779
4717 24228
4720 20862
4722 32643
4724 62617
4726 60040
4727 15754
4730 14634
4732 18292
4733 66960
4735 24609
4736 49332
4738 63494
4739 20701
4741 9766
4742 49221
4744 60945
4745 43651
4746 61546
4749 75817
4755 23887
4757 13188
4759 70928
4764 27912
4772 60516
4773 57921
4775 73988
4778 10822
4779 67655
4780 42984
4781 52142
4782 50239
4784 31596
4787 66319
4788 10906
4790 46024
4791 666
4794 3829
4795 44057
4799 30476
4804 42809
4808 40723
4813 69265
4814 4779
4820 61853
4821 34275
4824 58798
4826 22836
4827 19323
4828 27158
4830 24309
4840 21461
4845 8326
4846 8818
4847 2064
4848 12780
4849 21102
4853 46409
4854 58946
4861 28698
4863 37925
4865 46122
4867 74695
4872 19062
4876 22311
4877 29516
4878 44846
4879 45587
4882 15866
4883 22320
4888 35401
4889 55110
4890 53409
4894 68798
4896 29663
4899 49626
4900 58487
4902 46261
4906 25352
4907 55884
4909 38887
4910 41334
4911 52859
4912 32665
4913 6402
4914 30203
4915 34492
4916 53265
4918 70963
4921 24274
4923 235
4924 65395
4926 10394
4928 68061
4932 76825
4935 51179
4936 52254
4939 45313
4940 37901
4942 21364
4944 39882
4946 9046
4948 34054
4950 4723
4951 1865
4952 34128
4955 51250
4959 9925
4963 33779
4964 17832
4965 36922
4966 8421
4968 4242
4969 43329
4970 38624
4971 19380
4975 6871
4980 5860
4981 15075
4982 31940
4985 18769
4986 29321
4987 9092
4988 42292
4993 37965
4995 52237
4996 30919
4997 44687
4999 15984
5000 4725
5001 74747
5002 23958
5003 49257
5005 9268
5006 56467
5009 44807
5012 34896
5013 13192
5014 11110
5016 19396
5017 34338
5018 43870
5021 48832
5022 40343
5025 14564
5026 35909
5027 33922
5028 44083
5029 13940
5030 64206
5032 36989
5033 9815
5034 67659
5036 63403
5037 25050
5038 1228
5039 5110
5041 56488
5042 70864
5043 52066
5049 21215
5050 22785
5052 72361
5053 21639
5054 31448
5056 63341
5058 24190
5060 35102
5063 7601
5065 40437
5066 25437
5071 1973
5074 70741
5076 5097
5079 64808
5082 17830
5083 60571
5084 10552
5085 13195
5086 76833
5087 56937
5088 50749
5089 41925
5091 5231
5094 5524
5096 73044
5099 47487
5104 195
5106 16619
5107 30684
5109 13108
5111 61717
5112 29171
5113 20224
5119 37669
5120 2960
5122 1219
5124 53082
5125 23070
5126 27409
5127 58720
5128 72692
5131 33503
5132 21758
5135 58735
5136 8626
5141 25532
5145 15319
5146 72076
5147 13104
5149 23451
5150 5170
5151 18573
5153 30970
5154 32996
5155 4478
5156 73264
5157 16218
5158 7472
5159 45896
5160 3002
5161 7315
5162 40577
5164 50414
5165 47390
5166 50877
5171 37395
5173 56405
5174 50585
5175 19544
5176 69098
5177 14082
5179 57646
5180 76772
5182 50098
5184 37323
5188 17724
5189 553
5190 38055
5191 47922
5192 33410
5196 62395
5199 25232
5200 30734
5203 51977
5207 593
5212 1086
5213 15324
5217 30453
5218 29297
5219 31301
5220 42336
5222 42427
5224 33461
5225 14233
5226 38145
5227 17533
5228 40719
5231 61074
5232 68752
5235 57309
5238 59053
5241 22607
5255 6587
5256 76819
5257 49624
5258 59852
5259 19746
5261 53066
5262 66313
5265 37839
5266 24907
5268 69746
5273 51192
5274 73719
5275 54692
5276 2946
5277 57223
5282 9250
5283 19414
5286 21799
5287 60205
5289 7454
5290 65044
5297 63692
5298 67055
5299 68662
5300 26022
5301 5552
5303 54979
5307 68550
5308 53531
5309 22307
5311 4407
5313 66686
5314 12367
5315 19281
5316 54504
5318 23966
5320 44232
5321 76642
5332 57279
5333 2469
5338 10466
5339 26244
5343 45778
5345 33114
5347 45706
5348 55503
5349 23034
5351 54831
5352 42474
5358 19307
5362 36713
5363 17049
5366 4628
5367 20884
5373 39447
5376 22034
5382 5114
5383 63974
5384 14189
5385 55831
5386 10975
5387 23729
5392 25357
5393 42843
5395 50883
5396 44362
5398 20335
5401 13063
5402 15820
5406 29013
5408 43839
5410 21445
5413 74946
5415 17167
5418 39276
5419 46909
5421 1454
5422 67594
5423 33766
5424 31692
5425 41781
5428 61039
5430 2406
5431 45992
5435 43255
5436 54274
5438 52518
5440 37357
5441 857
5444 13179
5445 64593
5446 43696
5447 13045
5448 205
5449 30777
5450 54095
5452 39221
5454 72009
5455 27181
5456 34223
5458 46652
5461 4124
5468 14181
5471 46819
5473 25342
5478 4169
5481 4950
5482 38031
5483 71066
5487 48662
5489 69642
5494 14906
5498 26377
5500 74231
5501 39940
5504 10377
5506 30197
5509 59808
5510 46038
5511 3486
5515 29916
5518 65285
5521 56578
5522 60925
5523 75248
5524 18453
5527 15212
5530 61867
5531 31104
5534 3664
5535 9353
5537 70294
5541 43770
5543 4074
5544 66367
5547 26616
5549 45239
5554 62555
5555 57203
5557 35299
5559 26699
5560 31548
5561 48424
5564 71962
5565 76155
5567 10623
5568 24001
5570 73012
5572 18383
5576 24278
5580 5046
5583 57334
5584 32179
5586 9739
5587 3563
5589 65280
5590 34880
5591 24026
5597 62229
5600 63647
5602 44396
5604 7786
5606 22088
5608 955
5609 26430
5610 61817
5616 25288
5618 3556
5619 7631
5620 499
5622 53798
5627 18119
5628 36577
5629 40738
5630 36578
5631 54872
5632 68487
5634 59470
5639 10501
5643 7415
5645 72555
5647 48728
5648 32719
5653 40347
5654 8912
5655 47613
5656 64078
5657 14739
5658 36426
5659 56756
5662 27016
5663 27846
5673 34432
5674 54570
5675 26300
5676 64555
5678 8621
5679 19256
5680 6616
5682 31594
5683 482
5686 36386
5687 61373
5690 41404
5692 31794
5693 57234
5695 24785
5697 56489
5698 3894
5699 16652
5700 5919
5705 13311
5706 42239
5708 22732
5709 48470
5714 966
5715 53719
5716 1100
5718 4246
5719 60139
5720 75454
5721 75092
5723 55606
5724 54358
5725 20796
5728 15494
5733 62614
5737 19106
5739 48303
5742 3578
5744 34280
5746 23738
5747 190
5748 19844
5749 66500
5750 19485
5751 23003
5753 26020
5754 28769
5755 57691
5756 17970
5759 35800
5760 25616
5761 55913
5762 75960
5763 22053
5765 39880
5767 56482
5769 72250
5772 53935
5773 60429
5774 4019
5776 8279
5777 17316
5778 12983
5782 1399
5784 21101
5786 48270
5787 72807
5791 71337
5794 2374
5796 63252
5797 65511
5800 13475
5802 46740
5803 55152
5806 45727
5812 32345
5815 3347
5816 12051
5817 43665
5819 77025
5820 13067
5821 24199
5823 44662
5825 54355
5827 36068
5828 72526
5833 1900
5837 31776
5838 19246
5839 30364
5844 16057
5848 75828
5849 76187
5850 24588
5852 1614
5853 23221
5854 46593
5857 16427
5858 62200
5862 6278
5865 54584
5867 40215
5868 75374
5869 15105
5871 59561
5874 64072
5876 359
5880 24233
5881 33501
5883 7383
5884 27538
5885 35381
5888 29765
5889 17350
5890 22376
5891 48631
5893 54754
5894 53335
5896 27456
5898 5719
5901 14760
5902 75167
5905 11907
5906 15070
5909 75191
5911 8989
5913 62597
5914 56721
5915 42570
5916 54210
5919 17628
5923 72777
5924 1757
5932 34859
5935 45275
5936 1254
5939 75924
5941 5044
5944 23124
5945 18334
5946 60138
5947 3531
5948 2995
5949 65558
5952 17859
5953 30161
5954 5641
5955 93
5956 37523
5957 55653
5959 18150
5963 34336
5965 48933
5967 69571
5971 46382
5978 34427
5981 53442
5985 67238
5991 34572
5992 20295
5995 14059
6004 14575
6010 71419
6015 35423
6016 58945
6019 38600
6021 61628
6022 8101
6023 25213
6024 15770
6025 66197
6030 40023
6031 44591
6032 55778
6033 6872
6035 31409
6037 20565
6039 29738
6041 12599
6042 46146
6044 68255
6045 50093
6047 49823
6051 73104
6053 23433
6054 19853
6055 27621
6056 13275
6057 34371
6058 35755
6059 48997
6060 71610
6061 27105
6062 56637
6063 63087
6064 1175
6066 13343
6067 17775
6070 54247
6072 6809
6073 48045
6075 34106
6076 35464
6079 41616
6081 51994
6084 73105
6086 17004
6094 34760
6095 50960
6096 53548
6098 56718
6104 39558
6105 30054
6108 73915
6110 55619
6111 62428
6112 40885
6116 17916
6118 64774
6119 9957
6121 49362
6128 54523
6129 26426
6132 8340
6134 25372
6136 45945
6137 14314
6139 26147
6141 1680
6142 9732
6143 63802
6147 44617
6149 1663
6156 29196
6157 49193
6160 72568
6163 17150
6166 19027
6167 10785
6168 13975
6170 30205
6172 16521
6173 59723
6176 39161
6177 5830
6178 28770
6179 33394
6183 36051
6185 27676
6186 52224
6188 5579
6191 66183
6193 18608
6196 68580
6197 74034
6200 3194
6202 6252
6204 52365
6205 68032
6206 28692
6209 42946
6211 42219
6212 50364
6217 56685
6221 19929
6223 9801
6224 21427
6225 25198
6226 9445
6227 39563
6228 46888
6229 4039
6231 45862
6233 75412
6234 49719
6237 51002
6238 59850
6239 13399
6242 62264
6243 33228
6246 18605
6256 50283
6257 24539
6258 8053
6262 3311
6263 38576
6264 52716
6265 21657
6267 74998
6269 10020
6271 73375
6273 18477
6275 40844
6276 33150
6278 26750
6281 39469
6285 55485
6289 21220
6290 17677
6292 44054
6293 14897
6294 67635
6295 32771
6297 46941
6302 76257
6304 4979
6308 62767
6309 64181
6317 4591
6321 22187
6322 71846
6323 17358
6324 65134
6327 2703
6329 58923
6331 58770
6333 45451
6337 39670
6338 72071
6339 13392
6340 7758
6341 19220
6342 9555
6343 67994
6346 2263
6347 12527
6348 11378
6349 43191
6352 37935
6354 44071
6356 50895
6357 5937
6358 56236
6360 74368
6362 33343
6363 8216
6364 28045
6366 25454
6367 4234
6368 3341
6374 25874
6375 64502
6376 40265
6379 45416
6383 72411
6385 12502
6387 52383
6388 36280
6389 57389
6390 7137
6391 56215
6401 28766
6404 67872
6409 7367
6410 61777
6411 9919
6413 61653
6416 20991
6417 65517
6420 392
6421 10630
6423 70341
6424 38498
6426 69445
6427 9293
6429 52812
6432 37461
6436 18837
6439 4061
6440 55725
6441 69722
6443 9056
6444 5535
6447 4097
6449 45429
6451 49520
6454 11709
6456 3522
6458 74619
6460 30747
6463 9954
6464 2184
6468 61776
6469 68555
6470 52901
6472 61211
6473 75267
6474 62190
6476 54434
6477 40975
6479 44188
6480 42608
6481 4641
6485 59235
6486 5877
6487 3616
6488 20972
6489 3669
6490 72729
6491 38298
6492 44787
6493 76532
6494 54586
6495 62426
6498 14123
6501 68923
6505 37037
6506 28022
6509 25278
6511 123
6512 33733
6514 18108
6516 12023
6519 45216
6520 13449
6521 54267
6522 64780
6523 56958
6524 35934
6528 69192
6532 54728
6534 35284
6535 52603
6537 73350
6539 70293
6541 60090
6542 30953
6545 25450
6551 46233
6552 62653
6553 16558
6555 17723
6556 57280
6558 28470
6559 32572
6560 4235
6562 30579
6563 22842
6565 28798
6567 70781
6571 28062
6572 1443
6575 27631
6577 19117
6579 16512
6583 53592
6584 20165
6586 36379
6591 26819
6592 51338
6597 30587
6598 906
6599 27507
6601 14674
6603 68163
6604 3821
6605 2962
6606 39490
6608 54864
6611 37728
6613 14671
6614 41580
6616 63590
6617 34544
6619 32377
6627 39488
6629 11924
6630 33377
6639 20985
6642 11144
6644 17770
6645 71029
6649 49158
6650 13134
6651 30409
6653 76386
6659 32539
6661 53345
6663 17722
6666 5451
6667 32015
6670 15880
6671 21345
6673 1456
6677 9005
6681 53901
6682 33528
6685 31917
6687 58933
6689 47749
6692 36658
6693 28236
6695 28179
6697 55205
6698 23342
6699 49690
6700 43212
6702 76892
6704 8341
6705 7064
6707 15296
6708 5293
6712 59011
6717 19644
6720 25846
6721 1332
6722 44982
6723 43158
6724 49643
6725 5070
6729 29018
6732 62394
6733 11952
6745 30954
6746 23617
6748 31257
6750 25809
6753 5439
6754 31233
6755 37882
6757 74072
6760 55113
6762 27314
6764 67136
6768 7784
6769 6010
6770 21833
6775 4780
6776 25959
6778 65080
6780 17105
6785 20069
6787 1741
6788 45045
6790 72678
6791 38980
6796 9994
6799 35282
6800 19375
6801 65866
6804 13801
6805 52523
6807 59496
6811 45646
6812 31660
6813 59258
6814 26408
6817 2146
6819 19737
6820 69312
6822 14410
6823 28097
6827 45996
6828 28933
6829 35138
6832 52988
6833 8623
6835 40709
6836 17940
6838 13425
6841 57010
6842 8391
6843 25062
6844 43620
6847 74648
6848 73816
6849 56519
6851 52597
6852 11996
6854 48872
6858 25888
6860 50913
6861 27051
6862 1224
6863 19314
6864 551
6866 44771
6867 26099
6870 46396
6873 24532
6879 41745
6881 69330
6882 52634
6883 9037
6891 13811
6892 16859
6893 44884
6897 38056
6898 39644
6899 61091
6902 61580
6903 64684
6905 51835
6906 48514
6908 35276
6912 39332
6913 4816
6918 11033
6919 14407
6920 69008
6922 48324
6924 29608
6926 40733
6931 69808
6935 22230
6937 21521
6941 8976
6942 18317
6943 51095
6944 70414
6946 4115
6948 35346
6950 23909
6953 4372
6955 34649
6956 17715
6957 77044
6958 27582
6959 54153
6961 44757
6965 6430
6967 68187
6969 29063
6972 9605
6973 14873
6975 73434
6979 15438
6984 69703
6987 55299
6989 8925
6990 33134
6991 54283
6994 40609
6995 20309
6998 21475
7000 40645
7003 8184
7005 9328
7007 53007
7008 11390
7009 37910
7013 36178
7015 37902
7017 7831
7021 15263
7022 74010
7023 55021
7030 53372
7032 75317
7037 47867
7038 60230
7040 63249
7041 72053
7045 43845
7047 26618
7049 37030
7052 3934
7055 75011
7057 3102
7060 1592
7061 35546
7062 8120
7065 26234
7068 3218
7071 27753
7075 39060
7078 46641
7080 1317
7082 16655
7084 71914
7085 45871
7087 10795
7092 11398
7094 54817
7095 11163
7097 72430
7098 18335
7101 52890
7102 54793
7103 3504
7104 65325
7105 36701
7106 74893
7107 3888
7109 70559
7112 60483
7114 18385
7115 29102
7116 34401
7117 43356
7118 25272
7123 24893
7124 61944
7125 68224
7126 44773
7129 33648
7132 76344
7134 865
7135 5487
7137 76652
7141 58959
7144 52409
7145 65835
7147 2386
7148 40191
7149 21906
7151 24616
7155 58224
7158 56391
7160 3579
7161 8360
7162 9733
7165 46228
7167 37960
7168 19422
7169 2023
7170 57644
7171 34944
7172 32696
7175 273
7177 13459
7178 13339
7181 53760
7182 39364
7187 14135
7189 35080
7194 69939
7195 43638
7198 63070
7201 46348
7202 2639
7206 57373
7209 45360
7210 23480
7213 66648
7214 74504
7216 1976
7221 45751
7225 7078
7229 37499
7230 22357
7231 21453
7232 64184
7233 26989
7234 55959
7235 60219
7236 38733
7237 25304
7238 25520
7240 24770
7241 51880
7243 76647
7245 42178
7246 42406
7247 60912
7248 2051
7252 24950
7255 69147
7256 8243
7258 4534
7259 58231
7261 67847
7263 24388
7269 6628
7270 23023
7272 72722
7274 15346
7275 19043
7277 47770
7278 25928
7280 36163
7281 44918
7282 40100
7283 55566
7286 380
7287 50314
7288 61710
7289 11554
7290 23659
7291 61147
7294 69927
7295 48034
7296 42794
7299 44202
7300 37537
7302 41687
7303 22490
7304 29523
7308 61898
7309 61989
7311 41478
7312 13043
7314 45398
7319 42273
7321 67559
7324 56111
7326 54737
7327 53931
7329 57993
7330 16292
7333 26987
7334 2500
7336 30621
7338 47418
7339 74053
7340 37992
7342 51684
7343 24414
7344 4158
7345 64082
7352 65335
7354 61431
7355 11591
7356 11779
7357 44609
7359 51034
7361 55056
7362 41186
7363 47845
7365 68695
7366 26580
7367 22688
7368 14063
7369 28495
7371 76856
7372 75205
7373 20994
7375 52058
7377 63793
7380 65765
7384 10474
7385 36295
7389 31315
7390 73007
7394 45270
7395 2798
7396 16166
7397 2783
7398 10609
7401 57394
7406 53228
7409 47226
7410 31722
7411 64282
7413 44338
7417 50568
7419 29851
7420 25013
7421 50874
7422 18734
7423 63361
7424 6654
7427 64330
7428 33784
7429 40419
7430 41309
7431 65786
7432 42311
7433 52631
7434 55184
7435 58732
7436 19654
7437 19807
7445 17814
7447 46148
7449 64708
7450 7552
7455 6805
7456 29999
7457 4492
7459 48975
7460 27514
7463 37449
7466 41494
7470 14711
7471 75398
7475 10249
7476 51712
7477 17373
7478 48619
7479 39947
7482 5852
7487 32588
7490 35377
7491 67360
7492 50965
7494 75069
7495 43050
7497 48909
7498 47184
7499 5563
7506 48124
7507 64421
7510 28072
7511 60347
7512 36011
7513 15890
7514 36859
7515 35315
7518 12637
7519 65149
7520 8917
7523 53920
7524 50902
7525 6656
7527 50833
7533 67828
7534 54843
7535 74577
7538 69110
7539 13832
7540 63693
7541 34698
7544 2380
7545 34363
7546 927
7548 69308
7550 24573
7551 30227
7554 67222
7558 27564
7559 5304
7563 70137
7565 35666
7566 28680
7567 57348
7568 62023
7569 6534
7575 24764
7577 19094
7580 853
7581 44010
7584 14893
7586 20499
7591 27598
7592 57636
7593 75775
7594 69880
7596 9168
7601 67971
7602 63461
7603 20259
7610 27253
7611 13334
7613 32764
7616 5208
7618 27814
7621 58184
7623 76255
7625 12375
7626 25625
7628 59876
7629 38811
7630 38983
7632 34342
7635 50507
7636 17582
7638 16284
7642 9226
7644 54046
7650 19089
7652 4898
7653 40450
7655 50071
7656 27711
7657 48485
7659 30187
7661 31738
7662 33255
7667 21866
7671 74319
7673 6555
7674 14423
7676 34666
7677 54351
7681 37492
7684 31041
7687 11399
7689 76923
7691 67760
7692 19765
7693 74910
7694 11893
7695 71605
7696 41229
7697 72246
7700 9857
7703 40736
7704 4772
7705 56125
7706 15123
7707 35202
7709 45702
7710 16008
7712 7390
7713 7662
7714 64575
7715 65731
7716 25310
7717 72689
7720 52735
7721 5617
7723 31974
7724 33646
7726 7806
7727 43832
7729 56836
7730 13954
7736 67426
7739 66462
7740 73823
7742 42001
7743 43424
7745 14002
7747 9579
7748 10574
7750 76403
7751 8076
7752 26394
7753 43254
7758 60443
7759 7365
7762 60189
7763 23787
7764 25152
7767 32690
7769 47927
7771 47864
7772 13595
7774 32251
7775 5926
7777 1828
7778 47098
7779 26344
7780 66570
7782 60922
7783 23732
7786 12122
7788 12483
7794 60547
7795 36609
7797 12715
7799 54397
7800 25362
7801 45673
7802 54827
7803 52989
7804 30622
7806 20631
7808 6779
7809 75164
7811 2875
7812 34220
7819 769
7820 52158
7821 35170
7823 5462
7827 6688
7828 26275
7829 35430
7832 65564
7834 62669
7835 12867
7837 47061
7839 34527
7841 38021
7843 61953
7845 58280
7848 48780
7849 36376
7850 4639
7851 66428
7854 74292
7857 24747
7859 40
7860 24775
7865 39621
7866 70958
7867 64270
7870 48955
7871 1609
7873 49078
7876 26225
7879 45586
7880 36995
7881 43904
7882 30921
7884 7838
7885 7592
7888 9461
7898 69673
7901 46370
7902 42196
7903 56112
7906 18890
7910 43900
7911 54125
7913 37549
7917 18922
7919 50886
7922 30852
7928 35039
7931 3799
7932 38514
7935 60650
7936 25553
7937 65991
7940 9869
7944 71656
7945 58855
7947 68601
7948 47563
7949 49234
7951 15045
7953 43749
7954 41044
7968 10445
7971 24057
7976 45112
7978 25320
7979 29281
7980 17868
7983 49687
7987 16233
7989 11216
7992 33762
7993 15354
7995 71412
7996 47564
8001 18011
8002 18474
8005 18997
8007 54254
8008 29104
8010 58920
8011 19305
8012 24483
8014 58475
8016 17009
8017 73090
8019 29126
8020 51497
8021 12072
8022 21196
8024 5997
8033 15134
8035 48764
8036 29062
8038 19429
8039 652
8040 3782
8041 20734
8042 66555
8043 31439
8045 45529
8048 59250
8050 35340
8051 71467
8054 18382
8056 15189
8059 35574
8060 6124
8064 30501
8065 49728
8066 24430
8067 26146
8070 2505
8073 7613
8074 72831
8077 6190
8080 49609
8081 17403
8084 42435
8086 65346
8087 214
8089 41405
8090 16598
8091 2774
8092 13590
8093 37572
8096 61263
8097 40549
8098 34243
8100 51573
8103 43804
8104 50825
8106 24039
8107 12025
8112 29613
8113 32436
8115 35230
8116 26890
8120 5746
8124 67119
8125 26631
8128 41498
8131 48121
8132 55089
8133 23753
8134 64748
8135 19013
8136 24872
8139 41120
8140 49715
8141 63610
8142 30813
8145 47185
8147 4441
8149 53695
8150 71920
8151 28171
8153 31356
8154 32939
8155 62566
8156 62311
8157 18214
8158 25739
8159 32997
8160 21538
8162 42371
8168 51333
8169 8624
8171 31704
8173 36200
8174 15608
8175 24014
8176 63540
8177 8125
8178 7536
8181 1089
8182 54748
8183 2472
8184 12173
8188 1334
8192 10790
8197 129
8198 43274
8203 15007
8204 38235
8205 9722
8209 49910
8215 72237
8217 11404
8218 23456
8219 34601
8221 27282
8222 62528
8226 28841
8227 40341
8230 20430
8231 16908
8234 55240
8235 35257
8238 50811
8240 21468
8241 25777
8243 10130
8244 34980
8246 14791
8250 32994
8252 42305
8254 74301
8256 35324
8257 29511
8258 5029
8261 21230
8262 39435
8263 45364
8265 64241
8271 45277
8272 37111
8273 12965
8274 31266
8277 67031
8283 14337
8285 13268
8286 51132
8293 37281
8299 67727
8301 15502
8304 30234
8310 34229
8311 30838
8312 4460
8313 38257
8314 21171
8316 8873
8317 45553
8320 18808
8321 70562
8322 7904
8323 7701
8324 16016
8326 58792
8328 76498
8329 70040
8330 58969
8331 8630
8340 24781
8346 21206
8348 29889
8349 35729
8354 40918
8355 44938
8356 73446
8357 70502
8358 65535
8359 61501
8361 24735
8363 66845
8370 63721
8373 34416
8374 64601
8377 19438
8378 73675
8379 9689
8381 18454
8382 73507
8384 40770
8386 788
8387 19865
8388 20706
8390 26842
8391 1430
8402 34403
8403 25267
8404 17853
8406 41152
8410 25930
8412 10360
8413 57118
8414 5396
8415 43547
8422 76818
8432 43241
8433 26693
8434 9611
8435 53166
8438 56375
8439 58088
8442 34952
8445 56703
8446 71214
8448 28385
8450 12121
8451 11661
8452 35219
8453 5538
8458 30597
8459 15326
8460 54203
8461 1440
8462 51047
8464 18949
8465 54742
8466 69707
8469 24326
8471 69518
8472 5927
8473 32066
8474 5507
8475 10987
8477 49764
8481 39755
8485 21279
8486 13805
8490 33493
8491 59491
8492 976
8495 44946
8500 23896
8501 28293
8503 4175
8505 38807
8508 65136
8509 68719
8511 49143
8512 71857
8513 51563
8515 43001
8516 75759
8518 17406
8520 5934
8522 15116
8523 58872
8527 9748
8528 50086
8532 13716
8534 65883
8539 4519
8540 63576
8541 16010
8544 27044
8545 34917
8546 45614
8550 66589
8551 6247
8552 35248
8555 51833
8556 58307
8558 58193
8559 21329
8562 31887
8564 3784
8567 63643
8568 13251
8569 38962
8572 63207
8573 74785
8574 5938
8576 4974
8577 12503
8579 5846
8582 11808
8584 70330
8585 6705
8589 49122
8590 68491
8594 1415
8596 43509
8597 63670
8599 53467
8602 34610
8603 38719
8605 34904
8607 28474
8608 50399
8609 35373
8610 18484
8611 16310
8612 16514
8613 73042
8614 66352
8615 5529
8620 48402
8621 76522
8624 35939
8625 12473
8633 59962
8635 918
8636 12955
8641 33853
8644 23396
8645 8123
8647 60904
8650 67877
8652 47103
8653 5571
8655 65682
8657 63853
8663 33082
8664 9317
8665 53633
8668 2320
8669 55413
8670 26747
8672 43625
8673 25975
8674 13996
8683 9098
8684 20887
8685 16662
8690 58545
8698 15012
8699 24296
8700 19600
8702 71651
8703 27986
8704 69882
8706 48747
8707 16428
8709 39107
8711 16553
8713 38004
8715 39854
8716 68371
8717 50206
8719 5090
8720 14441
8721 52392
8723 13444
8724 45841
8725 1552
8726 46056
8730 26287
8731 52600
8733 63626
8735 42347
8739 54328
8740 37967
8741 11203
8743 65042
8744 63665
8746 22821
8747 54576
8748 40314
8749 31091
8751 40848
8753 176
8755 11547
8756 31350
8757 38050
8760 34619
8761 59864
8763 7814
8768 28539
8770 58640
8772 69765
8773 43780
8774 14226
8776 43644
8778 30903
8780 11691
8784 47820
8789 45171
8790 24890
8792 5130
8794 14108
8795 44600
8799 5701
8800 61319
8801 74020
8803 32201
8807 26570
8810 29545
8811 3854
8813 18562
8820 10491
8821 66769
8823 51641
8824 5490
8828 35246
8829 55048
8832 71930
8834 58144
8835 545
8836 17999
8837 21324
8839 60365
8842 31861
8843 61610
8844 70885
8846 39333
8848 33523
8851 6287
8852 1127
8855 1528
8856 26148
8858 33164
8860 35661
8864 75393
8868 17947
8869 56322
8870 25957
8872 49452
8873 16437
8874 45303
8880 73770
8881 15203
8882 74136
8883 16181
8885 18725
8886 27818
8889 13301
8890 46346
8891 47407
8898 27902
8899 8168
8900 76567
8905 14065
8907 39554
8908 49757
8911 55540
8919 3908
8920 28533
8921 24905
8924 55936
8926 43722
8927 72978
8928 65025
8929 1341
8931 9773
8932 13705
8935 51874
8938 56642
8939 22146
8944 31251
8946 41548
8950 55271
8952 13100
8954 23298
8957 11566
8958 6170
8960 73442
8962 72637
8963 15108
8964 315
8965 676
8966 33731
8967 45524
8968 71094
8969 25289
8971 48189
8973 22079
8977 73989
8988 14144
8990 71809
8992 17675
8995 46602
8997 9576
8998 21353
9003 1702
9009 49548
9010 18470
9011 56507
9015 33667
9016 29539
9021 22721
9022 38382
9030 70844
9031 22546
9032 21577
9033 75767
9036 44691
9039 36402
9040 76365
9041 29610
9044 55516
9045 67371
9046 3753
9048 44322
9054 13756
9055 17309
9056 50269
9057 36657
9058 2010
9059 1383
9065 3581
9069 22390
9070 9467
9072 2755
9075 15844
9079 49608
9080 12539
9081 17729
9082 61975
9084 59532
9086 76608
9087 14976
9089 51455
9091 76508
9092 19100
9093 18991
9095 41586
9096 23213
9098 50367
9100 62499
9101 29823
9105 72215
9106 76758
9110 16610
9112 53234
9113 36685
9119 67111
9121 4296
9123 67891
9125 33495
9126 3233
9127 72406
9128 11997
9129 5519
9132 59147
9134 56235
9135 9939
9136 43480
9137 994
9139 49713
9141 51339
9142 43337
9143 30223
9146 3431
9147 10260
9148 67695
9152 65527
9153 14842
9154 24812
9155 62196
9158 66610
9159 51971
9160 27924
9163 2369
9168 38670
9169 72674
9170 49306
9171 66149
9175 7949
9176 49366
9177 38892
9178 3342
9186 18498
9191 73995
9192 39244
9195 14336
9196 39052
9197 13591
9198 68911
9199 46198
9200 62873
9201 31397
9202 61461
9205 3197
9206 4644
9208 19428
9210 26000
9214 25162
9218 76918
9219 2728
9224 15611
9227 50488
9228 50324
9232 62431
9233 51090
9235 62015
9236 44947
9237 12597
9242 9090
9243 23582
9244 55026
9246 30496
9248 31694
9251 46235
9252 7962
9253 34681
9254 53052
9255 37359
9257 7682
9260 33091
9264 16970
9266 19838
9267 14057
9269 66665
9270 28893
9274 47629
9275 68745
9280 41552
9281 48219
9284 64095
9286 66048
9289 63936
9294 16931
9295 65607
9297 68540
9300 4853
9302 44398
9304 43038
9305 69363
9310 76872
9312 15235
9317 19328
9319 70587
9320 32610
9321 13021
9322 28505
9324 26881
9325 59867
9327 66725
9330 35500
9331 29891
9335 36396
9338 10144
9339 59400
9340 6993
9342 66242
9344 57164
9346 13114
9347 71380
9348 70111
9351 69469
9355 41369
9356 75734
9357 54317
9359 1218
9364 68640
9365 20403
9366 10053
9368 18309
9371 20872
9374 1052
9378 33875
9379 47010
9382 76361
9384 53023
9387 38478
9389 5360
9390 65644
9393 26624
9394 54164
9398 50679
9399 41749
9400 36558
9401 77047
9402 6142
9405 3398
9409 6434
9413 16827
9417 38374
9422 58643
9425 21289
9431 13231
9432 4959
9433 4119
9434 20068
9435 16350
9436 74086
9437 55118
9439 14589
9440 18456
9442 12114
9443 19547
9444 10228
9446 7708
9447 36276
9448 4830
9450 11065
9453 32041
9454 8240
9455 9540
9458 75047
9461 23593
9462 73201
9465 32961
9468 19539
9472 11902
9473 26256
9475 4597
9476 37815
9477 39543
9479 1375
9480 14014
9482 38578
9483 69091
9485 53277
9488 44945
9490 17976
9491 14507
9492 39815
9494 72456
9495 35075
9496 26982
9497 75864
9504 67990
9505 50574
9509 35110
9510 7730
9512 12475
9515 5636
9516 31781
9518 49640
9519 76045
9522 64387
9525 32569
9526 23671
9527 11573
9529 4879
9531 33917
9532 38711
9533 49771
9534 37403
9535 6369
9539 20824
9540 19907
9545 47576
9547 33455
9548 575
9549 26322
9550 59006
9551 29544
9554 12509
9555 53502
9559 5555
9561 46829
9562 3236
9564 32442
9565 13457
9569 33145
9570 13671
9572 52022
9574 35942
9575 75241
9578 73815
9579 61931
9583 42837
9588 50807
9589 4989
9590 27063
9591 57966
9593 58034
9597 50006
9603 41090
9604 4031
9605 67124
9606 47177
9610 13223
9612 11752
9614 30932
9615 34413
9616 76003
9617 49937
9618 25281
9619 3787
9622 13679
9627 55572
9628 43767
9635 16915
9637 57437
9638 68692
9641 40470
9642 38796
9643 21739
9646 4612
9648 16420
9649 44035
9654 17638
9659 16344
9660 8965
9661 14283
9662 49127
9664 2201
9665 20893
9666 127
9667 73485
9668 13937
9669 76602
9671 55350
9673 12293
9675 40398
9676 34657
9678 31453
9679 34900
9680 19142
9681 23573
9682 44503
9683 30359
9684 7537
9685 52729
9687 40618
9688 66438
9689 6378
9691 26283
9693 30479
9694 65987
9695 74922
9699 69248
9700 7862
9702 52928
9705 17222
9707 47233
9712 1329
9716 32714
9718 8592
9719 29737
9721 31812
9722 32093
9723 68617
9724 16414
9732 24911
9733 63908
9734 19044
9737 13739
9739 38181
9740 45656
9741 34176
9743 38247
9748 13714
9750 18827
9755 407
9756 68901
9757 31617
9758 17127
9759 51695
9762 29658
9764 27760
9766 70624
9767 33561
9768 16167
9771 2345
9775 70648
9777 22016
9778 5598
9779 23525
9782 29450
9784 48606
9785 28591
9792 24424
9793 27299
9796 60967
9799 24946
9803 60585
9804 236
9805 55750
9806 53998
9809 20306
9812 32136
9814 16164
9815 75724
9824 62832
9826 10546
9831 30913
9832 22931
9837 11811
9841 61785
9844 29057
9845 7760
9849 71383
9852 9287
9853 73922
9854 14075
9856 17435
9858 45856
9861 73386
9863 64002
9866 36427
9867 71615
9868 59969
9872 56654
9874 51266
9875 18496
9876 48047
9877 12585
9880 76263
9882 12724
9883 66012
9884 36242
9888 9147
9892 22810
9893 73703
9895 24515
9896 34137
9897 51787
9899 42298
9902 38485
9903 48745
9904 14164
9906 25862
9907 30511
9908 51628
9911 12987
9917 36098
9920 15897
9923 56090
9925 20456
9926 73793
9927 31691
9929 18323
9930 21486
9931 40486
9932 61766
9933 76211
9935 7128
9937 45947
9938 11716
9940 3728
9941 24142
9942 47516
9944 50796
9954 5650
9956 19571
9957 7538
9959 33442
9960 25004
9962 14840
9963 25
9968 55228
9972 33326
9975 9364
9979 38286
9981 28989
9982 39489
9983 4018
9984 36487
9985 19294
9987 12737
9988 42941
9990 952
9993 10171
9995 12218
9996 7119
9997 37897
10001 55212
10003 70199
10004 39105
10006 31914
10007 27118
10009 45113
10011 35365
10013 57868
10015 8508
10016 39406
10018 30677
10019 75538
10022 68289
10023 48344
10025 66186
10026 46094
10027 20543
10028 51826
10030 5341
10031 36036
10038 20669
10039 1504
10040 25580
10043 26289
10045 19330
10046 7318
10047 1246
10049 20225
10050 26186
10051 10159
10053 52997
10054 13789
10055 52013
10056 2563
10058 67294
10059 68860
10062 22995
10064 12865
10067 44299
10075 28477
10077 52741
10078 73079
10081 20393
10082 17035
10083 3032
10084 10931
10091 52564
10093 3768
10095 24873
10096 42404
10098 73131
10099 25753
10100 58492
10106 11786
10107 60481
10109 8880
10110 17547
10114 53268
10116 35239
10118 12641
10124 810
10127 38467
10128 63926
10131 56861
10132 26260
10135 53270
10141 7129
10145 24644
10148 19977
10149 5841
10150 61945
10153 24201
10154 18084
10156 47680
10159 37407
10161 48705
10162 20240
10163 9387
10164 44220
10166 74381
10169 4967
10170 73830
10172 24033
10173 65097
10175 53757
10180 19792
10181 7880
10183 12782
10185 73089
10188 52314
10191 47377
10194 5711
10196 223
10197 7003
10198 35868
10200 33611
10203 14134
10204 33642
10206 53266
10208 49984
10210 35548
10211 3814
10212 60795
10213 21920
10215 14373
10221 72176
10222 54780
10225 66346
10228 33462
10229 17896
10230 54839
10233 69647
10234 21568
10235 34997
10238 14697
10239 52422
10240 325
10242 35708
10244 50951
10247 32954
10251 25087
10256 58437
10258 27154
10260 67545
10261 71631
10268 55284
10269 42088
10271 42817
10273 47104
10275 59779
10276 1493
10279 45519
10280 15760
10281 55808
10282 61200
10284 65885
10285 74115
10290 50119
10300 41117
10302 54133
10305 7863
10307 75689
10310 59918
10312 33599
10313 12669
10315 40089
10318 57403
10319 23472
10320 69951
10322 43707
10327 65342
10329 45325
10333 8163
10334 51656
10335 50517
10336 40650
10337 31578
10340 41251
10342 39502
10343 36781
10344 58615
10353 11875
10354 58574
10359 21138
10360 5508
10361 21462
10362 34523
10363 5256
10365 69625
10367 49302
10370 34840
10371 63406
10372 19598
10373 37626
10374 42070
10375 61463
10376 22780
10377 13390
10378 74393
10380 70405
10382 39015
10384 51744
10387 37045
10388 54631
10389 26832
10390 3555
10391 13834
10392 55543
10394 7955
10395 25290
10396 29458
10398 57071
10402 69747
10405 3070
10407 48298
10410 42454
10412 3880
10414 2972
10415 57885
10417 69681
10420 37191
10421 70010
10422 19586
10423 29383
10424 13042
10425 25749
10426 60096
10427 9007
10431 7017
10432 11271
10433 41174
10441 63160
10443 41821
10446 32519
10447 57865
10451 11984
10454 8143
10458 36999
10459 16693
10460 15698
10462 20973
10463 10878
10468 53346
10469 30586
10470 125
10472 66763
10474 317
10475 25537
10476 18357
10479 12010
10480 53213
10484 26254
10486 53016
10490 34726
10492 62165
10494 47624
10495 26792
10496 76398
10498 31626
10499 58129
10500 24006
10503 16863
10504 48554
10506 48540
10507 7596
10508 14577
10519 44961
10520 23813
10521 76060
10523 11753
10524 54470
10525 76230
10526 20854
10527 56268
10528 2877
10529 43672
10530 60355
10531 47589
10532 51080
10533 36255
10534 10918
10535 14567
10538 12139
10541 63537
10542 25101
10544 44290
10545 10842
10546 29204
10547 40665
10548 4302
10549 74740
10551 75238
10552 18767
10554 32097
10560 36291
10562 18614
10563 39126
10564 9029
10566 8724
10568 74152
10570 36818
10571 15651
10573 30306
10575 52886
10578 46120
10580 9396
10582 32384
10585 9222
10586 74857
10587 35129
10590 2206
10591 24673
10592 44517
10593 5020
10594 17
10595 32456
10596 50857
10599 61332
10602 10265
10605 12688
10607 41663
10609 56356
10610 74018
10619 33835
10621 6608
10622 52811
10623 57330
10626 15074
10627 5407
10628 2164
10631 39591
10634 37852
10636 62305
10638 26617
10639 54053
10640 70757
10642 429
10643 54572
10644 12327
10645 76662
10647 22834
10649 38435
10654 27250
10657 22989
10658 55728
10662 40466
10664 53253
10665 33517
10668 2924
10669 10011
10672 15741
10674 63525
10675 38863
10676 11435
10677 43441
10678 22036
10681 49199
10683 14219
10685 56998
10688 57758
10690 72105
10694 13862
10695 53155
10696 1596
10699 10728
10700 71407
10701 11694
10702 29795
10710 43851
10711 37087
10712 9186
10713 64419
10715 69404
10716 18914
10717 48225
10720 15632
10721 40260
10722 26214
10723 22467
10724 63521
10732 62116
10733 47647
10734 53791
10735 45260
10736 48560
10738 18624
10739 58646
10741 27819
10744 17854
10746 19636
10749 76165
10752 29769
10753 6755
10755 2642
10756 31474
10758 5309
10762 41897
10766 21198
10768 54881
10769 940
10771 10288
10772 37741
10773 19374
10775 29041
10776 16779
10777 668
10780 27272
10782 16105
10783 31367
10784 38173
10786 36435
10787 6197
10796 67983
10798 24104
10799 7890
10800 43908
10802 62974
10804 74031
10808 10113
10812 27335
10815 939
10817 66227
10818 42682
10822 11553
10824 29187
10825 68104
10828 46900
10830 13815
10832 73857
10833 53390
10836 56191
10838 40346
10841 67273
10842 21386
10843 48339
10844 61191
10848 53549
10849 39218
10853 20238
10857 53006
10858 39970
10859 16781
10861 29170
10863 69
10870 6078
10871 20917
10874 43363
10875 17744
10876 1978
10878 60588
10879 30810
10881 25873
10885 39306
10887 68098
10888 58746
10889 25953
10893 27027
10895 39900
10896 7450
10898 60203
10901 150
10902 37511
10904 47383
10906 13600
10909 17354
10911 63226
10912 64003
10915 3508
10918 7617
10919 13719
10920 15511
10922 5716
10923 43082
10924 25420
10928 47658
10934 10283
10936 15117
10938 50085
10940 70352
10941 44749
10943 74090
10945 43681
10950 55137
10954 62605
10955 43237
10956 44084
10960 18841
10961 29291
10964 20445
10966 40085
10967 15597
10969 16968
10970 57779
10972 1468
10974 18973
10978 52432
10980 69288
10981 56896
10983 50522
10984 24556
10988 24693
10990 19469
10991 38631
10992 48093
10995 13094
10996 10724
11001 47267
11004 26482
11005 31176
11009 18256
11011 8792
11012 44694
11013 23065
11014 30692
11015 68999
11017 70187
11023 69840
11024 48901
11029 38461
11032 61532
11033 6504
11036 38689
11042 262
11045 22256
11047 62277
11049 37662
11051 58653
11053 44891
11057 52288
11061 50496
11063 57810
11068 21121
11069 28487
11071 29736
11077 15707
11079 46262
11083 42528
11085 33393
11086 22375
11090 53159
11093 12684
11097 11224
11098 8059
11099 66322
11100 63762
11101 40715
11104 17476
11105 30060
11106 56018
11108 1245
11109 37675
11111 19582
11113 4899
11114 15488
11115 28277
11117 62560
11118 8126
11122 67087
11123 55943
11124 2983
11125 40391
11126 48132
11130 14764
11133 41812
11134 67543
11135 19753
11137 49395
11140 39192
11141 41202
11142 24986
11143 70613
11145 49813
11146 41227
11148 11514
11149 27389
11150 65545
11151 73570
11153 31740
11155 11833
11159 23013
11162 13374
11163 13242
11164 49642
11165 748
11166 52604
11170 17500
11173 43590
11174 3105
11175 52810
11176 7749
11177 76367
11179 9737
11182 75992
11183 63362
11184 44989
11186 36591
11189 44423
11191 35518
11192 8262
11194 20019
11196 571
11198 18193
11203 44855
11204 4704
11207 1684
11209 28034
11210 43895
11211 19748
11212 8826
11213 8399
11214 44916
11215 35074
11220 24921
11221 7499
11226 20254
11227 5932
11231 2466
11234 65361
11235 43463
11236 34706
11239 35000
11240 61652
11245 52313
11246 39061
11247 69150
11249 17043
11251 73156
11252 20864
11255 29370
11257 61997
11258 57266
11263 13122
11265 41840
11266 33578
11267 34836
11269 12017
11276 33211
11279 284
11280 11073
11281 23367
11285 5948
11287 51098
11288 25043
11291 51431
11292 56563
11293 40183
11295 14141
11296 38563
11297 55317
11299 57660
11300 34604
11307 66511
11309 65079
11310 17783
11311 23552
11312 31972
11313 4636
11316 49934
11318 28113
11320 41589
11322 43820
11325 59610
11326 70065
11327 2590
11332 23503
11334 68522
11338 35431
11339 66064
11340 29995
11345 21534
11352 34605
11354 23282
11355 41951
11361 7816
11365 13270
11368 69858
11369 5006
11372 20481
11374 23727
11377 37328
11383 1901
11386 49734
11388 47836
11390 17761
11391 43258
11393 53872
11404 32885
11405 57720
11406 50543
11407 41341
11409 24372
11410 11222
11413 21634
11414 43515
11415 12999
11417 37836
11418 16892
11422 62090
11427 33833
11429 69564
11430 23471
11433 34564
11435 17426
11437 858
11438 32768
11439 26162
11440 6550
11441 2322
11444 57088
11445 59001
11447 75983
11448 23394
11449 28967
11450 18547
11452 62676
11455 44764
11456 12102
11459 50607
11461 57872
11463 53525
11467 21680
11469 37020
11470 43682
11471 42693
11476 27274
11478 30601
11480 18757
11482 27960
11485 22438
11486 34930
11489 61663
11491 72857
11494 33836
11495 31012
11499 67684
11501 29758
11504 26874
11505 71452
11507 44034
11509 74811
11511 50934
11512 6359
11514 6173
11516 74597
11518 73659
11519 58261
11521 35970
11522 3842
11524 5332
11526 6776
11527 35540
11529 42615
11530 5572
11531 40945
11533 74701
11534 28237
11535 25796
11536 70465
11538 69414
11539 25709
11540 11904
11544 42086
11545 34345
11548 8993
11549 13080
11553 25884
11555 44265
11557 61257
11558 73557
11562 40656
11564 47183
11565 49498
11566 11307
11568 861
11569 57592
11570 67495
11571 33383
11573 59353
11574 50356
11575 6411
11577 18063
11578 10203
11579 8351
11580 58542
11581 20190
11584 61547
11585 59799
11588 73724
11589 2036
11591 47538
11593 66784
11596 23724
11598 30550
11599 29931
11601 47939
11603 49090
11604 41471
11609 60402
11611 35631
11612 8180
11615 66694
11616 47202
11619 54390
11621 27078
11625 73004
11626 21613
11628 18259
11629 13495
11630 3095
11631 4795
11632 76868
11633 7647
11634 14300
11635 66596
11637 58780
11638 13037
11639 58803
11641 34569
11642 75115
11643 41060
11648 6262
11649 26236
11650 11799
11651 43892
11654 33202
11656 7690
11658 7381
11659 12160
11662 18308
11665 17238
11666 43501
11668 26924
11669 29792
11671 17297
11676 28751
11678 31348
11679 14323
11682 26085
11683 66086
11685 15811
11689 54596
11690 72327
11693 4905
11694 26638
11696 34282
11697 35691
11701 43809
11707 28587
11709 17828
11710 28077
11714 68898
11717 67930
11721 2543
11722 6274
11723 67963
11724 33902
11730 65126
11731 52143
11734 65093
11735 56277
11738 15773
11740 55225
11741 20407
11743 46608
11745 20606
11747 53011
11750 4854
11752 24191
11753 8677
11754 51043
11756 71301
11757 49558
11765 25412
11766 22532
11769 11697
11773 49580
11774 16809
11776 56867
11777 74391
11778 24612
11779 64109
11780 12394
11782 25579
11787 35649
11788 17088
11790 19394
11793 62346
11802 76457
11803 31715
11804 2312
11807 60108
11808 2116
11809 64566
11811 24284
11814 49072
11816 63972
11817 46743
11821 522
11828 655
11829 27475
11834 4409
11838 64797
11839 39304
11840 51648
11841 50374
11843 22474
11845 9947
11846 11539
11848 27752
11852 1346
11855 28465
11856 67605
11858 17067
11859 41027
11863 46993
11866 3524
11873 71346
11875 25089
11876 57962
11879 2662
11880 68682
11882 34484
11884 75905
11885 65429
11886 62473
11893 60228
11896 14251
11897 10943
11900 1673
11901 57900
11902 33472
11904 14891
11906 65227
11907 62304
11911 22515
11912 6642
11915 46255
11916 50322
11917 28462
11918 32063
11920 75462
11922 30107
11924 41723
11925 10114
11927 9439
11930 61030
11931 37952
11932 67643
11933 38902
11936 27458
11937 28466
11939 2863
11940 67355
11942 22926
11944 43457
11948 18443
11949 63282
11951 26868
11953 37350
11956 23772
11959 70677
11960 14580
11963 52425
11964 9195
11965 75756
11967 22606
11968 54752
11970 26492
11973 59885
11974 20638
11975 22513
11977 63201
11980 59281
11982 1199
11983 3831
11988 1568
11996 73730
11997 20020
11998 18758
12000 33773
12004 40781
12005 27096
12008 33314
12009 67629
12010 10416
12011 19931
12012 68909
12013 1728
12016 43884
12017 35991
12018 20671
12022 11286
12025 17515
12027 22190
12030 30369
12031 30225
12032 49880
12033 55139
12034 15195
12037 8864
12039 23733
12041 24993
12042 72958
12044 40732
12045 50026
12046 67117
12048 70476
12049 3716
12050 41615
12051 45800
12053 33186
12056 60104
12062 39036
12065 73709
12066 23383
12068 33769
12069 60491
12070 61879
12071 74493
12072 6027
12078 39845
12080 36167
12081 67115
12082 35670
12084 11419
12085 66172
12090 17408
12091 12149
12094 25933
12101 11085
12106 43612
12107 21325
12108 74995
12109 39300
12112 39317
12114 13312
12119 17163
12120 1477
12121 8423
12126 75214
12127 20541
12128 15325
12129 8833
12130 7924
12131 18829
12135 13351
12136 6660
12142 13159
12149 37753
12151 13424
12155 56932
12157 19006
12160 7984
12161 37155
12163 59327
12165 72393
12167 10587
12171 6513
12172 7039
12175 9058
12176 32713
12182 46671
12184 27266
12185 53288
12186 48698
12187 35769
12188 55087
12190 68160
12192 69044
12193 64690
12198 62214
12199 76335
12200 37231
12201 3044
12205 74418
12206 62927
12207 36588
12208 52747
12209 35793
12212 71009
12213 59262
12215 45542
12219 5988
12220 47356
12224 42853
12228 30121
12231 24463
12234 3369
12237 9596
12238 34014
12239 18099
12242 8680
12243 31928
12247 46670
12250 40896
12251 6909
12252 54515
12254 13436
12255 36630
12257 22937
12258 23140
12261 53423
12262 2104
12263 11775
12266 67783
12268 6276
12269 17636
12271 49756
12273 53172
12275 12015
12278 48904
12284 34671
12285 15665
12287 50296
12288 33490
12301 3366
12302 31751
12314 30824
12315 47121
12316 10371
12317 39495
12318 65151
12321 76667
12322 22936
12324 36981
12326 15663
12329 20685
12331 12656
12332 5831
12333 1789
12335 18365
12336 2732
12338 27395
12339 5357
12340 1108
12343 13101
12345 36174
12346 10607
12347 28872
12350 802
12353 6172
12354 39309
12355 22670
12356 64242
12358 33341
12360 8117
12363 6835
12365 35223
12366 20612
12367 32480
12368 822
12371 23305
12379 17489
12381 37539
12382 7102
12383 39939
12385 40824
12387 38997
12392 21611
12394 36307
12398 13900
12399 66560
12400 11162
12402 55001
12407 6299
12410 50710
12414 16086
12415 56038
12422 27812
12424 20791
12425 66409
12426 64012
12427 438
12428 45850
12430 20955
12436 3482
12442 53343
12445 34478
12446 21034
12447 70402
12448 9239
12450 65477
12452 16990
12453 39436
12455 580
12456 76291
12457 29593
12458 7255
12463 9726
12464 49917
12465 44249
12470 7624
12471 33107
12473 19665
12474 57096
12475 60611
12477 16022
12480 42518
12481 26302
12482 4359
12487 71746
12490 72672
12492 15427
12493 46140
12495 67836
12496 50786
12498 28799
12499 57671
12510 25895
12511 37345
12512 74855
12515 43608
12519 33375
12521 73266
12523 51558
12531 3549
12532 36335
12535 8378
12538 18485
12540 35510
12541 23085
12542 26843
12543 69961
12544 1421
12549 8388
12550 251
12551 42209
12553 51498
12558 45762
12560 53210
12563 11076
12564 29966
12567 15100
12568 36389
12569 8950
12571 26793
12575 40927
12576 48425
12578 27951
12581 38910
12586 18033
12587 63764
12589 68154
12591 53284
12592 59554
12593 33548
12596 39150
12598 34985
12600 52756
12601 11189
12603 30466
12605 22363
12608 72639
12610 4962
12611 12853
12612 35300
12613 7679
12617 61278
12618 11920
12619 48562
12621 67924
12622 39655
12625 61644
12627 70712
12632 2990
12634 56741
12635 34962
12638 59135
12639 43345
12640 45623
12641 21174
12642 9469
12646 17062
12647 6643
12648 32851
12650 56669
12651 10148
12652 16077
12653 70831
12654 27585
12655 1413
12656 12981
12659 48365
12660 5119
12662 36768
12663 7477
12665 41969
12667 57008
12668 19512
12669 327
12670 47511
12672 76022
12673 26655
12676 39964
12677 44174
12680 8614
12681 32758
12684 23232
12687 23254
12691 8708
12692 65510
12696 68366
12698 40019
12700 41318
12704 17568
12706 21238
12710 34272
12711 7821
12712 55549
12714 19761
12717 58430
12720 8278
12721 455
12723 7314
12724 5174
12725 24362
12726 11977
12727 4417
12729 14387
12731 48639
12735 6526
12736 17174
12737 14953
12738 23610
12744 28023
12749 18353
12750 2277
12752 40676
12756 14202
12758 64811
12760 28741
12763 6905
12764 36073
12765 35354
12768 15158
12769 13412
12771 1821
12772 71215
12778 20560
12780 44604
12782 28904
12783 1379
12784 25191
12785 49374
12786 12205
12791 40199
12792 69914
12795 49607
12799 3590
12800 25056
12802 3917
12808 62558
12809 2532
12810 29636
12812 38187
12813 30529
12814 24769
12821 31562
12823 4479
12828 72072
12829 53734
12830 58547
12831 9297
12833 39352
12837 40084
12838 47702
12840 58095
12841 58425
12842 32164
12843 20624
12844 19480
12847 22618
12848 6680
12851 7123
12853 12021
12855 16228
12860 47146
12861 28654
12865 47310
12868 3980
12870 54506
12871 32825
12875 66987
12877 48442
12878 74127
12880 27192
12881 71850
12883 50812
12884 24354
12891 28555
12892 21142
12893 2042
12898 52029
12899 57453
12905 46055
12908 52825
12910 64190
12914 43708
12915 37918
12920 65248
12922 5036
12924 5050
12926 6867
12927 60358
12928 27622
12929 23118
12930 13837
12933 66342
12936 11722
12939 42777
12941 20478
12942 74186
12943 2826
12944 21982
12947 35990
12948 51031
12949 61894
12950 5795
12951 18354
12954 41296
12955 72908
12957 35944
12959 66162
12962 40784
12963 32852
12964 75123
12965 37515
12967 64168
12969 17910
12970 28739
12971 28823
12975 32791
12976 18135
12978 51976
12985 314
12987 15206
12988 19018
12993 29856
12994 53411
12996 48448
12998 24493
13002 9537
13004 13082
13006 13299
13007 70399
13009 69653
13010 69587
13014 48063
13018 16505
13019 53138
13022 29260
13024 69866
13028 41539
13030 22671
13031 67617
13035 19123
13039 2874
13040 72573
13041 13408
13044 75721
13045 15037
13047 55763
13048 4450
13049 21256
13050 51069
13051 55383
13052 1230
13056 27617
13062 49671
13063 44443
13064 36831
13065 48014
13066 2980
13067 50808
13068 1274
13070 71593
13072 30249
13073 6845
13076 4376
13077 39021
13080 65198
13081 54222
13082 36802
13085 27157
13086 54170
13087 46174
13095 74886
13100 26500
13102 57961
13104 28216
13105 38472
13107 50066
13108 6330
13109 1551
13110 15358
13111 7937
13112 16468
13115 3054
13116 9368
13117 59843
13118 28131
13119 22500
13120 64940
13121 1661
13123 3516
13131 72493
13139 35878
13140 64046
13141 23800
13142 25141
13147 6731
13149 1545
13155 19183
13160 30778
13161 8454
13162 34199
13163 15523
13164 34397
13165 50531
13167 24156
13168 2961
13169 60299
13170 12386
13172 53682
13175 19639
13177 37650
13179 11446
13182 59742
13183 62942
13184 73060
13186 7721
13189 45115
13191 47224
13192 60454
13193 44998
13196 2137
13197 23434
13200 54999
13204 62443
13207 28584
13208 74702
13211 806
13213 18526
13214 19706
13215 16396
13221 30103
13224 60614
13227 22589
13229 1802
13231 61661
13234 64665
13235 15964
13237 46150
13241 4606
13242 52824
13244 51857
13250 54428
13251 40375
13252 3036
13253 55214
13254 38089
13256 67013
13257 32748
13260 73636
13263 56441
13264 52488
13267 67411
13268 70013
13275 52620
13276 63078
13278 36676
13279 48885
13280 43611
13281 49669
13288 10933
13293 34358
13295 67480
13296 31763
13297 24829
13308 73008
13311 62971
13312 58808
13326 17920
13328 62727
13329 54933
13330 35718
13331 45932
13333 8970
13334 41936
13335 7668
13336 13842
13338 1989
13340 30416
13341 72570
13343 55063
13344 26764
13348 220
13349 62712
13353 51895
13354 10736
13356 72479
13357 71204
13360 60124
13361 46453
13363 30590
13366 33243
13367 30371
13369 54259
13371 63001
13374 21246
13381 70287
13384 37006
13385 53169
13386 55773
13387 42903
13388 72955
13389 59841
13394 54674
13398 45854
13400 34768
13402 26686
13403 19742
13405 44223
13407 67515
13410 58549
13412 68893
13413 42797
13415 4917
13418 48821
13419 23816
13420 8853
13421 25903
13427 74743
13429 12273
13435 17153
13436 51359
13439 32452
13443 12794
13446 39298
13447 25273
13448 34664
13452 7308
13454 5184
13455 37393
13456 4400
13462 71376
13463 13416
13464 29025
13465 15127
13466 60422
13467 29282
13468 29372
13472 67567
13473 39751
13476 11146
13479 4457
13480 72593
13481 20276
13482 72529
13484 11171
13486 33508
13489 53959
13490 35139
13493 15835
13495 29178
13498 60590
13499 11917
13500 26336
13501 61591
13508 3861
13509 9184
13513 11115
13514 2940
13521 4976
13524 66998
13536 11376
13537 15821
13538 72679
13540 22655
13541 36622
13543 12751
13544 46677
13546 52256
13549 56272
13550 38067
13551 29445
13552 18989
13553 39363
13554 67467
13560 54591
13564 49378
13565 13771
13567 22727
13569 50865
13571 14238
13572 42535
13573 60570
13574 1849
13575 67746
13577 56641
13579 16277
13581 73081
13583 14637
13584 24878
13585 41220
13586 67521
13587 17205
13589 9061
13591 58118
13592 5455
13593 44411
13594 56851
13595 18674
13596 25421
13600 15434
13601 8963
13602 13634
13606 76786
13613 6895
13617 65499
13619 39805
13621 57638
13622 1373
13623 23893
13625 76952
13626 27914
13627 16460
13628 73320
13632 60688
13633 44270
13634 6807
13635 8987
13636 69715
13637 27545
13639 8590
13642 37637
13643 48166
13644 28321
13646 61650
13652 63943
13653 36064
13654 42119
13656 29313
13658 3956
13660 17236
13664 13997
13665 32532
13666 19519
13668 25521
13670 38877
13675 38698
13676 3727
13679 63841
13680 52782
13682 47097
13684 29316
13686 53308
13687 70396
13688 37034
13690 45764
13692 32511
13693 36761
13697 39286
13698 4808
13700 17504
13703 59451
13708 24757
13709 12466
13710 47638
13711 21660
13712 33929
13713 17570
13715 3397
13719 48074
13721 45484
13733 37692
13736 17697
13741 23570
13742 68038
13743 18280
13744 8960
13746 12230
13747 20550
13749 27664
13751 1620
13752 8481
13754 3673
13755 21068
13761 72265
13762 30724
13764 33192
13767 14550
13769 27116
13770 3605
13771 9223
13772 4781
13774 17148
13775 49486
13776 69358
13778 45935
13783 8429
13786 6463
13787 27296
13790 7181
13792 15350
13797 31629
13798 75199
13803 1459
13804 60167
13806 31155
13807 10765
13810 38703
13812 51592
13813 12653
13814 58680
13817 600
13819 28079
13820 31368
13821 38933
13825 39213
13827 54704
13830 18038
13834 47703
13835 39122
13836 6081
13837 29319
13840 9895
13841 33079
13842 19318
13844 68518
13846 24438
13848 13490
13850 20913
13852 63627
13853 3452
13855 63010
13856 20143
13857 34184
13858 55312
13860 22316
13862 25756
13863 65665
13867 56711
13874 75172
13876 23224
13877 49537
13881 28384
13882 20817
13883 51701
13887 45486
13892 4399
13893 70683
13894 163
13900 21741
13901 8371
13904 7313
13905 6639
13906 7815
13909 25027
13911 17870
13914 8270
13915 42863
13916 4921
13918 1733
13921 34877
13923 14839
13924 21387
13925 22042
13927 38659
13928 4851
13930 13946
13933 27166
13934 40086
13935 28949
13940 18260
13941 63719
13946 3873
13947 6328
13949 11687
13952 15802
13954 23113
13955 18534
13957 2185
13959 36929
13960 20814
13964 40576
13966 14073
13967 35211
13972 5827
13978 63929
13981 5364
13983 14775
13984 17944
13993 46110
13997 73321
13998 16797
14000 4258
14001 5518
14002 1492
14005 9988
14009 26730
14015 9436
14016 21522
14018 57386
14022 14020
14027 53904
14028 43600
14031 52111
14033 74219
14034 72001
14035 20950
14036 1837
14037 9527
14038 15463
14039 61057
14041 38279
14042 21737
14043 74518
14045 21856
14050 16339
14052 42421
14054 4082
14055 23215
14056 44725
14058 21400
14059 52789
14062 4075
14065 37305
14066 5488
14070 4539
14074 29464
14075 69671
14077 10792
14078 54427
14080 11464
14083 23737
14084 10149
14086 20228
14087 62604
14089 50286
14093 27315
14097 8830
14098 43353
14099 8353
14102 69555
14104 35752
14105 19234
14107 76137
14110 11888
14111 33234
14115 18759
14116 3434
14117 42624
14120 60103
14125 74572
14128 73747
14129 44521
14131 44823
14132 43132
14134 67675
14137 70464
14138 21867
14140 70372
14141 72673
14142 62467
14147 41011
14149 49599
14151 23714
14155 41747
14156 5896
14158 60150
14159 27349
14160 26196
14161 5169
14162 32347
14164 26094
14166 46207
14167 42709
14168 72126
14169 60302
14172 23031
14173 38680
14174 56119
14178 57853
14179 30109
14180 18835
14187 30837
14188 26561
14191 45636
14194 13657
14196 12231
14197 27288
14198 48635
14199 20171
14204 29068
14208 4035
14210 45818
14212 8297
14213 2967
14215 72812
14216 54986
14217 1832
14219 61447
14222 16489
14227 1207
14228 40855
14230 42320
14232 36941
14233 26808
14235 54969
14238 6841
14239 13004
14243 51998
14245 60399
14246 69953
14247 46118
14250 11247
14256 22407
14257 50375
14259 60467
14260 7856
14267 16295
14269 54904
14271 68099
14273 73851
14274 35511
14275 67814
14278 899
14281 54379
14283 74815
14285 13433
14287 59151
14288 17528
14289 26807
14294 51042
14296 61833
14297 9133
14299 67838
14300 874
14301 9699
14302 14679
14305 44274
14306 45204
14308 66026
14309 9456
14311 29165
14312 6565
14315 16136
14316 8057
14320 28152
14323 69512
14326 67899
14327 15177
14329 39890
14335 73047
14338 12311
14339 19229
14342 71391
14344 4501
14345 72901
14348 24173
14349 27129
14351 19969
14352 3909
14353 70522
14356 60395
14357 57670
14358 14221
14359 64898
14360 36920
14362 50671
14363 45356
14364 14454
14365 945
14368 17194
14372 40116
14373 55863
14374 43779
14377 62993
14378 8985
14381 64668
14382 25697
14383 3454
14384 69660
14385 17919
14390 52109
14393 68504
14397 31736
14402 66052
14405 10903
14411 64935
14416 41999
14417 48694
14422 33771
14425 51601
14426 23739
14428 12874
14429 36077
14430 38554
14431 47537
14434 57727
14435 37667
14436 7134
14437 28239
14441 29017
14448 24281
14449 63753
14451 32124
14453 40936
14460 54772
14464 5897
14465 13418
14468 62871
14472 51660
14473 28973
14474 3756
14475 11384
14478 45956
14479 69920
14480 42792
14481 29435
14482 38647
14483 3088
14484 40673
14487 15201
14488 1406
14490 54207
14491 75932
14492 75492
14494 16564
14495 26018
14496 30908
14497 19225
14499 57648
14501 45015
14502 57773
14503 67608
14507 28750
14510 24881
14513 12847
14514 64354
14518 46231
14519 23910
14521 29149
14525 51849
14526 46180
14529 41918
14530 1998
14532 49953
14534 14569
14536 39086
14542 20059
14544 28264
14545 58226
14555 4201
14556 62286
14560 344
14561 38480
14564 41104
14565 2916
14566 9192
14567 9248
14568 58956
14569 613
14574 14605
14579 7845
14584 64296
14587 10752
14588 58294
14589 46310
14590 59987
14591 3679
14594 20071
14596 18900
14598 49258
14599 28792
14601 36998
14603 54172
14606 4923
14607 23516
14609 328
14611 15097
14614 31186
14615 38432
14616 71793
14617 22980
14618 22411
14623 20521
14625 33984
14626 35794
14630 25843
14631 68859
14633 4197
14634 36611
14635 8524
14636 49149
14638 40190
14640 61869
14641 25506
14643 28208
14644 73974
14645 2365
14646 5045
14648 52165
14649 17756
14650 7430
14651 37748
14652 17028
14654 58697
14656 51334
14659 8573
14661 38677
14662 70006
14663 8300
14665 59875
14667 10022
14669 1006
14670 58614
14673 10004
14674 19147
14675 42368
14677 63007
14683 37684
14684 2266
14685 30212
14687 2245
14691 2933
14697 8748
14698 41983
14704 61808
14705 47173
14708 10178
14709 27399
14711 12725
14712 15913
14713 46167
14716 26939
14719 59016
14720 3523
14721 41731
14722 15927
14723 36360
14725 23185
14729 34476
14732 64032
14734 15361
14735 6751
14736 47454
14738 11484
14746 24509
14747 16870
14748 9742
14751 15061
14754 24507
14756 29395
14757 27668
14760 67175
14761 63607
14766 41735
14767 21278
14769 33336
14774 43818
14776 42586
14777 13364
14778 9215
14787 32000
14789 35799
14790 52330
14791 13938
14796 36652
14803 14898
14804 9912
14807 42022
14809 39781
14813 37018
14814 44002
14817 26728
14818 31642
14819 28093
14820 55544
14822 4396
14826 26927
14828 64411
14830 12458
14832 6401
14833 28875
14836 41618
14837 9708
14838 20383
14839 23127
14841 41469
14843 56969
14847 20149
14848 1995
14849 15409
14850 38153
14852 13661
14853 35860
14854 72319
14855 63174
14858 6854
14859 66715
14861 59231
14863 66752
14865 36245
14871 47692
14873 75576
14876 73019
14877 38232
14879 51722
14883 27136
14884 60099
14885 10947
14886 279
14887 75568
14888 43282
14889 60350
14892 18146
14893 65038
14898 16152
14899 71354
14903 13744
14905 12081
14906 73637
14908 6980
14909 28251
14910 13965
14911 37001
14912 166
14914 9696
14915 22583
14916 48274
14917 13016
14918 30577
14919 50745
14920 12891
14922 29466
14923 37758
14924 73840
14926 74812
14928 38934
14929 34955
14933 9086
14935 59459
14936 18273
14938 33088
14940 64524
14942 69043
14944 35630
14945 10235
14947 11299
14950 51953
14951 52182
14952 43822
14954 34091
14960 11765
14962 47074
14967 58692
14972 35772
14976 54848
14977 58597
14980 37339
14983 41664
14988 1574
14989 64511
14993 61631
14994 22040
14995 36942
15000 43875
15001 24418
15002 36352
15003 35696
15004 24528
15005 65190
15007 70938
15008 23925
15009 40589
15013 40960
15017 64704
15018 61279
15020 20745
15022 20031
15023 363
15024 58715
15025 2337
15026 65084
15029 22035
15030 59186
15032 47030
15033 20268
15036 5381
15037 54915
15038 67656
15040 38237
15041 21768
15044 30543
15045 5385
15046 15690
15047 48851
15049 34487
15050 43186
15052 70259
15057 18464
15059 56683
15060 63460
15062 52010
15065 68626
15072 71890
15075 35396
15077 6043
15078 67015
15081 426
15083 6007
15090 71259
15091 5582
15092 37781
15093 74775
15096 40623
15097 49845
15100 1368
15102 62593
15105 20649
15108 42786
15110 30271
15112 43388
15116 60917
15117 64314
15118 19698
15120 67710
15123 68077
15125 543
15126 17461
15129 75265
15130 73097
15131 33108
15134 12112
15137 57765
15140 21429
15141 7068
15143 76218
15147 60280
15149 6650
15150 12657
15151 60215
15152 65487
15154 56763
15155 11051
15156 74154
15157 49801
15160 57207
15162 74044
15164 998
15165 47249
15166 31087
15168 39403
15169 48732
15179 67724
15180 44306
15184 32902
15185 10639
15186 3622
15189 19723
15192 27071
15196 42731
15198 16651
15199 39229
15202 61707
15204 70169
15207 66876
15209 58161
15210 44033
15211 48249
15212 42149
15215 60197
15218 4869
15220 38978
15222 29166
15224 33239
15226 50633
15228 12659
15231 13441
15234 28283
15237 27915
15241 44684
15242 52846
15245 17366
15247 25925
15249 55994
15251 36977
15252 61115
15253 60616
15258 45644
15259 34212
15262 62223
15263 35509
15264 59225
15266 49699
15267 55999
15269 75351
15270 35835
15272 47438
15275 59469
15276 10963
15278 28513
15280 23354
15281 33172
15282 55415
15284 39853
15287 50289
15289 25752
15290 41490
15293 51548
15294 62789
15299 25948
15300 10082
15301 47490
15303 52700
15304 8892
15307 28154
15308 61093
15310 13898
15313 72740
15315 63508
15316 43961
15320 31844
15321 7127
15324 7706
15326 70283
15328 75302
15330 26269
15331 37507
15335 37800
15336 64272
15338 6196
15339 43483
15341 13806
15346 36709
15347 46574
15349 57522
15350 40028
15351 24521
15353 57455
15362 36478
15366 180
15367 269
15371 71139
15372 3303
15373 44276
15379 8759
15381 64792
15382 40675
15383 30447
15389 24313
15396 34326
15402 854
15404 28616
15410 73074
15411 23968
15413 17413
15418 42842
15423 48247
15424 7599
15426 28643
15427 680
15429 38558
15430 55194
15431 31752
15433 40290
15435 61015
15442 40219
15443 71036
15445 54747
15449 22
15450 3553
15453 12408
15454 19607
15455 7397
15456 22929
15457 2932
15458 50346
15460 28428
15462 27277
15464 28317
15465 49494
15466 25818
15469 55897
15470 60363
15471 57287
15472 60713
15473 12064
15480 43257
15482 4148
15484 74580
15487 19160
15489 46426
15490 64695
15493 40796
15494 3323
15495 23142
15498 12448
15499 57564
15506 63114
15508 24232
15509 50394
15510 59060
15511 12504
15515 8651
15516 52618
15517 47593
15520 73115
15521 16154
15523 18134
15524 62080
15525 11429
15526 67696
15532 2776
15536 37356
15537 64423
15538 368
15540 58505
15541 50792
15542 54189
15543 56667
15544 40232
15548 573
15549 14308
15550 17071
15551 34591
15554 54913
15556 57735
15557 62421
15558 71470
15559 26055
15564 41594
15566 8601
15573 64510
15578 71789
15581 11850
15582 19494
15585 10028
15586 22661
15589 64401
15593 46833
15596 15477
15597 71590
15600 6077
15605 64339
15606 74557
15611 67243
15612 40185
15615 8311
15617 3213
15618 54722
15619 60787
15622 73930
15624 31342
15626 62849
15627 15535
15628 20249
15632 54134
15634 55719
15639 15985
15642 28515
15644 24559
15646 20947
15648 56702
15649 65856
15652 26229
15653 14970
15654 485
15655 161
15656 18882
15662 50592
15667 14330
15668 19227
15669 76258
15670 5222
15673 4635
15674 2347
15675 2464
15676 66949
15681 14525
15687 64547
15688 1378
15689 48758
15691 39549
15692 8731
15696 3749
15698 15051
15699 56857
15700 52902
15702 61490
15703 1994
15704 65217
15706 28576
15707 44273
15713 7350
15714 52562
15715 24353
15718 55226
15719 23331
15723 53813
15724 39545
15727 18550
15728 35258
15729 19016
15731 20001
15732 9852
15733 60858
15734 60039
15737 17485
15738 35443
15740 22812
15741 51010
15744 37002
15747 49355
15749 37233
15750 27196
15751 71497
15752 46577
15754 55673
15755 3661
15759 33044
15761 31637
15763 51821
15765 35635
15766 58581
15769 10646
15770 48469
15773 76336
15779 41062
15781 57908
15784 16909
15786 4633
15787 29162
15791 35156
15792 2422
15795 64016
15796 3557
15797 26735
15799 5515
15802 7762
15806 4953
15808 72551
15810 42026
15811 23875
15813 27612
15818 60357
15820 10520
15821 53996
15822 55148
15823 17634
15826 52453
15827 40410
15830 56454
15832 25987
15834 49593
15835 68451
15843 60753
15844 43912
15849 64000
15850 7914
15851 36058
15852 51710
15853 51477
15854 11054
15857 47387
15858 26452
15859 36678
15860 4041
15864 29083
15865 4680
15867 20737
15872 62622
15876 38307
15879 13155
15881 10226
15885 24091
15887 73716
15888 15827
15889 63618
15890 13460
15892 56256
15893 58205
15898 72913
15902 28448
15903 39233
15904 49729
15905 850
15909 58560
15910 43937
15911 43518
15914 38518
15915 56921
15917 37683
15919 14977
15920 13036
15922 71219
15924 4859
15925 20408
15926 23043
15927 9498
15930 51834
15933 35539
15936 53171
15937 27449
15941 26246
15942 39622
15944 41880
15948 45966
15950 16121
15961 3776
15965 11167
15966 34581
15968 23826
15969 76056
15974 69849
15976 9008
15979 36544
15984 54776
15987 43094
15989 17758
15992 48887
15994 8699
15995 50981
15997 45007
15998 5920
15999 35176
16001 2481
16003 48735
16005 34953
16007 76846
16008 43793
16016 33269
16017 26060
16019 47314
16020 29609
16024 58148
16025 40769
16026 64876
16028 3247
16029 56343
16038 49464
16039 13052
16046 11325
16052 1745
16053 12562
16063 63039
16064 20963
16066 2258
16067 54265
16069 51490
16070 37722
16071 7138
16072 69792
16076 54423
16080 60683
16081 39379
16082 19283
16087 7982
16090 63673
16091 23956
16092 20185
16093 13953
16094 3462
16096 25249
16097 48460
16099 15757
16101 23815
16108 49585
16109 14884
16110 45907
16111 4215
16112 11463
16113 70716
16115 72308
16118 48451
16120 35245
16122 55266
16123 23946
16126 54313
16127 72376
16129 6001
16130 35398
16133 45030
16134 7783
16135 15026
16137 55081
16139 38622
16140 47911
16142 74671
16143 33901
16145 36215
16146 1008
16147 24035
16148 41717
16151 12251
16154 5702
16163 37232
16164 5378
16166 59189
16168 18303
16169 40379
16176 7621
16178 27773
16180 5206
16182 45502
16184 22125
16189 19404
16191 61569
16193 12514
16198 66774
16200 59721
16202 32467
16206 19457
16208 18712
16210 24361
16211 21235
16213 60438
16214 9091
16216 43151
16217 22668
16220 10077
16221 5967
16222 34776
16225 26649
16226 72916
16227 47690
16229 9452
16233 19972
16235 65140
16237 8966
16241 76515
16242 39585
16244 59767
16245 12307
16246 11640
16249 62596
16252 51838
16254 29865
16255 7145
16258 3004
16259 66481
16262 38325
16263 65029
16266 36
16267 22994
16271 68807
16275 10879
16277 55111
16278 62750
16282 55363
16283 43348
16286 30788
16289 43157
16290 28725
16292 65427
16296 3951
16303 21941
16304 14051
16305 6703
16309 28369
16313 57494
16314 10508
16315 73256
16317 33231
16318 77008
16320 953
16321 42323
16324 48609
16330 9833
16333 15973
16335 15766
16337 3985
16338 1162
16339 24613
16340 54223
16341 21036
16343 14341
16347 10274
16349 13881
16350 13850
16351 57759
16355 32772
16357 882
16358 46168
16360 5818
16362 70081
16366 46112
16367 19994
16368 18839
16370 1467
16376 71061
16378 74360
16379 64100
16380 63994
16383 52411
16384 38925
16387 7014
16389 29522
16392 43110
16393 29112
16395 61112
16400 44007
16401 14749
16402 49943
16404 40734
16407 44451
16410 5862
16413 48641
16416 1426
16417 37310
16418 33519
16419 52743
16420 55883
16424 1654
16425 25540
16426 40520
16427 31696
16428 38246
16430 37830
16434 42521
16440 64129
16441 40136
16442 28380
16444 61533
16445 64722
16447 54637
16455 58813
16457 47476
16459 47591
16461 8604
16469 63902
16474 12633
16478 5318
16480 68848
16483 69067
16485 10132
16486 24355
16488 17611
16489 12870
16490 45537
16494 50918
16501 29363
16503 44197
16504 30280
16506 3268
16507 61295
16510 3396
16511 42850
16512 36189
16513 60966
16514 57861
16516 3922
16517 3190
16518 20303
16522 31355
16523 12077
16530 37010
16531 73601
16536 23611
16537 45864
16542 41042
16543 19158
16544 7024
16547 49413
16548 37336
16550 4577
16551 60376
16554 76944
16556 49556
16558 2882
16563 16589
16564 14658
16565 27170
16567 40607
16569 27575
16570 36795
16572 64019
16574 28183
16575 76436
16576 4503
16577 39267
16578 52146
16580 50558
16582 46717
16583 42629
16586 52569
16588 50355
16589 68485
16592 2694
16594 42108
16596 16722
16597 8705
16598 36106
16603 11179
16608 36089
16609 5594
16610 31852
16612 73162
16613 17508
16618 25239
16619 40773
16620 10280
16621 36893
16623 74369
16625 24604
16631 28806
16633 55912
16635 67875
16636 76728
16638 11413
16639 1923
16641 69589
16642 40167
16643 11637
16645 22603
16646 37638
16647 21203
16649 17233
16653 3283
16655 37196
16656 4970
16658 50143
16659 5961
16660 22435
16664 1667
16665 27674
16666 62734
16668 25972
16672 51392
16673 57743
16674 6778
16677 73235
16678 18394
16679 39093
16680 43004
16681 7773
16682 57426
16688 55909
16689 877
16690 57607
16698 67786
16699 72293
16702 2457
16703 28481
16704 22880
16707 38191
16708 46518
16710 70985
16711 2656
16714 9429
16715 4929
16716 3309
16720 25725
16721 45678
16722 35057
16726 56841
16728 37098
16736 55468
16738 37470
16741 29055
16744 41992
16748 44330
16750 25499
16756 63910
16760 44680
16762 31095
16763 50017
16764 22186
16765 60236
16768 69097
16769 10743
16771 14048
16773 37709
16774 41056
16775 3378
16779 24562
16782 3
16789 61941
16790 51736
16792 6774
16794 68217
16798 57559
16800 11791
16801 61837
16806 46483
16809 10914
16810 15055
16812 3796
16814 34011
16816 29138
16818 65047
16819 18276
16820 34807
16821 14672
16825 35771
16826 11393
16831 46720
16834 39394
16837 22121
16838 27641
16840 58123
16842 33109
16843 16636
16847 409
16849 9591
16851 18026
16852 63166
16853 19903
16857 19605
16859 10912
16862 19001
16863 42687
16864 32707
16867 4546
16869 898
16872 33344
16876 9664
16878 9548
16883 16694
16884 37752
16887 42754
16888 22964
16889 9894
16890 44911
16892 27742
16893 69879
16894 45118
16896 25686
16897 37227
16900 17973
16903 40713
16904 27391
16906 27207
16907 31884
16911 31995
16914 45492
16917 8779
16920 40338
16925 5408
16926 25956
16927 21376
16928 34928
16931 50915
16932 25332
16933 2490
16936 74770
16937 20371
16938 19672
16941 57030
16943 47738
16944 70676
16946 10494
16947 66921
16948 26950
16949 72020
16950 75010
16951 8529
16952 8109
16956 25885
16957 45877
16958 70544
16959 7517
16961 16663
16962 51820
16964 8189
16965 29903
16966 67595
16967 27414
16969 32129
16974 39230
16975 32412
16976 11227
16977 28678
16978 37806
16980 18998
16981 66633
16983 6908
16984 32650
16989 21569
16990 59787
16991 16453
16995 28946
16997 27685
17001 14653
17002 76256
17003 38862
17004 69090
17006 15107
17007 31243
17008 1159
17009 1539
17011 19257
17014 38309
17019 46542
17022 36623
17024 17410
17025 28372
17026 7759
17028 24189
17030 36247
17031 5479
17032 18750
17038 73102
17040 6398
17041 57770
17042 77
17047 64395
17048 48855
17051 72911
17054 2650
17055 13605
17056 13478
17057 2376
17059 8281
17062 13474
17068 45279
17069 19424
17070 7825
17071 30966
17072 6280
17078 44993
17079 11103
17080 74541
17081 31312
17082 70922
17083 4149
17084 30618
17086 57101
17088 46194
17092 11069
17096 68908
17105 69203
17107 39998
17108 62110
17110 16894
17111 5635
17112 24092
17113 36564
17114 28826
17115 42895
17117 77092
17122 40413
17124 34192
17125 29237
17127 65389
17131 5958
17135 14274
17136 33159
17137 56376
17138 6978
17141 38991
17142 11406
17146 42719
17150 30553
17154 59274
17156 76324
17157 13472
17160 56496
17163 9587
17165 18582
17167 62307
17169 25052
17173 10392
17175 31785
17177 60278
17178 53470
17179 14681
17182 20717
17183 75879
17184 14469
17185 17170
17186 35457
17187 67938
17188 72933
17189 15099
17190 35731
17192 77052
17193 55715
17194 43783
17198 73674
17199 66723
17200 54882
17201 44674
17203 48645
17204 17558
17206 20015
17209 24963
17210 8227
17214 16673
17215 16404
17216 73685
17217 2352
17218 71546
17220 29924
17221 63810
17224 23548
17231 43859
17235 13803
17237 31445
17240 50064
17241 45983
17246 52581
17249 20944
17250 37710
17251 66211
17253 52899
17254 9716
17255 12762
17256 49653
17257 37234
17260 2125
17261 65433
17265 2550
17266 43465
17267 71964
17268 18064
17269 18676
17270 61674
17274 21663
17275 61331
17277 22711
17278 63187
17279 70321
17280 3718
17281 15152
17283 21340
17284 38283
17288 173
17289 22567
17290 57274
17291 4369
17293 55322
17296 18662
17297 12926
17300 37562
17301 2901
17303 66609
17305 23011
17308 52305
17312 68509
17314 67184
17316 67060
17319 25461
17320 27845
17321 14475
17325 64741
17327 18795
17328 61033
17330 15305
17332 64329
17335 71939
17337 38618
17338 34998
17339 50916
17340 6533
17347 11857
17349 47944
17351 2793
17352 44931
17353 56574
17354 11159
17355 63185
17357 65859
17360 47854
17364 31165
17366 9320
17372 44967
17375 19630
17376 27737
17381 8412
17382 18517
17385 65015
17386 867
17387 2225
17389 15357
17390 41736
17393 70342
17394 2754
17396 39172
17397 9069
17399 24266
17400 18181
17401 23380
17406 62790
17407 62469
17408 4285
17409 54740
17412 37827
17413 26984
17417 36896
17420 537
17422 21606
17425 44673
17426 41640
17428 41602
17432 11583
17435 5093
17438 40399
17441 31507
17442 7346
17444 57286
17446 4142
17447 55371
17451 65234
17454 13296
17455 51102
17457 11292
17458 69993
17461 23157
17463 5754
17467 8726
17468 329
17471 717
17473 14606
17484 61362
17485 29822
17493 62981
17495 64482
17497 72163
17499 47891
17503 67180
17506 19763
17507 24106
17508 51347
17514 22048
17520 6220
17523 72765
17525 17793
17526 22659
17527 69226
17529 12138
17530 26769
17535 30220
17537 60190
17539 34264
17542 13314
17543 23498
17545 55217
17546 49112
17550 68949
17553 75194
17563 30351
17566 47176
17567 23709
17568 18630
17571 48191
17572 57493
17574 66424
17576 30149
17578 18402
17582 56584
17583 15459
17584 29921
17586 4992
17587 15873
17589 19633
17591 30920
17595 32131
17596 31612
17597 24459
17599 30772
17603 26206
17605 41957
17606 76675
17609 5609
17612 70066
17613 64656
17614 31265
17615 14054
17617 6611
17619 22132
17624 1683
17625 27591
17626 44154
17627 18581
17629 21908
17630 40922
17631 35035
17636 39980
17645 37164
17646 37355
17648 38308
17650 16950
17651 31450
17654 63918
17656 55923
17657 292
17658 9212
17661 21226
17662 45931
17663 202
17665 5854
17667 28074
17671 13204
17673 27252
17675 42057
17676 24648
17679 30411
17680 18976
17681 39650
17682 23941
17683 33438
17685 76387
17687 53828
17688 57283
17691 51632
17692 6958
17694 65793
17696 60232
17697 49085
17698 6892
17700 51779
17701 39050
17704 11561
17706 27907
