250
0 231
1 127
2 441
3 33
4 213
5 350
6 459
7 100
8 30
9 474
10 422
11 354
12 139
13 198
14 132
15 424
16 273
17 290
18 321
19 341
20 317
21 78
22 38
23 245
24 148
25 294
26 387
27 384
28 404
29 260
31 442
32 493
34 282
35 439
36 119
37 251
39 462
40 187
41 223
42 165
43 278
44 476
45 212
46 495
47 391
48 240
49 489
50 323
51 478
52 91
53 172
54 257
55 265
56 368
57 337
58 97
59 455
60 446
61 343
62 131
63 364
64 331
65 496
66 418
67 409
68 407
69 201
70 83
71 157
72 111
73 155
74 475
75 101
76 481
77 146
79 171
80 207
81 302
82 296
84 161
85 153
86 167
87 175
88 291
89 184
90 236
92 138
93 267
94 372
95 304
96 398
98 305
99 477
102 417
103 419
104 406
105 197
106 309
107 261
108 411
109 226
110 469
112 453
113 166
114 152
115 133
116 394
117 298
118 461
120 310
121 218
122 137
123 195
124 164
125 479
126 326
128 483
129 427
130 365
134 232
135 435
136 471
140 414
141 383
142 480
143 463
144 322
145 400
147 200
149 209
150 335
151 473
154 281
156 233
158 206
159 307
160 284
162 320
163 269
168 426
169 452
170 486
173 299
174 324
176 279
177 180
178 311
179 352
181 447
182 423
183 431
185 401
186 287
188 243
189 342
190 228
191 303
192 355
193 235
194 339
196 386
199 390
202 264
203 451
204 482
205 430
208 289
210 362
211 436
214 443
215 457
216 308
217 252
219 412
220 450
221 297
222 332
224 230
225 454
227 360
229 239
234 389
237 262
238 255
241 371
242 363
244 393
246 499
247 286
248 497
249 347
250 402
253 373
254 385
256 408
258 356
259 440
263 327
266 416
268 314
270 487
271 301
272 336
274 388
275 395
276 491
277 410
280 498
283 494
285 318
288 340
292 392
293 449
295 399
300 397
306 432
312 338
313 344
315 429
316 333
319 396
325 366
328 357
329 464
330 380
334 468
345 375
346 353
348 370
349 425
351 361
358 488
359 445
367 456
369 421
374 444
376 413
377 460
378 420
379 484
381 467
382 458
403 428
405 448
415 434
433 490
437 470
438 472
465 466
485 492
