245
0 352
1 66
2 319
3 411
4 78
5 174
6 173
7 33
8 303
9 415
10 175
11 119
12 43
13 480
14 437
15 210
16 413
18 237
19 443
20 115
21 203
22 222
23 254
24 380
25 251
26 484
27 440
28 454
29 263
30 274
31 38
32 94
34 160
35 427
36 205
37 492
39 477
40 320
41 279
42 198
44 171
45 244
46 402
47 360
48 146
49 214
50 434
51 464
52 450
53 77
54 113
55 467
56 110
57 408
58 483
59 444
60 438
61 276
62 219
63 308
64 140
65 285
67 106
68 468
69 338
70 495
71 455
72 228
73 163
74 138
75 497
76 299
80 168
81 216
82 233
83 469
84 460
85 448
86 472
87 485
88 407
89 353
90 490
91 452
92 95
93 433
96 204
97 135
98 410
99 334
100 356
101 416
102 348
103 236
104 441
105 431
107 377
108 422
109 213
111 298
112 267
114 268
116 393
117 374
118 313
120 466
121 324
122 315
123 332
124 271
125 326
126 347
127 166
128 239
129 330
130 435
131 392
132 273
133 199
134 378
136 147
137 217
139 487
141 189
142 144
143 234
145 372
148 463
149 235
150 343
151 385
152 494
153 470
154 250
155 363
156 405
157 491
158 323
159 350
161 476
162 404
164 499
165 327
167 294
169 328
170 259
172 306
176 421
177 414
178 248
179 225
180 340
181 371
182 475
183 473
184 384
185 471
186 447
187 321
188 191
190 307
193 230
194 291
195 339
196 232
197 311
200 333
201 383
202 253
206 247
207 252
208 369
209 482
211 361
212 245
215 282
218 409
220 346
221 368
223 341
224 362
226 375
227 462
229 297
231 238
240 354
241 366
242 397
243 439
246 304
249 351
255 358
256 293
257 290
258 481
260 355
262 379
264 420
265 465
266 424
269 398
270 344
272 436
275 442
277 391
278 325
280 388
281 432
283 403
284 445
286 370
287 317
288 390
289 478
292 376
295 458
296 461
300 423
301 449
302 314
305 329
309 364
310 456
312 400
316 496
318 373
322 389
331 395
335 428
336 381
337 386
342 396
349 425
357 399
359 426
365 489
367 418
382 401
394 498
406 479
412 417
419 430
429 451
457 493
474 488
