204
0 425
1 261
2 346
3 165
4 453
6 473
7 114
8 42
9 234
10 412
11 231
12 388
13 253
14 407
15 496
16 122
17 490
18 317
20 432
21 381
22 33
23 486
24 393
26 279
27 140
28 145
29 159
30 498
31 493
32 101
34 241
35 177
36 428
37 281
38 227
39 455
40 320
41 257
43 178
45 458
46 464
47 170
49 411
50 293
51 421
52 93
53 60
54 230
55 218
57 107
58 298
59 299
61 130
62 447
63 311
64 197
65 477
66 168
67 96
69 77
70 465
71 416
72 387
73 147
76 480
78 175
79 211
80 426
81 212
82 285
84 264
85 186
86 284
87 338
88 196
89 232
90 139
91 408
94 267
95 384
97 291
98 219
99 472
100 109
102 272
103 337
104 423
105 289
106 306
108 223
111 379
113 497
115 206
116 182
117 436
119 491
121 422
123 385
125 377
126 142
127 287
128 434
129 208
131 143
133 259
135 341
136 380
137 406
138 141
144 376
146 194
149 200
150 301
151 335
153 235
154 258
155 445
156 424
157 354
158 179
160 463
162 454
163 192
164 276
166 494
167 283
172 437
173 176
180 355
183 362
184 265
185 402
187 204
188 351
189 361
191 448
193 222
195 316
198 246
199 213
201 225
203 339
205 461
207 343
210 456
214 451
215 489
216 358
217 433
221 371
226 308
228 364
229 314
233 442
236 475
237 349
239 247
242 400
243 482
245 344
250 303
251 352
254 459
256 390
260 396
262 409
263 297
266 309
268 315
269 449
271 363
273 419
274 373
275 342
277 431
278 394
280 340
282 401
290 466
292 404
295 300
296 323
305 452
313 328
318 460
319 492
321 430
322 471
324 398
329 347
330 479
332 474
336 405
345 382
350 357
353 485
365 418
366 420
370 481
375 383
395 467
410 495
427 446
476 487
