198
10 5
55 14
142 20
47 34
98 74
187 8
139 50
128 118
45 11
54 5
82 46
12 5
147 79
170 98
117 26
152 90
81 23
78 74
150 79
189 92
195 93
169 82
48 22
88 32
153 2
59 48
83 70
33 0
56 51
37 11
163 99
172 63
38 11
75 58
160 137
11 7
164 115
65 43
89 3
63 57
3 2
43 42
178 20
114 96
66 6
155 138
135 38
174 40
9 1
101 77
108 31
154 97
106 2
27 4
186 23
120 84
156 106
105 61
95 1
129 38
86 68
85 55
124 76
182 150
127 57
44 0
184 0
23 15
179 110
97 74
49 17
175 51
2 0
70 11
181 74
116 25
126 50
132 56
6 0
193 191
17 1
13 7
165 29
21 16
68 44
30 7
92 78
96 93
103 81
134 130
62 37
115 109
119 44
107 101
197 106
46 24
7 1
73 5
185 128
39 33
166 98
52 30
123 82
168 54
42 11
136 134
94 19
102 41
16 9
144 3
26 19
90 75
74 62
140 122
77 74
67 28
50 26
104 96
171 51
191 74
149 54
51 43
145 118
25 17
110 55
146 139
72 11
5 1
91 63
151 93
111 22
167 46
122 27
22 5
80 11
87 17
138 131
32 20
93 90
100 2
19 10
71 30
61 54
196 60
20 7
69 25
53 15
99 50
29 28
57 5
36 16
190 51
34 33
173 167
176 141
133 70
112 79
121 24
143 131
4 2
192 63
113 36
79 9
24 12
159 108
31 9
35 33
161 13
157 125
58 46
64 4
60 17
183 55
8 6
158 120
180 88
28 14
40 35
194 90
162 154
109 49
177 140
18 2
148 24
125 117
15 1
130 41
141 67
84 76
131 124
118 103
41 26
1 0
137 105
14 0
76 15
188 142
