532
273 184
344 3
253 30
290 74
316 230
36 34
366 146
520 81
98 59
522 160
395 116
400 375
221 66
239 32
182 143
258 149
504 465
7 4
489 239
210 179
319 141
362 102
176 79
129 86
517 393
278 120
405 352
515 152
10 3
506 97
459 259
525 388
315 70
58 4
348 21
215 95
132 12
409 384
289 24
237 198
261 78
43 1
329 144
299 155
232 28
291 199
484 293
228 180
142 23
139 78
212 15
345 194
384 288
360 209
458 113
275 204
264 165
334 148
122 27
245 68
351 284
199 134
473 462
349 31
121 55
451 428
449 96
45 2
491 198
527 256
208 32
130 58
115 98
133 99
83 79
305 228
460 77
88 82
33 17
109 81
179 171
145 129
185 8
433 212
503 24
67 36
120 88
230 5
71 49
421 181
306 290
138 76
323 281
187 115
135 43
286 148
502 273
495 108
427 16
41 12
169 124
250 41
518 470
388 255
428 392
219 179
442 414
183 6
50 25
200 139
8 2
162 62
454 190
450 406
300 216
124 122
277 228
452 0
419 139
411 0
256 254
39 4
416 392
202 120
470 265
242 4
97 28
161 65
475 143
134 99
61 28
318 275
173 125
284 153
294 41
42 40
214 113
477 228
3 2
376 155
311 71
201 123
24 5
487 233
283 196
153 141
194 179
414 244
262 152
144 41
268 190
466 353
463 448
422 165
524 362
17 10
429 81
380 34
474 374
417 325
211 164
184 92
64 10
471 442
358 21
374 84
272 105
501 448
330 197
190 181
382 351
4 3
96 18
510 119
436 8
363 310
160 12
198 51
225 22
467 54
171 47
13 2
29 25
468 59
263 218
25 23
337 334
244 161
167 138
325 269
188 100
339 279
412 200
260 210
480 12
276 187
479 279
68 65
267 116
116 58
155 21
252 190
140 134
364 173
293 69
443 422
137 115
5 2
308 104
78 20
509 173
431 362
175 155
389 260
516 430
28 26
74 37
150 145
437 301
455 43
123 20
52 20
40 5
163 104
104 63
111 96
448 205
406 29
367 18
321 143
235 86
73 45
456 35
247 214
377 374
302 185
418 265
324 277
192 58
386 332
257 227
526 146
309 306
317 247
326 7
114 53
193 102
280 103
528 165
385 34
346 234
371 32
353 55
119 83
204 201
209 169
47 20
457 386
281 101
401 130
397 181
383 203
136 132
21 17
488 337
100 94
207 9
373 333
128 10
350 40
435 169
498 460
166 152
126 42
69 14
327 144
72 15
368 90
249 205
514 447
269 164
89 80
322 134
370 249
206 27
399 57
31 25
440 413
499 43
37 36
500 125
80 7
18 1
298 132
271 7
407 124
464 192
195 87
46 11
259 225
338 287
141 104
35 21
86 42
332 100
357 153
365 351
410 338
82 6
186 108
379 172
343 216
70 8
240 124
12 4
530 490
513 119
481 379
314 205
224 61
312 192
32 10
165 63
203 192
1 0
105 66
279 63
177 27
53 20
125 5
16 9
189 185
63 12
403 0
347 192
241 134
84 26
19 14
6 3
494 73
359 236
65 8
22 13
131 4
11 7
505 324
180 53
391 356
447 100
147 142
485 225
57 13
254 229
493 48
15 7
492 487
394 22
511 244
265 107
441 206
512 256
342 97
66 42
233 166
424 152
304 58
341 259
408 398
453 25
92 63
303 166
9 1
333 298
307 268
2 0
490 13
393 290
218 101
381 184
497 138
396 349
469 148
375 100
521 262
113 24
508 417
181 151
270 101
288 135
151 19
79 57
476 379
413 102
335 318
154 139
216 80
197 178
54 40
229 186
439 298
168 143
117 70
320 309
14 10
415 229
531 377
434 31
438 66
251 65
178 52
266 143
486 118
390 318
496 409
519 70
48 27
158 37
444 440
93 84
118 98
62 61
287 255
426 54
420 353
238 196
472 195
246 227
255 81
236 44
87 37
231 15
313 257
90 16
297 291
446 86
295 70
243 179
478 63
296 188
213 98
340 52
107 63
482 137
172 133
310 195
91 43
378 287
38 21
94 0
149 76
60 9
146 0
76 53
101 12
282 135
356 221
432 72
226 173
372 265
423 212
102 74
398 266
292 167
143 6
148 51
352 142
26 13
461 111
127 126
103 92
274 210
81 54
51 13
20 4
369 135
301 158
462 108
205 92
95 72
523 35
75 73
170 64
156 52
110 22
222 118
336 261
30 6
112 37
227 80
217 156
355 105
59 30
77 57
285 149
23 10
174 95
331 166
85 30
49 15
27 18
157 97
507 7
465 318
159 21
164 158
387 226
529 475
44 16
404 149
430 54
445 320
328 41
425 129
361 167
223 61
191 12
152 39
392 371
196 150
55 12
402 103
234 167
106 46
220 57
99 95
108 105
354 93
248 123
483 77
34 10
56 19
