193
188 83
69 16
52 5
70 64
130 58
163 68
118 3
62 8
185 174
164 161
90 3
149 131
75 4
68 17
96 87
166 51
43 11
128 77
26 9
74 64
136 53
111 40
142 38
14 10
92 26
2 1
73 13
85 21
60 51
122 17
102 52
133 73
106 27
55 40
148 121
34 24
145 144
167 131
38 27
59 30
177 64
134 133
141 58
82 52
139 25
39 5
15 9
93 67
46 0
1 0
64 46
170 33
89 49
56 51
157 50
107 23
146 119
17 4
61 7
57 53
72 16
91 27
172 24
176 165
138 120
155 76
119 100
160 13
123 117
189 39
63 5
178 110
191 52
51 16
94 61
121 97
20 13
44 15
112 46
22 14
65 26
182 7
168 112
10 1
78 75
103 63
161 100
132 15
114 52
175 126
49 42
158 4
35 23
126 57
137 83
115 28
100 53
181 75
12 3
79 63
190 110
127 98
50 30
67 57
165 19
108 41
5 3
171 51
183 152
113 6
32 10
8 4
174 86
97 23
143 32
4 2
179 60
144 40
140 111
88 45
131 49
36 35
110 45
16 0
101 77
129 33
156 111
147 116
84 17
154 86
109 100
31 9
99 69
48 26
6 1
76 26
192 131
135 90
152 91
105 32
81 50
104 17
116 114
30 26
169 81
37 28
71 44
86 44
184 89
9 8
47 11
54 46
18 6
80 15
42 41
151 63
40 19
3 2
66 20
173 105
186 40
45 5
29 27
58 39
11 6
120 70
87 35
21 2
187 19
13 5
162 3
53 22
28 1
180 61
23 21
95 25
77 13
24 7
98 40
83 17
150 2
19 9
125 31
27 10
117 56
153 112
124 37
33 29
41 32
7 4
25 20
159 61
