53950
213
148215
43120
34899
9993
23307
74541
134299
6731
55936
10259
5361
2498
5200
19719
24754
2062
147328
5405
32379
2486
204723
24817
116748
49951
125910
87814
40464
2867
20302
55509
3067
24088
115819
1990
14627
751
80157
36817
5731
51967
56950
7308
53569
23911
32706
38328
4187
11266
17018
2030
240
11819
22740
110016
988
2564
43420
59329
11412
46579
0
62863
32496
105880
12533
150761
2567
28801
1961
15486
103202
55014
42022
2967
4478
76517
62363
0
82563
9450
24607
109696
1141
30566
36208
4189
318
28762
4257
146409
27164
14298
160008
28826
7170
40064
12058
1692
48890
16280
60564
21087
30264
7869
7023
15261
79846
1895
33421
1211
59846
26644
23699
158918
16126
64095
68121
61208
0
27148
14839
8300
22531
23309
39961
17819
15925
37940
1777
25512
155
39454
14528
130702
19048
40211
19815
62931
85285
62486
6381
22517
46328
3119
38415
75803
22240
54493
5295
14809
