9021
5103
31840
1685
28366
474
10808
424
19998
2841
10691
4623
4860
818
7470
1198
21462
0
5739
17850
13267
250
129
28236
24021
2577
2469
0
1476
26731
14203
14638
5401
36126
1678
7322
4985
291
125
16260
29233
3440
53342
4728
2117
1389
4719
24204
29974
14573
3767
2681
27970
10525
4956
11632
7376
948
23765
906
0
2501
523
14943
33190
5336
23649
24323
25349
14685
1554
4883
14815
3511
9205
3116
1791
1668
2704
24112
52153
17705
7087
5560
939
6079
42002
158
1101
3907
1055
25283
4563
9344
18522
9037
47599
0
5720
1373
23125
0
16409
32876
468
9491
36580
4154
28330
33629
0
12592
37844
23585
9430
24026
1906
12902
50610
25613
4391
62440
