1891
5127
1089
4007
7179
643
19043
3979
6531
178
26487
0
11193
0
22336
17258
5499
10786
6014
366
12978
2667
36772
0
501
834
2530
14543
5267
0
724
681
25638
0
7578
39855
701
14947
400
10757
7460
26299
4054
3486
2725
1342
787
226
3629
27112
5322
6056
24772
13268
1577
9682
9252
5107
7874
6709
1371
0
4159
2525
6
335
4963
1273
32462
7176
4739
7421
931
6747
0
52608
5073
7961
321
2742
1580
4184
4617
0
34015
0
473
1555
0
3359
7352
728
20390
2629
865
2214
3281
6720
7660
4207
16889
4937
3336
0
5739
9343
38984
3675
798
8510
4304
1768
8841
18670
5286
22
8628
291
2476
32635
32706
42161
14580
5656
36996
10187
15057
4865
5982
8261
6174
3428
64865
0
24869
1167
0
181
27402
605
1096
14917
730
12224
5416
20152
3555
9014
5919
8658
2781
0
20549
15574
14700
83929
2731
10955
5540
5
46220
31602
8742
64891
53000
559
5384
47877
0
14516
53575
183
32445
0
8217
11200
15637
21633
4315
5302
945
4710
15007
3032
13019
1427
0
38981
24732
0
6422
7542
726
27571
