74185
50357
11703
3053
186
9306
309
30873
24439
22633
16071
79811
79273
17192
38738
28451
16507
58703
29623
6157
856
7512
3459
27020
25308
6709
44736
9308
3094
10193
4987
10083
8472
3008
42370
104443
3203
23156
6937
48436
88840
766
4006
32260
1050
93406
177029
9800
81487
33507
5495
47067
14063
22089
4887
19910
2933
22513
32640
2244
28930
5750
93448
23550
10408
6587
28176
91545
64536
9955
72582
2772
4067
2575
16209
30897
31222
32781
38682
6616
6236
15071
6637
45298
26133
84960
113851
12504
6942
8687
12104
19591
6924
81433
37651
21763
54568
6831
22889
5025
26434
45176
72954
1988
39048
87207
0
8154
72946
919
2974
155916
85908
104858
19331
81148
46239
64204
11458
49316
27376
38260
27398
35676
25369
52102
3764
28233
25144
723
45582
97220
23720
15654
82439
8236
119237
38833
30739
62056
35740
17026
101808
1781
9065
65780
5359
128771
15143
67091
42550
163
17570
3584
39715
25644
30339
30200
39371
798
18895
11304
143427
40072
27121
4551
28897
5820
1281
15887
1275
65738
9357
135216
50413
218937
45848
7423
120385
108235
29982
15169
69881
35180
37888
86508
11167
194873
31351
9371
20418
3290
21235
93961
6553
13291
106195
6739
2170
7949
43803
135197
18595
41670
25338
40240
4043
23691
41205
52572
92467
37320
102460
7986
43277
55657
99433
42811
14470
330
56985
40913
0
153752
138394
18119
28563
454
187461
9451
39329
134919
42462
132926
25220
3069
28945
6357
1105
74235
52580
49501
8382
47361
21807
148837
31518
262172
16217
45721
2198
17400
56495
3804
82975
81034
19986
12007
1489
158798
8475
42287
1029
116012
71858
38785
0
5266
76137
125009
62697
21472
74303
60228
134554
57421
14803
68570
576
6305
24162
208301
135181
95792
11967
728
47330
54478
12600
59347
11676
13237
91421
7519
33433
6379
2179
47968
971
189708
15334
35285
20928
193
8148
56717
4990
18023
20505
109155
166022
22038
121107
20685
9398
121620
50058
2962
51655
2037
13580
104122
7413
21002
18581
134883
48253
26276
3475
9498
9619
278
4506
50834
55976
44122
83148
36601
3290
111873
30713
752
92170
51649
90174
93596
47929
581
385
100254
46503
54851
18703
5938
40456
89936
90103
13181
6015
45375
128495
9271
39532
15080
42840
18774
26360
2683
16889
1056
42019
149206
4557
4050
147939
28255
125242
11926
3364
25986
33589
73518
169444
2352
9786
69600
12714
0
66201
74174
24891
153191
20309
17578
1223
2717
20224
0
11659
697
17199
30298
28354
3129
170071
9257
40700
37726
14479
55356
30017
43449
28583
1272
73689
2148
6365
62891
128416
9498
35662
106326
3845
292179
52914
4365
16260
26909
71932
18197
17465
6036
