6433
1 2 4
1 88 90
1 104 106
1 107 109
1 185 187
1 189 191
1 216 218
1 230 232
1 259 261
1 264 266
1 288 290
1 324 326
1 356 358
1 399 401
1 423 425
1 510 512
1 512 514
1 524 526
1 538 540
1 562 564
1 573 575
1 604 606
1 691 693
1 739 741
1 749 751
1 767 769
1 783 785
1 786 789
1 808 810
1 827 829
1 851 853
1 860 862
1 901 903
1 910 912
1 954 956
1 960 962
1 973 975
1 989 991
1 999 1001
1 1065 1067
1 1125 1127
1 1164 1166
1 1168 1170
1 1221 1223
1 1242 1244
1 1265 1267
1 1334 1336
1 1353 1356
1 1463 1465
1 1537 1539
1 1541 1543
1 1577 1579
1 1597 1599
1 1627 1629
1 1663 1666
1 1699 1701
1 1756 1758
1 1760 1763
1 1796 1798
1 1839 1841
1 1859 1861
1 1894 1896
1 1942 1944
1 1975 1977
1 2012 2014
1 2047 2049
1 2090 2092
1 2132 2135
1 2199 2201
1 2222 2224
1 2298 2300
1 2330 2332
1 2367 2369
1 2380 2382
1 2432 2434
1 2442 2444
1 2509 2511
1 2555 2557
1 2559 2561
1 2567 2569
1 2594 2596
1 2615 2617
1 2677 2679
1 2683 2685
1 2699 2701
1 2746 2748
1 2753 2755
1 2783 2786
1 2795 2797
1 2797 2799
1 2803 2805
1 2822 2825
1 2833 2835
1 2878 2880
1 2935 2937
1 2966 2968
1 2993 2995
1 3010 3012
1 3013 3015
1 3035 3037
1 3049 3051
1 3070 3072
1 3099 3101
1 3103 3105
1 3163 3165
1 3208 3210
1 3229 3231
1 3252 3254
1 3255 3257
1 3381 3383
1 3390 3392
1 3421 3423
1 3448 3450
1 3455 3457
1 3466 3468
1 3472 3474
1 3554 3556
1 3632 3634
1 3641 3643
1 3699 3701
1 3722 3724
1 3741 3743
1 3864 3866
1 3870 3872
1 3894 3896
1 3901 3903
1 3930 3932
1 3932 3934
1 3990 3992
1 3992 3994
1 4027 4029
1 4056 4059
1 4101 4103
1 4108 4110
1 4119 4122
1 4129 4131
1 4144 4146
1 4154 4156
1 4184 4186
1 4215 4218
1 4278 4280
1 4300 4302
1 4309 4311
1 4327 4329
1 4331 4333
1 4355 4357
1 4373 4375
1 4395 4397
1 4398 4400
1 4422 4424
1 4464 4466
1 4499 4501
1 4512 4514
1 4517 4519
1 4521 4523
1 4523 4525
1 4526 4528
1 4574 4576
1 4594 4596
1 4624 4626
1 4637 4639
1 4654 4656
1 4761 4763
1 4767 4769
1 4791 4793
1 4800 4802
1 4802 4804
1 4807 4809
1 4809 4811
1 4816 4818
1 4830 4832
1 4889 4891
1 4894 4896
1 4925 4927
1 4972 4974
1 4995 4997
1 5002 5004
1 5019 5021
1 5022 5024
1 5028 5030
1 5073 5075
1 5076 5078
1 5093 5095
1 5134 5136
1 5142 5144
1 5149 5151
1 5153 5155
1 5163 5165
1 5185 5187
1 5197 5199
1 5269 5271
1 5273 5275
1 5280 5282
1 5291 5293
1 5295 5297
1 5329 5331
1 5347 5349
1 5382 5384
1 5421 5423
1 5429 5431
1 5472 5475
1 5479 5481
1 5500 5502
1 5582 5584
1 5661 5663
1 5668 5670
1 5675 5677
1 5746 5748
1 5748 5750
1 5785 5787
1 5790 5792
1 5800 5802
1 5884 5886
1 5912 5914
1 5955 5957
1 5958 5960
1 5969 5971
1 5984 5986
1 5994 5996
1 6008 6010
1 6125 6127
1 6127 6129
1 6152 6154
1 6155 6157
1 6169 6171
1 6171 6173
1 6209 6211
1 6262 6264
1 6264 6266
1 6298 6300
1 6314 6316
1 6321 6323
1 6377 6379
1 6445 6447
1 6475 6477
1 6479 6481
1 6515 6517
1 6525 6527
1 6529 6531
1 6537 6539
1 6573 6575
1 6640 6642
1 6646 6648
1 6679 6681
1 6708 6710
1 6734 6736
1 6800 6802
1 6822 6824
1 6830 6832
1 6832 6834
1 6861 6863
1 6913 6915
1 6919 6921
1 6922 6924
1 6984 6986
1 7007 7009
1 7011 7013
1 7028 7030
1 7091 7093
1 7102 7104
1 7106 7109
1 7113 7115
1 7128 7130
1 7134 7136
1 7217 7219
1 7312 7314
1 7347 7349
1 7369 7371
1 7374 7376
1 7417 7419
1 7424 7426
1 7443 7445
1 7483 7486
1 7487 7489
1 7525 7527
1 7548 7550
1 7587 7589
1 7590 7592
1 7594 7596
1 7607 7609
1 7649 7651
1 7687 7689
1 7717 7719
1 7747 7749
1 7766 7768
1 7776 7778
1 7796 7798
1 7814 7816
1 7830 7832
1 7837 7839
1 7845 7847
1 7860 7862
1 7895 7897
1 7901 7903
1 7939 7941
1 7950 7952
1 7994 7996
1 8001 8003
1 8011 8013
1 8014 8016
1 8018 8020
1 8160 8162
1 8247 8249
1 8258 8261
1 8275 8277
1 8289 8291
1 8317 8319
1 8334 8336
1 8354 8357
1 8385 8387
1 8388 8390
1 8421 8423
1 8468 8471
1 8478 8480
1 8614 8616
1 8618 8620
1 8621 8623
1 8665 8667
1 8753 8755
1 8756 8758
1 8758 8760
1 8772 8774
1 8849 8851
1 8858 8860
1 8897 8899
1 8933 8935
1 8956 8958
1 8962 8964
1 9036 9038
1 9074 9076
1 9144 9146
1 9158 9160
1 9168 9170
1 9233 9235
1 9248 9250
1 9262 9264
1 9280 9282
1 9306 9308
1 9319 9321
1 9356 9358
1 9381 9383
1 9396 9398
1 9405 9407
1 9419 9421
1 9424 9426
1 9439 9441
1 9483 9485
1 9507 9509
1 9517 9519
1 9521 9523
1 9526 9528
1 9580 9582
1 9583 9585
1 9589 9591
1 9624 9626
1 9663 9665
1 9668 9670
1 9771 9773
1 9777 9779
1 9794 9796
1 9836 9838
1 9840 9842
1 9848 9850
1 9851 9853
1 9894 9896
1 9896 9898
1 9947 9949
1 9978 9980
1 10034 10036
1 10057 10059
1 10064 10066
1 10098 10100
1 10133 10135
1 10139 10141
1 10146 10148
1 10152 10154
1 10159 10162
1 10187 10189
1 10198 10200
1 10270 10272
1 10273 10275
1 10293 10295
1 10387 10389
1 10400 10402
1 10471 10474
1 10529 10531
1 10551 10553
1 10575 10577
1 10604 10606
1 10664 10666
1 10693 10695
1 10704 10706
1 10721 10723
1 10780 10782
1 10795 10797
1 10807 10809
1 10879 10881
1 10891 10893
1 10900 10902
1 10943 10945
1 10964 10966
1 10990 10992
1 11055 11057
1 11068 11070
1 11102 11104
1 11116 11118
1 11133 11135
1 11139 11141
1 11153 11155
1 11167 11169
1 11182 11184
1 11193 11195
1 11208 11210
1 11217 11219
1 11279 11281
1 11284 11287
1 11288 11290
1 11312 11314
1 11326 11328
1 11337 11339
1 11343 11345
1 11355 11357
1 11390 11392
1 11409 11411
1 11430 11432
1 11466 11468
1 11512 11514
1 11520 11522
1 11524 11526
1 11530 11532
1 11534 11537
1 11537 11539
1 11548 11550
1 11570 11572
1 11581 11583
1 11610 11612
1 11612 11614
1 11652 11654
1 11662 11664
1 11664 11666
1 11678 11680
1 11708 11710
1 11743 11745
1 11762 11764
1 11765 11767
1 11781 11783
1 11803 11805
1 11858 11860
1 11868 11870
1 11887 11889
1 11903 11905
1 11928 11930
1 11930 11932
1 12004 12006
1 12010 12012
1 12013 12015
1 12022 12024
1 12045 12047
1 12053 12055
1 12104 12106
1 12175 12177
1 12245 12247
1 12263 12265
1 12278 12280
1 12348 12350
1 12392 12394
1 12403 12405
1 12428 12430
1 12445 12447
1 12507 12509
1 12580 12582
1 12635 12637
1 12673 12675
1 12675 12677
1 12785 12788
1 12803 12805
1 12872 12874
1 12924 12926
1 12966 12968
1 13102 13104
1 13106 13108
1 13109 13111
1 13128 13130
1 13152 13154
1 13162 13164
1 13226 13228
1 13232 13234
1 13278 13280
1 13301 13303
1 13312 13314
1 13330 13332
1 13423 13425
1 13435 13437
1 13438 13440
1 13458 13461
1 13470 13472
1 13475 13477
1 13555 13557
1 13607 13610
1 13626 13628
1 13631 13633
1 13640 13642
1 13642 13644
1 13663 13665
1 13709 13711
1 13719 13721
1 13900 13902
1 13917 13919
1 13950 13952
1 13955 13957
1 14003 14005
1 14064 14066
1 14116 14118
1 14194 14196
1 14200 14202
1 14342 14344
1 14433 14435
1 14442 14444
1 14446 14448
1 14537 14539
1 14553 14555
1 14584 14586
1 14669 14671
1 14692 14694
1 14720 14722
1 14729 14731
1 14734 14736
1 14759 14761
1 14791 14793
1 14823 14825
1 14835 14837
1 14870 14872
1 14952 14954
1 14979 14981
1 15030 15032
1 15040 15042
1 15060 15062
1 15076 15079
1 15103 15105
1 15120 15122
1 15122 15124
1 15125 15127
1 15138 15140
1 15146 15148
1 15163 15165
1 15181 15183
1 15248 15251
1 15274 15276
1 15380 15382
1 15396 15398
1 15431 15434
1 15481 15483
1 15524 15526
1 15552 15554
1 15558 15560
1 15562 15564
1 15566 15568
1 15595 15597
1 15628 15630
1 15660 15662
1 15662 15664
1 15678 15680
1 15779 15781
1 15784 15786
1 15818 15820
1 15822 15824
1 15825 15827
1 15830 15832
1 15909 15911
1 15958 15960
1 15992 15994
1 16005 16007
1 16016 16018
1 16029 16031
1 16060 16062
1 16091 16093
1 16106 16108
1 16142 16144
1 16178 16180
1 16197 16199
1 16219 16221
1 16245 16247
1 16274 16276
1 16298 16300
1 16370 16372
1 16394 16396
1 16445 16447
1 16522 16524
1 16543 16545
1 16545 16548
1 16582 16584
1 16596 16598
1 16602 16604
1 16631 16633
1 16652 16654
1 16670 16672
1 16676 16678
1 16698 16700
1 16701 16703
1 16712 16714
1 16809 16811
1 16813 16815
1 16824 16826
1 16841 16843
1 16852 16854
1 16918 16921
1 16925 16927
1 16945 16947
1 16949 16951
1 16959 16961
1 17011 17013
1 17020 17022
1 17111 17113
1 17138 17140
1 17186 17189
1 17191 17193
1 17219 17221
1 17227 17229
1 17234 17236
1 17262 17264
1 17266 17268
1 17276 17278
1 17283 17285
1 17286 17288
1 17318 17320
1 17321 17323
1 17350 17352
1 17358 17360
1 17389 17391
1 17447 17449
1 17484 17486
1 17533 17535
1 17601 17603
1 17626 17628
1 17638 17640
1 17673 17675
1 17683 17685
1 17700 17702
1 17724 17726
1 17733 17735
1 17741 17743
1 17762 17764
1 17764 17766
1 17767 17769
1 17773 17775
1 17820 17822
1 17859 17863
1 17871 17873
1 17898 17900
1 17911 17913
1 17919 17921
1 17993 17995
1 17998 18000
1 18007 18009
1 18009 18011
1 18087 18089
1 18122 18124
1 18141 18143
1 18151 18153
1 18161 18163
1 18222 18224
1 18234 18236
1 18250 18252
1 18331 18333
1 18349 18351
1 18400 18402
1 18421 18423
1 18441 18443
1 18443 18446
1 18526 18528
1 18532 18534
1 18548 18550
1 18567 18569
1 18584 18586
1 18600 18602
1 18640 18642
1 18674 18676
1 18676 18678
1 18680 18682
1 18682 18684
1 18688 18690
1 18708 18710
1 18792 18794
1 18798 18800
1 18810 18812
1 18814 18816
1 18863 18865
1 18892 18894
1 18903 18905
1 18928 18930
1 19003 19005
1 19006 19008
1 19029 19031
1 19128 19130
1 19207 19209
1 19214 19216
1 19252 19254
1 19262 19264
1 19303 19305
1 19319 19321
1 19323 19325
1 19342 19344
1 19365 19367
1 19394 19396
1 19441 19443
1 19461 19463
1 19488 19490
1 19491 19493
1 19494 19496
1 19634 19636
1 19636 19639
1 19698 19700
1 19701 19703
1 19802 19804
1 19805 19807
1 19810 19812
1 19816 19818
1 19820 19822
1 19824 19826
1 19865 19867
1 19913 19915
1 19991 19993
1 20076 20078
1 20188 20190
1 20197 20199
1 20228 20230
1 20237 20239
1 20249 20251
1 20274 20276
1 20299 20301
1 20313 20315
1 20369 20371
1 20376 20378
1 20392 20394
1 20396 20398
1 20435 20437
1 20472 20474
1 20486 20488
1 20530 20532
1 20539 20541
1 20584 20586
1 20587 20589
1 20591 20593
1 20606 20608
1 20695 20697
1 20715 20717
1 20746 20748
1 20787 20789
1 20802 20804
1 20810 20812
1 20834 20836
1 20845 20847
1 20855 20857
1 20897 20899
1 20924 20926
1 20943 20945
1 20952 20954
1 20989 20991
1 21021 21023
1 21029 21031
1 21039 21041
1 21111 21113
1 21169 21171
1 21200 21202
1 21213 21215
1 21335 21337
1 21346 21348
1 21352 21354
1 21392 21394
1 21466 21468
1 21496 21498
1 21518 21520
1 21541 21543
1 21548 21550
1 21552 21554
1 21577 21579
1 21580 21582
1 21586 21588
1 21608 21610
1 21632 21634
1 21702 21704
1 21705 21707
1 21740 21742
1 21757 21759
1 21792 21796
1 21809 21812
1 21833 21835
1 21845 21847
1 21861 21863
1 21907 21909
1 21939 21942
1 21980 21982
1 21989 21991
1 22020 22022
1 22037 22039
1 22057 22059
1 22072 22074
1 22087 22089
1 22107 22110
1 22161 22163
1 22183 22185
1 22196 22198
1 22220 22222
1 22280 22282
1 22282 22284
1 22306 22308
1 22333 22335
1 22342 22344
1 22382 22384
1 22431 22433
1 22436 22438
1 22441 22443
1 22457 22459
1 22459 22461
1 22462 22464
1 22522 22524
1 22530 22532
1 22562 22564
1 22586 22588
1 22589 22591
1 22596 22598
1 22607 22609
1 22644 22646
1 22655 22657
1 22667 22669
1 22674 22676
1 22679 22681
1 22690 22692
1 22699 22701
1 22774 22776
1 22852 22854
1 22873 22875
1 22992 22994
1 23068 23070
1 23092 23094
1 23131 23133
1 23144 23146
1 23268 23271
1 23277 23279
1 23279 23281
1 23310 23312
1 23348 23350
1 23361 23363
1 23392 23394
1 23417 23419
1 23430 23432
1 23434 23436
1 23441 23443
1 23447 23449
1 23479 23481
1 23482 23484
1 23484 23486
1 23508 23510
1 23545 23547
1 23635 23637
1 23681 23683
1 23685 23687
1 23768 23770
1 23817 23819
1 23822 23824
1 23829 23831
1 23862 23864
1 23879 23882
1 23883 23885
1 24039 24041
1 24053 24055
1 24118 24120
1 24120 24122
1 24132 24134
1 24155 24157
1 24173 24175
1 24181 24183
1 24190 24192
1 24217 24219
1 24291 24293
1 24363 24365
1 24467 24470
1 24518 24520
1 24574 24576
1 24578 24580
1 24664 24666
1 24692 24694
1 24724 24726
1 24756 24758
1 24763 24765
1 24771 24773
1 24782 24784
1 24807 24809
1 24862 24864
1 24930 24932
1 24952 24954
1 24997 24999
1 25043 25045
1 25113 25115
1 25118 25120
1 25134 25136
1 25209 25211
1 25212 25214
1 25219 25221
1 25273 25275
1 25324 25326
1 25379 25381
1 25402 25404
1 25404 25406
1 25445 25447
1 25521 25523
1 25557 25559
1 25588 25590
1 25611 25613
1 25618 25620
1 25626 25628
1 25628 25630
1 25657 25659
1 25666 25668
1 25673 25675
1 25687 25689
1 25763 25766
1 25773 25775
1 25780 25782
1 25803 25805
1 25843 25845
1 25884 25886
1 25895 25897
1 25962 25964
1 25990 25992
1 26015 26017
1 26027 26029
1 26033 26035
1 26078 26081
1 26133 26135
1 26176 26178
1 26189 26191
1 26241 26243
1 26259 26261
1 26294 26296
1 26305 26307
1 26318 26320
1 26360 26362
1 26409 26411
1 26414 26416
1 26420 26422
1 26572 26574
1 26610 26612
1 26612 26614
1 26614 26616
1 26657 26659
1 26660 26662
1 26674 26676
1 26681 26683
1 26783 26785
1 26815 26817
1 26820 26822
1 26842 26844
1 26851 26853
1 26863 26865
1 26879 26882
1 26930 26932
1 26942 26944
1 26947 26950
1 26951 26953
1 26988 26990
1 26996 26998
1 27020 27022
1 27022 27024
1 27049 27051
1 27069 27071
1 27093 27095
1 27117 27119
1 27154 27156
1 27177 27179
1 27190 27192
1 27205 27207
1 27219 27221
1 27227 27229
1 27289 27291
1 27300 27302
1 27443 27445
1 27448 27450
1 27477 27479
1 27520 27522
1 27581 27583
1 27594 27596
1 27603 27605
1 27646 27648
1 27722 27724
1 27727 27729
1 27740 27742
1 27749 27751
1 27757 27759
1 27773 27775
1 27870 27872
1 27884 27886
1 27932 27934
1 27962 27964
1 27979 27981
1 27982 27984
1 27993 27995
1 28000 28002
1 28040 28043
1 28059 28061
1 28162 28164
1 28174 28176
1 28231 28233
1 28270 28272
1 28310 28312
1 28326 28329
1 28344 28346
1 28372 28374
1 28410 28412
1 28437 28439
1 28450 28452
1 28459 28461
1 28489 28491
1 28513 28515
1 28550 28552
1 28562 28564
1 28569 28571
1 28614 28616
1 28630 28632
1 28634 28636
1 28656 28658
1 28660 28662
1 28688 28690
1 28694 28696
1 28702 28704
1 28716 28718
1 28718 28721
1 28721 28723
1 28751 28753
1 28770 28772
1 28774 28776
1 28852 28854
1 28864 28866
1 28945 28947
1 28954 28957
1 28970 28972
1 28997 28999
1 29025 29027
1 29030 29032
1 29078 29080
1 29106 29108
1 29157 29159
1 29176 29178
1 29215 29217
1 29229 29231
1 29245 29247
1 29271 29273
1 29281 29283
1 29315 29317
1 29342 29344
1 29349 29351
1 29362 29364
1 29382 29384
1 29395 29397
1 29397 29399
1 29402 29404
1 29404 29406
1 29409 29411
1 29421 29423
1 29459 29461
1 29473 29475
1 29492 29494
1 29498 29500
1 29504 29506
1 29510 29512
1 29532 29534
1 29571 29573
1 29611 29614
1 29616 29618
1 29618 29620
1 29623 29625
1 29632 29634
1 29652 29654
1 29669 29671
1 29692 29694
1 29762 29764
1 29825 29827
1 29846 29848
1 29877 29879
1 29933 29935
1 29969 29972
1 29989 29991
1 29997 29999
1 29999 30001
1 30015 30017
1 30035 30037
1 30039 30041
1 30100 30102
1 30106 30108
1 30118 30120
1 30138 30140
1 30140 30142
1 30147 30149
1 30173 30175
1 30192 30194
1 30199 30201
1 30248 30250
1 30271 30273
1 30295 30298
1 30327 30329
1 30364 30366
1 30402 30405
1 30418 30420
1 30424 30427
1 30438 30440
1 30467 30469
1 30494 30496
1 30533 30535
1 30612 30614
1 30627 30629
1 30634 30636
1 30687 30689
1 30711 30713
1 30723 30726
1 30782 30784
1 30787 30789
1 30809 30811
1 30820 30822
1 30865 30867
1 30870 30872
1 30929 30931
1 30971 30973
1 31001 31003
1 31029 31031
1 31089 31091
1 31145 31147
1 31155 31157
1 31172 31174
1 31315 31317
1 31320 31322
1 31327 31329
1 31350 31352
1 31355 31357
1 31358 31360
1 31363 31365
1 31372 31374
1 31398 31400
1 31437 31439
1 31441 31443
1 31453 31455
1 31478 31480
1 31488 31490
1 31493 31496
1 31507 31509
1 31550 31552
1 31657 31659
1 31664 31666
1 31681 31683
1 31684 31686
1 31703 31705
1 31729 31731
1 31736 31738
1 31748 31750
1 31751 31753
1 31776 31778
1 31784 31786
1 31815 31818
1 31826 31828
1 31828 31830
1 31872 31874
1 31881 31883
1 31891 31893
1 31951 31954
1 31974 31976
1 32025 32027
1 32036 32038
1 32049 32051
1 32072 32074
1 32089 32091
1 32121 32123
1 32162 32164
1 32164 32166
1 32167 32169
1 32170 32172
1 32176 32178
1 32211 32213
1 32231 32233
1 32234 32236
1 32345 32347
1 32353 32355
1 32397 32399
1 32413 32415
1 32423 32425
1 32460 32462
1 32462 32464
1 32480 32482
1 32488 32490
1 32494 32496
1 32499 32501
1 32526 32528
1 32554 32556
1 32602 32604
1 32618 32620
1 32623 32625
1 32655 32657
1 32672 32675
1 32687 32689
1 32690 32692
1 32701 32703
1 32757 32759
1 32762 32765
1 32769 32771
1 32809 32811
1 32814 32816
1 32826 32828
1 32863 32865
1 32877 32879
1 32892 32894
1 32940 32942
1 32945 32947
1 32948 32950
1 32987 32989
1 33006 33008
1 33020 33022
1 33023 33025
1 33125 33127
1 33140 33142
1 33174 33176
1 33181 33183
1 33208 33210
1 33214 33216
1 33231 33233
1 33236 33238
1 33259 33261
1 33277 33279
1 33324 33326
1 33463 33465
1 33474 33476
1 33493 33495
1 33499 33502
1 33522 33524
1 33552 33554
1 33582 33584
1 33587 33589
1 33641 33643
1 33649 33651
1 33672 33674
1 33681 33683
1 33695 33697
1 33723 33725
1 33769 33771
1 33805 33807
1 33811 33813
1 33834 33836
1 33858 33860
1 33888 33890
1 33902 33904
1 33911 33913
1 33923 33925
1 33927 33929
1 33931 33933
1 33965 33967
1 33981 33983
1 33994 33996
1 34051 34053
1 34082 34084
1 34156 34158
1 34249 34251
1 34282 34284
1 34298 34301
1 34417 34419
1 34451 34453
1 34474 34476
1 34499 34501
1 34514 34516
1 34527 34529
1 34539 34541
1 34567 34569
1 34593 34595
1 34617 34619
1 34630 34632
1 34657 34659
1 34668 34670
1 34670 34672
1 34700 34702
1 34715 34717
1 34737 34739
1 34768 34770
1 34794 34796
1 34808 34810
1 34823 34825
1 34839 34841
1 34886 34888
1 34946 34948
1 34971 34973
1 34980 34982
1 34994 34996
1 34996 34998
1 35048 35050
1 35080 35082
1 35132 35134
1 35150 35152
1 35227 35229
1 35239 35241
1 35260 35262
1 35301 35303
1 35308 35310
1 35327 35329
1 35347 35349
1 35365 35367
1 35410 35412
1 35444 35446
1 35451 35453
1 35453 35455
1 35500 35502
1 35505 35507
1 35515 35517
1 35533 35535
1 35595 35597
1 35633 35635
1 35725 35727
1 35779 35781
1 35797 35799
1 35873 35875
1 35877 35879
1 35945 35947
1 35987 35989
1 36005 36007
1 36035 36037
1 36046 36048
1 36076 36078
1 36079 36081
1 36128 36130
1 36130 36132
1 36174 36176
1 36180 36182
1 36185 36187
1 36213 36215
1 36226 36228
1 36230 36232
1 36245 36247
1 36264 36266
1 36296 36298
1 36318 36320
1 36326 36328
1 36343 36345
1 36359 36361
1 36383 36385
1 36387 36389
1 36416 36418
1 36421 36423
1 36427 36429
1 36434 36436
1 36440 36442
1 36480 36482
1 36485 36487
1 36516 36518
1 36519 36521
1 36553 36555
1 36567 36569
1 36578 36580
1 36580 36582
1 36595 36597
1 36638 36640
1 36661 36663
1 36678 36680
1 36714 36717
1 36721 36723
1 36724 36726
1 36729 36731
1 36738 36740
1 36779 36781
1 36791 36793
1 36816 36818
1 36821 36823
1 36823 36825
1 36826 36829
1 36922 36924
1 36942 36944
1 36955 36957
1 36980 36982
1 37040 37042
1 37058 37060
1 37063 37065
1 37092 37094
1 37146 37148
1 37181 37183
1 37194 37196
1 37204 37206
1 37214 37216
1 37222 37224
1 37234 37236
1 37270 37272
1 37276 37278
1 37283 37285
1 37290 37292
1 37299 37301
1 37310 37312
1 37366 37368
1 37419 37421
1 37439 37441
1 37444 37446
1 37456 37458
1 37465 37467
1 37477 37479
1 37485 37487
1 37561 37563
1 37577 37579
1 37603 37605
1 37635 37637
1 37645 37647
1 37683 37685
1 37760 37762
1 37809 37811
1 37823 37825
1 37872 37874
1 37922 37924
1 37966 37968
1 38000 38002
1 38035 38038
1 38041 38043
1 38050 38052
1 38087 38089
1 38101 38103
1 38105 38107
1 38130 38132
1 38135 38137
1 38145 38147
1 38154 38156
1 38156 38158
1 38180 38182
1 38204 38206
1 38206 38208
1 38261 38264
1 38276 38278
1 38297 38299
1 38305 38307
1 38314 38316
1 38354 38356
1 38361 38363
1 38363 38365
1 38416 38418
1 38424 38426
1 38428 38430
1 38498 38501
1 38525 38527
1 38563 38565
1 38579 38581
1 38584 38586
1 38614 38616
1 38616 38618
1 38623 38625
1 38683 38685
1 38697 38699
1 38743 38745
1 38758 38760
1 38760 38762
1 38770 38772
1 38833 38835
1 38850 38852
1 38887 38889
1 38918 38920
1 38962 38964
1 38986 38988
1 39045 39047
1 39158 39160
1 39161 39163
1 39169 39171
1 39171 39174
1 39182 39184
1 39210 39212
1 39267 39269
1 39288 39290
1 39292 39294
1 39309 39311
1 39349 39351
1 39374 39376
1 39391 39393
1 39448 39450
1 39459 39461
1 39473 39475
1 39486 39488
1 39495 39497
1 39512 39514
1 39525 39527
1 39558 39560
1 39569 39571
1 39579 39581
1 39581 39583
1 39601 39604
1 39605 39608
1 39650 39652
1 39689 39691
1 39691 39693
1 39742 39744
1 39755 39757
1 39781 39783
1 39814 39816
1 39825 39827
1 39827 39829
1 39851 39853
1 39909 39911
1 40025 40027
1 40049 40051
1 40053 40055
1 40070 40072
1 40080 40082
1 40089 40091
1 40092 40094
1 40094 40096
1 40132 40134
1 40152 40154
1 40210 40212
1 40227 40229
1 40240 40242
1 40288 40290
1 40318 40320
1 40333 40335
1 40355 40357
1 40370 40372
1 40464 40466
1 40471 40473
1 40485 40487
1 40496 40498
1 40518 40520
1 40550 40552
1 40575 40577
1 40578 40580
1 40590 40592
1 40604 40606
1 40675 40677
1 40701 40703
1 40708 40710
1 40710 40712
1 40731 40733
1 40752 40754
1 40825 40827
1 40839 40841
1 40891 40893
1 40959 40961
1 40966 40968
1 41000 41002
1 41002 41004
1 41015 41017
1 41023 41025
1 41038 41040
1 41062 41064
1 41073 41075
1 41106 41108
1 41116 41118
1 41125 41128
1 41152 41154
1 41168 41170
1 41189 41191
1 41207 41209
1 41236 41238
1 41253 41255
1 41262 41264
1 41264 41266
1 41297 41299
1 41305 41307
1 41389 41391
1 41392 41394
1 41395 41397
1 41468 41470
1 41496 41498
1 41515 41517
1 41519 41521
1 41593 41595
1 41650 41652
1 41677 41679
1 41736 41738
1 41740 41742
1 41781 41783
1 41793 41795
1 41797 41799
1 41842 41844
1 41853 41855
1 41861 41863
1 41882 41884
1 41952 41954
1 41974 41976
1 42019 42021
1 42034 42036
1 42036 42038
1 42074 42076
1 42081 42083
1 42102 42104
1 42138 42140
1 42191 42194
1 42217 42219
1 42232 42234
1 42248 42251
1 42256 42258
1 42259 42261
1 42317 42319
1 42340 42343
1 42423 42425
1 42448 42450
1 42452 42454
1 42469 42472
1 42482 42484
1 42549 42551
1 42645 42647
1 42648 42650
1 42693 42695
1 42699 42701
1 42730 42732
1 42757 42759
1 42761 42763
1 42791 42793
1 42821 42823
1 42826 42828
1 42857 42859
1 42903 42905
1 42923 42925
1 42936 42938
1 42965 42967
1 42978 42980
1 42996 42998
1 43045 43047
1 43051 43053
1 43060 43062
1 43101 43103
1 43103 43105
1 43125 43127
1 43150 43152
1 43166 43168
1 43188 43190
1 43267 43269
1 43272 43274
1 43295 43297
1 43301 43303
1 43321 43323
1 43327 43329
1 43336 43338
1 43352 43354
1 43354 43356
1 43380 43382
1 43424 43426
1 43435 43437
1 43455 43457
1 43458 43460
1 43474 43476
1 43480 43482
1 43538 43540
1 43542 43544
1 43568 43570
1 43583 43585
1 43590 43592
1 43690 43692
1 43737 43739
1 43742 43744
1 43763 43765
1 43791 43793
1 43806 43808
1 43864 43866
1 43889 43891
1 43891 43893
1 43901 43903
1 43994 43996
1 44037 44039
1 44076 44078
1 44086 44088
1 44101 44103
1 44105 44107
1 44132 44134
1 44191 44194
1 44208 44210
1 44210 44212
1 44213 44215
1 44221 44223
1 44225 44227
1 44227 44229
1 44261 44263
1 44270 44272
1 44343 44345
1 44361 44363
1 44404 44406
1 44450 44452
1 44471 44473
1 44483 44485
1 44525 44527
1 44541 44543
1 44544 44546
1 44565 44567
1 44584 44586
1 44588 44590
1 44618 44620
1 44636 44638
1 44644 44646
1 44694 44696
1 44740 44742
1 44778 44780
1 44833 44835
1 44847 44849
1 44859 44861
1 44934 44936
1 44958 44960
1 44975 44977
1 45020 45022
1 45046 45048
1 45072 45074
1 45116 45118
1 45142 45145
1 45169 45171
1 45171 45173
1 45176 45178
1 45189 45191
1 45247 45249
1 45261 45263
1 45315 45317
1 45347 45349
1 45482 45485
1 45505 45507
1 45519 45521
1 45569 45571
1 45580 45582
1 45613 45615
1 45635 45637
1 45664 45666
1 45679 45681
1 45716 45718
1 45733 45735
1 45750 45752
1 45765 45768
1 45785 45787
1 45792 45794
1 45796 45798
1 45815 45817
1 45860 45862
1 45873 45875
1 45906 45908
1 45945 45947
1 45996 45998
1 46018 46020
1 46020 46022
1 46066 46068
1 46069 46071
1 46158 46160
1 46205 46207
1 46284 46286
1 46307 46309
1 46321 46323
1 46329 46331
1 46358 46360
1 46379 46381
1 46435 46437
1 46459 46461
1 46461 46463
1 46466 46468
1 46477 46479
1 46490 46492
1 46500 46502
1 46513 46515
1 46534 46536
1 46536 46538
1 46538 46540
1 46544 46547
1 46615 46617
1 46630 46632
1 46643 46645
1 46648 46650
1 46673 46675
1 46710 46712
1 46762 46764
1 46796 46798
1 46807 46809
1 46818 46820
1 46829 46831
1 46842 46844
1 46868 46870
1 46884 46886
1 46904 46906
1 46906 46908
1 46960 46962
1 46978 46980
1 46980 46982
1 47019 47021
1 47022 47024
1 47040 47042
1 47075 47077
1 47097 47099
1 47142 47144
1 47159 47161
1 47166 47168
1 47171 47173
1 47220 47222
1 47292 47294
1 47323 47325
1 47326 47328
1 47334 47336
1 47353 47355
1 47394 47396
1 47435 47437
1 47449 47451
1 47474 47476
1 47476 47478
1 47513 47515
1 47523 47526
1 47546 47548
1 47551 47553
1 47553 47556
1 47557 47559
1 47560 47562
1 47625 47627
1 47634 47636
1 47650 47652
1 47684 47686
1 47703 47705
1 47715 47717
1 47756 47758
1 47773 47775
1 47777 47779
1 47812 47814
1 47825 47827
1 47878 47880
1 47896 47898
1 47950 47952
1 47958 47960
1 47981 47983
1 47999 48001
1 48020 48022
1 48046 48048
1 48075 48078
1 48102 48104
1 48121 48123
1 48167 48169
1 48171 48173
1 48188 48190
1 48237 48239
1 48258 48260
1 48283 48285
1 48311 48313
1 48383 48385
1 48454 48456
1 48499 48501
1 48550 48552
1 48569 48571
1 48574 48576
1 48609 48611
1 48613 48615
1 48662 48664
1 48686 48688
1 48701 48703
1 48711 48713
1 48723 48725
1 48735 48737
1 48750 48752
1 48758 48760
1 48779 48781
1 48826 48828
1 48855 48857
1 48887 48889
1 48906 48908
1 48946 48948
1 48968 48970
1 48997 48999
1 49000 49002
1 49002 49004
1 49037 49039
1 49063 49065
1 49075 49077
1 49089 49091
1 49168 49170
1 49191 49193
1 49203 49205
1 49206 49208
1 49226 49228
1 49314 49316
1 49385 49387
1 49448 49450
1 49450 49452
1 49525 49527
1 49600 49602
1 49624 49626
1 49686 49688
1 49702 49704
1 49742 49744
1 49784 49786
1 49813 49815
1 49846 49848
1 49892 49894
1 49897 49899
1 49960 49962
1 49991 49993
1 50062 50064
1 50074 50076
1 50161 50163
1 50205 50207
1 50209 50212
1 50239 50241
1 50266 50268
1 50294 50296
1 50351 50353
1 50390 50392
1 50419 50421
1 50504 50506
1 50521 50523
1 50588 50590
1 50605 50608
1 50617 50619
1 50627 50629
1 50630 50632
1 50662 50664
1 50666 50668
1 50702 50704
1 50746 50748
1 50748 50750
1 50778 50780
1 50791 50793
1 50821 50824
1 50826 50828
1 50835 50837
1 50855 50857
1 50887 50889
1 50926 50929
1 50932 50934
1 50958 50960
1 50968 50970
1 51034 51036
1 51041 51043
1 51051 51053
1 51073 51075
1 51079 51081
1 51101 51103
1 51135 51137
1 51182 51184
1 51188 51190
1 51230 51232
1 51238 51240
1 51242 51244
1 51244 51246
1 51260 51262
1 51275 51277
1 51285 51287
1 51319 51321
1 51350 51352
1 51367 51369
1 51503 51505
1 51506 51508
1 51511 51513
1 51515 51517
1 51517 51519
1 51527 51529
1 51566 51568
1 51622 51624
1 51688 51690
1 51702 51704
1 51751 51753
1 51875 51877
1 51975 51977
1 51993 51995
1 52023 52025
1 52046 52048
1 52070 52072
1 52104 52106
1 52109 52111
1 52111 52113
1 52122 52124
1 52130 52132
1 52191 52193
1 52205 52207
1 52208 52210
1 52213 52215
1 52235 52237
1 52283 52285
1 52297 52299
1 52312 52314
1 52341 52343
1 52371 52373
1 52392 52394
1 52396 52398
1 52424 52426
1 52488 52490
1 52533 52535
1 52589 52591
1 52600 52602
1 52603 52605
1 52613 52615
1 52620 52622
1 52622 52624
1 52635 52637
1 52656 52658
1 52659 52661
1 52699 52701
1 52704 52706
1 52771 52773
1 52779 52781
1 52795 52797
1 52884 52886
1 52914 52916
1 52917 52919
1 52924 52926
1 52929 52931
1 52942 52944
1 52944 52946
1 52955 52957
1 52965 52967
1 52982 52984
1 52989 52991
1 53026 53028
1 53049 53051
1 53085 53087
1 53150 53152
1 53152 53154
1 53172 53174
1 53247 53249
1 53294 53296
1 53329 53331
1 53340 53342
1 53378 53380
1 53384 53386
1 53479 53481
1 53506 53508
1 53596 53598
1 53608 53610
1 53617 53620
1 53625 53627
1 53645 53647
1 53663 53665
1 53720 53722
1 53747 53749
1 53784 53786
1 53820 53822
1 53893 53895
1 53898 53900
1 53905 53907
1 53913 53915
1 53927 53929
1 53937 53939
1 53939 53941
1 53986 53988
1 54017 54019
1 54023 54025
1 54029 54031
1 54033 54035
1 54135 54137
1 54159 54161
1 54194 54196
1 54259 54261
1 54283 54285
1 54303 54305
1 54336 54338
1 54348 54350
1 54369 54371
1 54381 54383
1 54408 54410
1 54501 54503
1 54503 54505
1 54509 54511
1 54536 54538
1 54655 54657
1 54657 54659
1 54738 54740
1 54857 54859
1 54862 54864
1 54874 54876
1 54888 54890
1 54890 54892
1 54939 54941
1 55007 55009
1 55012 55014
1 55027 55029
1 55087 55089
1 55091 55093
1 55095 55097
1 55101 55103
1 55162 55165
1 55192 55194
1 55198 55200
1 55207 55209
1 55219 55221
1 55221 55223
1 55265 55267
1 55294 55296
1 55299 55301
1 55340 55342
1 55448 55450
1 55457 55459
1 55494 55496
1 55509 55511
1 55526 55528
1 55532 55534
1 55570 55572
1 55583 55585
1 55593 55595
1 55598 55600
1 55606 55608
1 55631 55633
1 55662 55664
1 55709 55711
1 55733 55735
1 55739 55741
1 55750 55752
1 55761 55763
1 55771 55773
1 55790 55792
1 55793 55795
1 55866 55868
1 55896 55898
1 55934 55936
1 55942 55944
1 55997 55999
1 56039 56041
1 56066 56068
1 56100 56102
1 56104 56106
1 56144 56146
1 56163 56165
1 56194 56196
1 56231 56233
1 56263 56265
1 56296 56298
1 56369 56371
1 56479 56481
1 56481 56483
1 56525 56527
1 56538 56540
1 56545 56547
1 56578 56580
1 56595 56597
1 56606 56608
1 56611 56614
1 56625 56627
1 56641 56643
1 56648 56650
1 56679 56681
1 56695 56697
1 56715 56717
1 56727 56729
1 56738 56740
1 56758 56760
1 56788 56790
1 56812 56814
1 56817 56819
1 56863 56865
1 56914 56916
1 56958 56960
1 57007 57009
1 57018 57020
1 57109 57111
1 57168 57170
1 57261 57263
1 57275 57277
1 57287 57289
1 57302 57304
1 57316 57318
1 57335 57337
1 57403 57405
1 57405 57407
1 57446 57448
1 57448 57450
1 57511 57513
1 57516 57518
1 57530 57532
1 57627 57629
1 57632 57634
1 57645 57647
1 57680 57682
1 57710 57712
1 57753 57755
1 57756 57758
1 57815 57817
1 57848 57850
1 57879 57881
1 57892 57894
1 57905 57907
1 57923 57925
1 57948 57950
1 57955 57957
1 57976 57978
1 57999 58001
1 58059 58061
1 58093 58095
1 58194 58196
1 58233 58235
1 58256 58258
1 58298 58300
1 58334 58336
1 58379 58381
1 58393 58395
1 58504 58506
1 58586 58588
1 58593 58595
1 58606 58608
1 58640 58642
1 58646 58648
1 58658 58660
1 58660 58662
1 58670 58672
1 58678 58680
1 58737 58739
1 58770 58772
1 58807 58809
1 58823 58825
1 58826 58828
1 58833 58835
1 58877 58879
1 58912 58914
1 58919 58921
1 58934 58936
1 58945 58947
1 58981 58983
1 59009 59011
1 59054 59056
1 59108 59110
1 59145 59147
1 59158 59160
1 59170 59172
1 59176 59178
1 59179 59181
1 59189 59191
1 59306 59308
1 59320 59322
1 59356 59358
1 59395 59397
1 59412 59414
1 59431 59433
1 59438 59440
1 59542 59544
1 59566 59568
1 59571 59574
1 59651 59653
1 59664 59666
1 59669 59672
1 59679 59681
1 59701 59703
1 59710 59712
1 59780 59782
1 59802 59804
1 59809 59811
1 59820 59823
1 59831 59833
1 59863 59865
1 59912 59914
1 59924 59926
1 60000 60002
1 60078 60080
1 60096 60098
1 60099 60101
1 60133 60135
1 60158 60160
1 60163 60165
1 60229 60231
1 60248 60250
1 60298 60300
1 60322 60324
1 60395 60397
1 60410 60412
1 60425 60427
1 60443 60445
1 60468 60470
1 60539 60541
1 60555 60557
1 60603 60605
1 60614 60616
1 60620 60622
1 60710 60712
1 60740 60742
1 60749 60751
1 60755 60757
1 60768 60770
1 60809 60811
1 60815 60817
1 60819 60821
1 60845 60847
1 60888 60890
1 60893 60895
1 60896 60898
1 60916 60918
1 60937 60939
1 60941 60943
1 60959 60961
1 60983 60985
1 61002 61004
1 61017 61019
1 61022 61024
1 61028 61030
1 61031 61033
1 61067 61069
1 61120 61122
1 61157 61159
1 61225 61227
1 61249 61251
1 61270 61272
1 61283 61285
1 61308 61310
1 61339 61341
1 61358 61361
1 61374 61376
1 61378 61380
1 61381 61383
1 61441 61443
1 61444 61446
1 61486 61488
1 61495 61497
1 61499 61501
1 61546 61548
1 61568 61570
1 61609 61611
1 61624 61626
1 61628 61631
1 61664 61666
1 61677 61679
1 61684 61686
1 61710 61712
1 61724 61726
1 61732 61734
1 61752 61754
1 61756 61758
1 61786 61788
1 61796 61798
1 61836 61838
1 61885 61887
1 61904 61906
1 61937 61939
1 61975 61977
1 61977 61979
1 62006 62008
1 62009 62011
1 62016 62018
1 62038 62040
1 62067 62069
1 62139 62141
1 62148 62151
1 62177 62179
1 62185 62187
1 62193 62195
1 62220 62222
1 62246 62248
1 62263 62265
1 62281 62283
1 62298 62300
1 62303 62305
1 62348 62350
1 62360 62362
1 62377 62379
1 62388 62390
1 62396 62398
1 62404 62406
1 62468 62470
1 62479 62481
1 62481 62483
1 62519 62521
1 62529 62531
1 62588 62590
1 62610 62612
1 62651 62653
1 62656 62658
1 62662 62664
1 62676 62678
1 62680 62682
1 62693 62695
1 62865 62867
1 62891 62893
1 62910 62912
1 62926 62928
1 62963 62965
1 62975 62977
1 63025 63027
1 63028 63030
1 63031 63033
1 63041 63043
1 63068 63070
1 63088 63090
1 63139 63141
1 63177 63179
1 63217 63219
1 63272 63274
1 63313 63315
1 63338 63340
1 63362 63364
1 63371 63373
1 63385 63388
1 63395 63397
1 63397 63399
1 63420 63422
1 63450 63452
1 63489 63491
1 63523 63525
1 63527 63530
1 63546 63548
1 63556 63558
1 63561 63563
1 63572 63574
1 63594 63596
1 63677 63679
1 63700 63702
1 63757 63759
1 63759 63761
1 63803 63805
1 63846 63848
1 63894 63896
1 63915 63917
1 63918 63920
1 63924 63926
1 63930 63932
1 63936 63938
1 63949 63951
1 63964 63966
1 63982 63984
1 64014 64016
1 64139 64141
1 64148 64150
1 64151 64153
1 64196 64198
1 64208 64210
1 64312 64314
1 64334 64336
1 64355 64357
1 64373 64375
1 64386 64388
1 64407 64409
1 64425 64427
1 64452 64454
1 64467 64470
1 64500 64502
1 64529 64531
1 64534 64536
1 64558 64560
1 64571 64573
1 64582 64584
1 64585 64587
1 64620 64622
1 64638 64640
1 64640 64642
1 64642 64644
1 64665 64667
1 64684 64686
1 64795 64797
1 64799 64801
1 64807 64809
1 64816 64818
1 64824 64826
1 64832 64834
1 64845 64847
1 64931 64933
1 64977 64979
1 65002 65004
1 65019 65023
1 65023 65025
1 65030 65032
1 65058 65060
1 65143 65145
1 65166 65168
1 65181 65183
1 65197 65199
1 65220 65222
1 65269 65271
1 65271 65273
1 65359 65361
1 65379 65382
1 65407 65409
1 65421 65423
1 65465 65467
1 65562 65564
1 65567 65569
1 65581 65583
1 65613 65615
1 65667 65669
1 65693 65695
1 65762 65764
1 65766 65768
1 65842 65844
1 65863 65865
1 65886 65888
1 65892 65894
1 65995 65997
1 65997 65999
1 66077 66079
1 66159 66161
1 66176 66178
1 66188 66190
1 66193 66195
1 66204 66206
1 66254 66256
1 66267 66270
1 66282 66284
1 66302 66305
1 66328 66330
1 66369 66371
1 66379 66381
1 66399 66401
1 66405 66407
1 66415 66418
1 66427 66429
1 66451 66453
1 66464 66466
1 66475 66477
1 66494 66496
1 66649 66651
1 66655 66657
1 66753 66755
1 66755 66757
1 66757 66759
1 66763 66765
1 66769 66771
1 66774 66776
1 66793 66795
1 66830 66832
1 66880 66882
1 66955 66957
1 66969 66971
1 66971 66973
1 67012 67014
1 67032 67034
1 67143 67145
1 67190 67192
1 67197 67199
1 67224 67226
1 67262 67264
1 67320 67322
1 67351 67353
1 67395 67397
1 67462 67465
1 67469 67471
1 67474 67476
1 67547 67549
1 67585 67587
1 67608 67610
1 67662 67664
1 67734 67736
1 67764 67766
1 67774 67776
1 67831 67833
1 67843 67845
1 67856 67858
1 67897 67899
1 67903 67905
1 67969 67971
1 68005 68007
1 68030 68032
1 68060 68063
1 68121 68123
1 68134 68136
1 68163 68165
1 68185 68187
1 68201 68203
1 68232 68234
1 68281 68283
1 68307 68309
1 68325 68327
1 68346 68348
1 68379 68381
1 68558 68561
1 68564 68566
1 68600 68602
1 68614 68616
1 68651 68653
1 68688 68690
1 68694 68696
1 68781 68783
1 68800 68802
1 68833 68835
1 68848 68850
1 68850 68852
1 68921 68923
1 68953 68955
1 68965 68967
1 68999 69001
1 69080 69082
1 69126 69128
1 69139 69141
1 69151 69153
1 69246 69248
1 69330 69332
1 69344 69346
1 69348 69350
1 69370 69372
1 69378 69380
1 69385 69387
1 69413 69415
1 69452 69454
1 69464 69466
1 69467 69469
1 69492 69494
1 69499 69502
1 69570 69572
1 69577 69579
1 69590 69592
1 69680 69682
1 69698 69700
1 69717 69719
1 69732 69734
1 69796 69798
1 69813 69815
1 69852 69854
1 69867 69869
1 69883 69885
1 69942 69944
1 69994 69996
1 70035 70037
1 70043 70045
1 70058 70060
1 70067 70069
1 70081 70083
1 70181 70183
1 70238 70240
1 70249 70251
1 70297 70299
1 70312 70314
1 70371 70373
1 70406 70408
1 70452 70454
1 70471 70473
1 70527 70529
1 70564 70566
1 70577 70579
1 70605 70607
1 70619 70621
1 70675 70677
1 70692 70694
1 70695 70697
1 70700 70702
1 70708 70710
1 70763 70765
1 70788 70790
1 70803 70805
1 70807 70809
1 70814 70816
1 70860 70862
1 70929 70933
1 70963 70965
1 71005 71007
1 71021 71023
1 71048 71050
1 71056 71058
1 71092 71094
1 71108 71110
1 71128 71130
1 71146 71148
1 71154 71156
1 71168 71170
1 71240 71242
1 71307 71309
1 71312 71314
1 71388 71391
1 71404 71406
1 71414 71416
1 71515 71517
1 71563 71565
1 71570 71572
1 71574 71576
1 71591 71593
1 71640 71642
1 71650 71652
1 71683 71685
1 71720 71722
1 71732 71734
1 71749 71751
1 71784 71786
1 71806 71808
1 71831 71833
1 71871 71873
1 71939 71941
1 71944 71946
1 71948 71950
1 71956 71958
1 71962 71964
1 71974 71976
1 71978 71980
1 71989 71991
1 72021 72024
1 72037 72039
1 72058 72060
1 72099 72101
1 72110 72112
1 72127 72129
1 72152 72154
1 72201 72203
1 72308 72310
1 72347 72349
1 72387 72389
1 72408 72410
1 72419 72421
1 72451 72453
1 72469 72471
1 72508 72510
1 72524 72526
1 72531 72533
1 72542 72544
1 72559 72561
1 72569 72571
1 72637 72639
1 72639 72641
1 72706 72708
1 72708 72710
1 72713 72715
1 72719 72721
1 72722 72724
1 72743 72745
1 72746 72748
1 72761 72763
1 72831 72835
1 72847 72849
1 72861 72863
1 72895 72897
1 72953 72955
1 72994 72996
1 73000 73002
1 73008 73010
1 73018 73020
1 73029 73031
1 73034 73036
1 73086 73088
1 73088 73090
1 73099 73102
1 73127 73129
1 73138 73140
1 73140 73142
1 73152 73154
1 73159 73161
1 73175 73177
1 73194 73196
1 73197 73199
1 73215 73217
1 73222 73224
1 73235 73237
1 73247 73249
1 73252 73254
1 73282 73284
1 73294 73296
1 73334 73336
1 73337 73340
1 73356 73358
1 73417 73419
1 73429 73431
1 73447 73449
1 73454 73456
1 73466 73468
1 73475 73477
1 73496 73498
1 73537 73539
1 73618 73620
1 73645 73647
1 73676 73678
1 73696 73698
1 73773 73775
1 73776 73778
1 73780 73782
1 73804 73806
1 73830 73832
1 73834 73836
1 73893 73895
1 73895 73897
1 73902 73905
1 73939 73941
1 74038 74040
1 74052 74054
1 74054 74056
1 74060 74062
1 74092 74094
1 74114 74116
1 74152 74154
1 74162 74164
1 74181 74183
1 74196 74198
1 74232 74234
1 74262 74264
1 74269 74271
1 74278 74280
1 74312 74314
1 74399 74401
1 74431 74433
1 74440 74442
1 74464 74466
1 74467 74469
1 74484 74486
1 74486 74488
1 74534 74537
1 74539 74541
1 74551 74553
1 74556 74559
1 74635 74637
1 74638 74640
1 74660 74662
1 74675 74677
1 74696 74698
1 74731 74733
1 74740 74742
1 74805 74807
1 74814 74816
1 74821 74823
1 74832 74834
1 74837 74839
1 74843 74845
1 74848 74850
1 74866 74868
1 74992 74994
1 75038 75040
1 75082 75084
1 75144 75146
1 75159 75161
1 75182 75184
1 75219 75221
1 75262 75264
1 75279 75281
1 75284 75286
1 75290 75292
1 75386 75388
1 75396 75398
1 75400 75402
1 75403 75405
1 75420 75422
1 75432 75434
1 75434 75436
1 75437 75439
1 75475 75477
1 75481 75483
1 75515 75517
1 75561 75563
1 75601 75603
1 75630 75632
1 75692 75694
1 75717 75719
1 75723 75725
1 75733 75735
1 75750 75752
1 75773 75775
1 75776 75778
1 75844 75846
1 75851 75853
1 75871 75873
1 75877 75879
1 75960 75962
1 75972 75974
1 75984 75986
1 75999 76001
1 76004 76006
1 76032 76034
1 76098 76100
1 76108 76110
1 76116 76118
1 76201 76203
1 76203 76205
1 76229 76232
1 76251 76253
1 76256 76258
1 76314 76316
1 76361 76363
1 76363 76366
1 76392 76394
1 76441 76443
1 76443 76445
1 76464 76466
1 76480 76482
1 76489 76491
1 76532 76534
1 76583 76585
1 76620 76622
1 76645 76647
1 76671 76673
1 76720 76722
1 76766 76768
1 76784 76786
1 76810 76812
1 76816 76818
1 76845 76847
1 76847 76849
1 76871 76873
1 76873 76875
1 76888 76890
1 77001 77003
1 77047 77049
1 77073 77075
1 77083 77085
1 77099 77102
1 77155 77157
1 77178 77180
1 77188 77190
1 77196 77198
1 77243 77245
1 77261 77263
1 77265 77267
1 77289 77291
1 77292 77294
1 77334 77336
1 77341 77343
1 77448 77450
1 77454 77456
1 77460 77462
1 77524 77526
1 77528 77530
1 77535 77537
1 77537 77539
1 77542 77544
1 77558 77560
1 77602 77604
1 77665 77667
1 77746 77748
1 77788 77791
1 77794 77796
1 77800 77802
1 77839 77841
1 77842 77844
1 77863 77865
1 77878 77880
1 77881 77883
1 77937 77939
1 77963 77965
1 77967 77969
1 77997 77999
1 78001 78003
1 78030 78032
1 78034 78036
1 78064 78067
1 78069 78071
1 78082 78084
1 78092 78094
1 78098 78100
1 78107 78109
1 78134 78136
1 78184 78186
1 78188 78190
1 78213 78215
1 78219 78221
1 78234 78236
1 78245 78247
1 78256 78258
1 78258 78261
1 78289 78291
1 78299 78301
1 78388 78390
1 78443 78445
1 78448 78450
1 78482 78484
1 78488 78490
1 78515 78517
1 78528 78530
1 78558 78560
1 78581 78583
1 78624 78626
1 78657 78659
1 78669 78671
1 78687 78689
1 78708 78710
1 78722 78724
1 78730 78732
1 78753 78755
1 78780 78782
1 78800 78802
1 78812 78814
1 78814 78816
1 78859 78861
1 78894 78896
1 78903 78905
1 78905 78907
1 78926 78928
1 79024 79026
1 79049 79051
1 79071 79073
1 79080 79082
1 79101 79103
1 79104 79106
1 79123 79125
1 79134 79136
1 79152 79154
1 79167 79169
1 79209 79211
1 79217 79219
1 79287 79289
1 79307 79309
1 79340 79342
1 79359 79361
1 79382 79384
1 79406 79408
1 79426 79428
1 79479 79481
1 79523 79525
1 79540 79542
1 79589 79591
1 79598 79600
1 79645 79647
1 79729 79731
1 79738 79740
1 79744 79746
1 79767 79769
1 79802 79804
1 79855 79857
1 79873 79875
1 79889 79891
1 79891 79893
1 79921 79923
1 79957 79959
1 79977 79979
1 79995 79997
1 80001 80003
1 80007 80010
1 80045 80047
1 80071 80073
1 80085 80087
1 80095 80097
1 80115 80117
1 80167 80169
1 80232 80234
1 80238 80240
1 80266 80268
1 80309 80311
1 80340 80342
1 80366 80368
1 80435 80437
1 80494 80496
1 80528 80530
1 80548 80551
1 80640 80642
1 80667 80669
1 80672 80674
1 80705 80707
1 80734 80736
1 80781 80783
1 80789 80791
1 80871 80873
1 80886 80888
1 80906 80908
1 80918 80920
1 80933 80935
1 80950 80952
1 80989 80991
1 81004 81006
1 81038 81040
1 81046 81048
1 81066 81068
1 81100 81102
1 81110 81112
1 81158 81160
1 81175 81177
1 81182 81184
1 81207 81210
1 81274 81276
1 81280 81282
1 81329 81331
1 81345 81347
1 81398 81400
1 81434 81436
1 81446 81448
1 81451 81453
1 81459 81461
1 81493 81495
1 81496 81498
1 81580 81582
1 81590 81592
1 81592 81594
1 81599 81601
1 81616 81619
1 81630 81632
1 81646 81648
1 81683 81685
1 81721 81723
1 81740 81742
1 81755 81757
1 81760 81762
1 81764 81766
1 81799 81801
1 81811 81813
1 81853 81855
1 81896 81898
1 81930 81932
1 81972 81975
1 81980 81983
1 82035 82037
1 82045 82047
1 82048 82050
1 82051 82053
1 82086 82088
1 82136 82138
1 82143 82145
1 82168 82170
1 82171 82173
1 82195 82197
1 82231 82233
1 82240 82242
1 82244 82246
1 82256 82258
1 82278 82280
1 82289 82291
1 82298 82300
1 82347 82349
1 82361 82363
1 82432 82434
1 82484 82486
1 82520 82522
1 82527 82529
1 82538 82540
1 82569 82571
1 82585 82587
1 82596 82598
1 82607 82609
1 82611 82613
1 82636 82638
1 82641 82643
1 82652 82654
1 82672 82674
1 82717 82719
1 82727 82729
1 82734 82736
1 82765 82767
1 82817 82819
1 82862 82864
1 82870 82872
1 82895 82897
1 82916 82918
1 82942 82944
1 82966 82968
1 82981 82983
1 82995 82997
1 83035 83037
1 83074 83076
1 83119 83121
1 83138 83140
1 83140 83142
1 83167 83169
1 83177 83179
1 83202 83204
1 83214 83216
1 83265 83268
1 83277 83279
1 83282 83284
1 83290 83292
1 83300 83302
1 83305 83307
1 83346 83348
1 83360 83362
1 83400 83402
1 83421 83423
1 83423 83425
1 83450 83453
1 83465 83467
1 83491 83493
1 83529 83531
1 83539 83541
1 83563 83565
1 83619 83621
1 83702 83704
1 83710 83712
1 83742 83744
1 83781 83783
1 83818 83820
1 83835 83837
1 83849 83851
1 83857 83859
1 83875 83877
1 83921 83923
1 83937 83940
1 83944 83946
1 83946 83948
1 83972 83974
1 84000 84002
1 84042 84044
1 84050 84052
1 84055 84057
1 84106 84108
1 84115 84117
1 84153 84155
1 84197 84199
1 84221 84223
1 84233 84235
1 84264 84266
1 84276 84278
1 84290 84292
1 84321 84323
1 84337 84339
1 84366 84368
1 84388 84391
1 84418 84420
1 84456 84458
1 84468 84470
1 84515 84517
1 84548 84550
1 84564 84566
1 84572 84574
1 84578 84580
1 84606 84608
1 84654 84656
1 84660 84662
1 84679 84681
1 84715 84717
1 84738 84740
1 84750 84752
1 84775 84777
1 84811 84813
1 84835 84837
1 84933 84935
1 84971 84973
1 85008 85010
1 85018 85020
1 85030 85032
1 85053 85055
1 85069 85071
1 85096 85098
1 85125 85127
1 85133 85135
1 85142 85144
1 85156 85158
1 85160 85162
1 85212 85214
1 85226 85228
1 85305 85307
1 85329 85331
1 85348 85350
1 85410 85412
1 85447 85449
1 85449 85451
1 85492 85494
1 85527 85529
1 85532 85534
1 85553 85555
1 85566 85569
1 85669 85671
1 85675 85677
1 85711 85713
1 85720 85722
1 85731 85734
1 85760 85762
1 85770 85772
1 85780 85782
1 85874 85876
1 85883 85885
1 85888 85890
1 85892 85894
1 85898 85900
1 85922 85924
1 85924 85926
1 86049 86051
1 86065 86067
1 86233 86235
1 86266 86268
1 86283 86285
1 86310 86312
1 86312 86314
1 86316 86318
1 86325 86327
1 86348 86351
1 86376 86378
1 86399 86402
1 86408 86410
1 86442 86444
1 86460 86462
1 86469 86471
1 86490 86492
1 86506 86508
1 86519 86521
1 86548 86550
1 86581 86583
1 86601 86603
1 86614 86616
1 86667 86669
1 86670 86672
1 86679 86681
1 86769 86771
1 86820 86822
1 86837 86839
1 86875 86877
1 86906 86908
1 86950 86952
1 86953 86956
1 86969 86971
1 86978 86980
1 86984 86986
1 87004 87006
1 87011 87013
1 87075 87077
1 87089 87091
1 87149 87151
1 87157 87159
1 87199 87201
1 87235 87237
1 87238 87240
1 87254 87256
1 87289 87291
1 87292 87294
1 87299 87301
1 87303 87306
1 87394 87396
1 87439 87441
1 87444 87446
1 87453 87455
1 87455 87457
1 87512 87515
1 87520 87522
1 87536 87538
1 87548 87550
1 87579 87581
1 87590 87592
1 87608 87610
1 87670 87672
1 87883 87885
1 87902 87904
1 87963 87965
1 87994 87996
1 88013 88015
1 88016 88018
1 88024 88026
1 88034 88036
1 88051 88054
1 88056 88058
1 88068 88070
1 88096 88098
1 88148 88150
1 88152 88154
1 88154 88156
1 88165 88167
1 88375 88377
1 88397 88399
1 88403 88405
1 88425 88427
1 88543 88545
1 88619 88622
1 88636 88638
1 88640 88643
1 88656 88658
1 88658 88660
1 88661 88663
1 88675 88677
1 88690 88693
1 88723 88726
1 88728 88730
1 88741 88743
1 88755 88757
1 88766 88768
1 88769 88771
1 88777 88779
1 88786 88788
1 88790 88792
1 88808 88810
1 88850 88852
1 88887 88889
1 88914 88916
1 88931 88933
1 88989 88991
1 89017 89019
1 89028 89030
1 89036 89038
1 89040 89042
1 89071 89073
1 89081 89083
1 89084 89086
1 89090 89092
1 89115 89117
1 89137 89139
1 89222 89224
1 89226 89228
1 89257 89259
1 89279 89281
1 89328 89330
1 89363 89365
1 89371 89373
1 89384 89386
1 89424 89426
1 89440 89442
1 89486 89489
1 89586 89588
1 89631 89633
1 89684 89686
1 89724 89726
1 89819 89822
1 89834 89836
1 89899 89901
1 89960 89962
1 89975 89977
1 89979 89981
1 89991 89993
1 90004 90006
1 90006 90008
1 90061 90063
1 90075 90077
1 90101 90103
1 90136 90138
1 90138 90140
1 90162 90164
1 90176 90178
1 90205 90207
1 90263 90265
1 90378 90380
1 90431 90433
1 90454 90456
1 90456 90458
1 90503 90505
1 90540 90542
1 90609 90611
1 90611 90613
1 90619 90622
1 90644 90646
1 90704 90706
1 90731 90733
1 90772 90774
1 90774 90776
1 90788 90790
1 90823 90825
1 90833 90835
1 90841 90843
1 90889 90891
1 90891 90893
1 90921 90923
1 90930 90932
1 90948 90950
1 91005 91007
1 91045 91047
1 91056 91058
1 91090 91092
1 91113 91115
1 91124 91126
1 91148 91150
1 91153 91155
1 91160 91162
1 91179 91181
1 91229 91231
1 91312 91314
1 91353 91355
1 91399 91401
1 91417 91419
1 91444 91446
1 91493 91495
1 91500 91502
1 91576 91578
1 91606 91608
1 91645 91647
1 91654 91656
1 91671 91673
1 91687 91689
1 91723 91725
1 91844 91846
1 91879 91881
1 91918 91920
1 91921 91923
1 91933 91935
1 91963 91966
1 91977 91979
1 92017 92019
1 92041 92043
1 92094 92096
1 92114 92116
1 92144 92146
1 92148 92150
1 92188 92190
1 92205 92207
1 92219 92221
1 92222 92224
1 92236 92238
1 92242 92244
1 92252 92254
1 92256 92258
1 92271 92273
1 92330 92332
1 92345 92347
1 92348 92350
1 92359 92361
1 92405 92407
1 92424 92426
1 92445 92447
1 92464 92466
1 92466 92469
1 92474 92476
1 92478 92480
1 92484 92486
1 92489 92491
1 92510 92512
1 92517 92519
1 92560 92562
1 92689 92691
1 92709 92711
1 92733 92735
1 92749 92751
1 92799 92801
1 92808 92810
1 92831 92833
1 92840 92842
1 92843 92845
1 92848 92850
1 92876 92878
1 92883 92885
1 92933 92935
1 92986 92988
1 93010 93012
1 93036 93038
1 93045 93047
1 93087 93089
1 93112 93114
1 93128 93130
1 93133 93135
1 93191 93193
1 93203 93205
1 93220 93222
1 93233 93236
1 93243 93245
1 93248 93250
1 93261 93263
1 93311 93313
1 93329 93332
1 93382 93384
1 93409 93411
1 93516 93518
1 93519 93521
1 93558 93560
1 93604 93607
1 93626 93628
1 93641 93644
1 93672 93674
1 93678 93680
1 93757 93759
1 93763 93765
1 93853 93855
1 93876 93878
1 93896 93898
1 93919 93921
1 93927 93929
1 93944 93946
1 93963 93965
1 93971 93973
1 93997 93999
1 94005 94007
1 94032 94034
1 94059 94061
1 94072 94074
1 94094 94096
1 94102 94104
1 94125 94127
1 94154 94156
1 94173 94175
1 94193 94195
1 94208 94210
1 94213 94215
1 94225 94227
1 94267 94269
1 94284 94287
1 94363 94365
1 94375 94377
1 94378 94380
1 94400 94402
1 94410 94412
1 94429 94431
1 94485 94487
1 94509 94511
1 94559 94561
1 94587 94589
1 94604 94606
1 94621 94623
1 94685 94687
1 94702 94704
1 94738 94740
1 94774 94776
1 94776 94778
1 94789 94791
1 94802 94804
1 94823 94825
1 94836 94838
1 94839 94841
1 94880 94882
1 94886 94888
1 94888 94890
1 95007 95009
1 95009 95011
1 95041 95043
1 95043 95045
1 95046 95048
1 95062 95064
1 95070 95072
1 95115 95117
1 95141 95143
1 95168 95170
1 95182 95184
1 95239 95241
1 95263 95265
1 95265 95267
1 95305 95307
1 95315 95317
1 95378 95380
1 95391 95393
1 95409 95411
1 95422 95424
1 95445 95447
1 95525 95527
1 95536 95538
1 95557 95559
1 95568 95570
1 95600 95602
1 95605 95607
1 95611 95613
1 95620 95622
1 95632 95634
1 95634 95636
1 95669 95671
1 95694 95696
1 95706 95708
1 95715 95717
1 95718 95720
1 95775 95777
1 95824 95826
1 95851 95853
1 95866 95868
1 95887 95889
1 95920 95922
1 95963 95965
1 96024 96026
1 96041 96043
1 96087 96089
1 96182 96184
1 96204 96206
1 96234 96236
1 96255 96257
1 96301 96303
1 96305 96307
1 96319 96321
1 96391 96393
1 96448 96450
1 96465 96467
1 96481 96483
1 96496 96498
1 96521 96523
1 96534 96536
1 96556 96558
1 96627 96629
1 96636 96638
1 96662 96664
1 96679 96681
1 96704 96706
1 96781 96783
1 96813 96815
1 96820 96822
1 96837 96839
1 96839 96841
1 96843 96845
1 96856 96858
1 96884 96886
1 96886 96888
1 96889 96891
1 96926 96928
1 96953 96955
1 96997 96999
1 97011 97013
1 97014 97016
1 97025 97027
1 97066 97068
1 97075 97077
1 97094 97096
1 97097 97099
1 97100 97102
1 97125 97127
1 97142 97144
1 97149 97151
1 97153 97155
1 97155 97157
1 97165 97167
1 97260 97262
1 97300 97302
1 97321 97323
1 97360 97362
1 97409 97411
1 97418 97420
1 97436 97438
1 97506 97508
1 97516 97518
1 97519 97521
1 97523 97525
1 97535 97537
1 97543 97545
1 97548 97550
1 97568 97570
1 97589 97591
1 97599 97601
1 97609 97611
1 97627 97629
1 97669 97671
1 97681 97683
1 97698 97700
1 97759 97761
1 97839 97841
1 97924 97926
1 97952 97954
1 97993 97995
1 98008 98010
1 98015 98017
1 98025 98027
1 98088 98090
1 98103 98105
1 98124 98127
1 98130 98132
1 98183 98185
1 98192 98194
1 98198 98200
1 98217 98219
1 98374 98376
1 98414 98416
1 98445 98447
1 98458 98461
1 98515 98517
1 98517 98519
1 98560 98562
1 98570 98572
1 98583 98585
1 98593 98596
1 98599 98601
1 98604 98606
1 98634 98636
1 98687 98690
1 98699 98701
1 98714 98716
1 98725 98727
1 98734 98736
1 98815 98817
1 98849 98851
1 98870 98872
1 98944 98946
1 98954 98956
1 98985 98987
1 98991 98993
1 99032 99034
1 99045 99047
1 99081 99083
1 99090 99092
1 99100 99102
1 99134 99136
1 99145 99147
1 99151 99153
1 99240 99242
1 99251 99253
1 99276 99278
1 99280 99282
1 99321 99323
1 99328 99330
1 99358 99360
1 99372 99374
1 99398 99400
1 99417 99419
1 99461 99463
1 99486 99488
1 99500 99502
1 99527 99529
1 99584 99586
1 99618 99620
1 99642 99644
1 99644 99646
1 99739 99741
1 99749 99751
1 99765 99767
1 99793 99795
1 99837 99839
1 99879 99881
1 99893 99895
1 99905 99907
1 99941 99943
1 99952 99954
1 100065 100067
1 100072 100074
1 100091 100093
1 100135 100137
1 100138 100140
1 100152 100154
1 100231 100233
1 100245 100247
1 100260 100262
1 100299 100301
1 100303 100305
1 100327 100329
1 100383 100385
1 100406 100408
1 100415 100417
1 100442 100444
1 100470 100472
1 100481 100483
1 100561 100563
1 100580 100582
1 100591 100593
1 100601 100603
1 100623 100625
1 100628 100630
1 100655 100657
1 100670 100672
1 100673 100675
1 100694 100696
1 100706 100708
1 100723 100725
1 100733 100736
1 100766 100768
1 100774 100776
1 100793 100795
1 100838 100840
1 100842 100844
1 100860 100862
1 100992 100994
1 101009 101011
1 101063 101065
1 101074 101076
1 101076 101078
1 101089 101091
1 101118 101120
1 101124 101126
1 101136 101138
1 101188 101190
1 101216 101218
1 101236 101238
1 101246 101248
1 101253 101255
1 101268 101270
1 101326 101328
1 101353 101355
1 101357 101359
1 101369 101371
1 101385 101387
1 101443 101445
1 101445 101447
1 101457 101459
1 101469 101471
1 101526 101528
1 101537 101539
1 101562 101564
1 101615 101617
1 101621 101623
1 101642 101644
1 101644 101646
1 101652 101654
1 101671 101673
1 101674 101676
1 101692 101694
1 101701 101703
1 101706 101708
1 101728 101730
1 101798 101800
1 101805 101807
1 101837 101839
1 101848 101850
1 101854 101856
1 101858 101860
1 101888 101890
1 101891 101893
1 101899 101901
1 101941 101943
1 101947 101949
1 101955 101957
1 101971 101973
1 101976 101978
1 102059 102061
1 102068 102070
1 102075 102077
1 102097 102099
1 102106 102108
1 102151 102153
1 102206 102208
1 102221 102223
1 102238 102240
1 102240 102242
1 102286 102288
1 102310 102312
1 102338 102340
1 102375 102377
1 102389 102391
1 102413 102415
1 102468 102470
1 102472 102474
1 102509 102511
1 102534 102536
1 102542 102544
1 102591 102593
1 102594 102596
1 102599 102601
1 102604 102606
1 102633 102635
1 102670 102672
1 102698 102700
1 102740 102742
1 102799 102801
1 102809 102811
1 102849 102851
1 102889 102891
1 102895 102897
1 102905 102907
1 102908 102910
1 102923 102925
1 102925 102927
1 102932 102934
1 102985 102987
1 103010 103012
1 103012 103014
1 103043 103045
1 103045 103047
1 103067 103069
1 103160 103162
1 103233 103235
1 103260 103262
1 103302 103304
1 103325 103327
1 103342 103344
1 103345 103347
1 103349 103352
1 103353 103355
1 103420 103423
1 103482 103484
1 103487 103489
1 103514 103516
1 103549 103551
1 103555 103558
1 103570 103572
1 103597 103599
1 103686 103688
1 103706 103708
1 103722 103725
1 103730 103732
1 103732 103734
1 103739 103741
1 103804 103806
1 103832 103834
1 103836 103838
1 103851 103853
1 103965 103967
1 103990 103992
1 104016 104018
1 104066 104068
1 104117 104119
1 104176 104178
1 104192 104194
1 104219 104221
1 104275 104277
1 104302 104304
1 104401 104403
1 104420 104422
1 104454 104456
1 104468 104470
1 104489 104491
1 104509 104511
1 104514 104516
1 104538 104540
1 104565 104567
1 104605 104607
1 104647 104649
1 104675 104677
1 104699 104701
1 104734 104736
1 104739 104741
1 104786 104788
1 104802 104804
1 104826 104828
1 104835 104837
1 104941 104943
1 104981 104983
1 104984 104986
1 105000 105002
1 105041 105043
1 105052 105054
1 105072 105074
1 105083 105085
1 105104 105106
1 105170 105172
1 105177 105179
1 105260 105262
1 105278 105280
1 105358 105360
1 105411 105413
1 105468 105470
1 105491 105493
1 105501 105503
1 105566 105568
1 105580 105582
1 105605 105607
1 105625 105627
1 105632 105634
1 105643 105645
1 105648 105650
1 105696 105698
1 105710 105712
1 105724 105726
1 105809 105811
1 105819 105822
1 105879 105881
1 105958 105960
1 105967 105969
1 105991 105993
1 106004 106006
1 106020 106022
1 106053 106055
1 106109 106111
1 106114 106116
1 106135 106137
1 106186 106188
1 106191 106193
1 106194 106197
1 106206 106208
1 106220 106222
1 106345 106347
1 106348 106350
1 106371 106373
1 106374 106377
1 106382 106384
1 106411 106413
1 106474 106476
1 106492 106495
1 106513 106515
1 106522 106524
1 106558 106560
1 106565 106567
1 106576 106578
1 106672 106674
1 106700 106702
1 106754 106756
1 106788 106790
1 106832 106834
1 106869 106871
1 106872 106874
1 106880 106882
1 106927 106929
1 106966 106968
1 106995 106997
1 107007 107009
1 107023 107025
1 107049 107051
1 107099 107101
1 107120 107122
1 107172 107174
1 107184 107186
1 107204 107206
1 107219 107221
1 107239 107241
1 107268 107270
1 107346 107348
1 107361 107363
1 107387 107389
1 107419 107421
1 107457 107459
1 107488 107490
1 107503 107505
1 107525 107527
1 107530 107532
1 107555 107557
1 107561 107563
1 107593 107595
1 107597 107599
1 107609 107611
1 107652 107654
1 107692 107694
1 107766 107768
1 107800 107802
1 107831 107833
1 107833 107836
1 107838 107840
1 107905 107907
1 107939 107941
1 107953 107955
1 107958 107960
1 107961 107963
1 107993 107995
1 108094 108096
1 108117 108120
1 108162 108164
1 108166 108168
1 108214 108216
1 108216 108218
1 108283 108285
1 108287 108289
1 108293 108295
1 108328 108330
1 108332 108334
1 108417 108419
1 108420 108422
1 108471 108473
1 108503 108505
1 108508 108510
1 108532 108534
1 108584 108586
1 108630 108632
1 108637 108639
1 108656 108658
1 108665 108667
1 108791 108793
1 108814 108816
1 108864 108866
1 108872 108874
1 108908 108910
1 108919 108921
1 108987 108989
1 109080 109082
1 109137 109139
1 109178 109180
1 109203 109205
1 109218 109220
1 109235 109237
1 109269 109271
1 109275 109277
1 109301 109303
1 109312 109314
1 109402 109404
1 109406 109408
1 109447 109449
1 109453 109455
1 109458 109460
1 109492 109494
1 109524 109526
1 109616 109619
1 109623 109626
1 109627 109629
1 109630 109632
1 109698 109700
1 109724 109726
1 109812 109814
1 109827 109829
1 109833 109835
1 109852 109854
1 109878 109880
1 109896 109898
1 109928 109930
1 109986 109988
1 110008 110010
1 110042 110044
1 110068 110070
1 110077 110079
1 110089 110091
1 110102 110104
1 110105 110107
1 110152 110154
1 110196 110198
1 110208 110210
1 110213 110215
1 110217 110219
1 110249 110251
1 110306 110308
1 110333 110335
1 110351 110353
1 110381 110383
1 110384 110386
1 110431 110433
1 110447 110449
1 110465 110467
1 110524 110526
1 110543 110545
1 110554 110556
1 110573 110575
1 110577 110579
1 110588 110590
1 110608 110611
1 110666 110668
1 110669 110671
1 110689 110691
1 110742 110744
1 110784 110786
1 110799 110801
1 110809 110811
1 110878 110880
1 110898 110900
1 110923 110925
1 110928 110930
1 110938 110940
1 111090 111092
1 111094 111096
1 111149 111151
1 111169 111171
1 111254 111256
1 111346 111349
1 111350 111352
1 111364 111366
1 111372 111374
1 111403 111405
1 111413 111415
1 111497 111499
1 111544 111546
1 111559 111561
1 111677 111679
1 111682 111684
1 111737 111739
1 111743 111745
1 111800 111802
1 111823 111825
1 111898 111901
1 111907 111909
1 111919 111921
1 111925 111927
1 111953 111955
1 111955 111957
1 111997 111999
1 111999 112001
1 112049 112051
1 112083 112085
1 112095 112097
1 112212 112214
1 112350 112352
1 112353 112355
1 112391 112393
1 112408 112410
1 112416 112418
1 112426 112428
1 112431 112433
1 112446 112448
1 112449 112451
1 112456 112458
1 112494 112496
1 112520 112522
1 112548 112551
1 112559 112561
1 112573 112577
1 112610 112612
1 112654 112656
1 112661 112663
1 112673 112675
1 112746 112748
1 112751 112753
1 112753 112755
1 112772 112774
1 112788 112790
1 112791 112793
1 112796 112798
1 112801 112803
1 112829 112831
1 112875 112877
1 112935 112937
1 112942 112944
1 113045 113047
1 113065 113067
1 113076 113078
1 113142 113144
1 113155 113157
1 113263 113265
1 113283 113285
1 113289 113291
1 113300 113302
1 113325 113327
1 113333 113335
1 113353 113355
1 113377 113379
1 113383 113385
1 113399 113401
1 113440 113442
1 113444 113446
1 113447 113449
1 113480 113482
1 113519 113521
1 113524 113526
1 113533 113535
1 113551 113553
1 113559 113561
1 113592 113594
1 113668 113670
1 113680 113682
1 113688 113690
1 113733 113735
1 113759 113761
1 113777 113779
1 113875 113877
1 113886 113888
1 113964 113966
1 114001 114003
1 114005 114007
1 114042 114044
1 114061 114063
1 114069 114071
1 114073 114075
1 114127 114129
1 114165 114167
1 114168 114170
1 114190 114192
1 114222 114224
1 114246 114248
1 114273 114275
1 114347 114349
1 114456 114458
1 114458 114460
1 114537 114539
1 114555 114557
1 114570 114572
1 114585 114587
1 114634 114636
1 114662 114664
1 114700 114702
1 114765 114767
1 114805 114807
1 114867 114869
1 114903 114905
1 114951 114953
1 114968 114970
1 115007 115010
1 115012 115014
1 115085 115087
1 115100 115102
1 115107 115109
1 115147 115149
1 115175 115178
1 115290 115292
1 115341 115343
1 115375 115377
1 115399 115401
1 115415 115417
1 115437 115439
1 115458 115460
1 115493 115495
1 115551 115553
1 115594 115596
1 115618 115620
1 115669 115671
1 115692 115694
1 115722 115724
1 115740 115742
1 115775 115777
1 115793 115795
1 115871 115873
1 115902 115904
1 115921 115923
1 115925 115927
1 115960 115962
1 115967 115969
1 116029 116031
1 116032 116034
1 116056 116058
1 116079 116081
1 116081 116083
1 116088 116090
1 116097 116099
1 116104 116106
1 116107 116109
1 116197 116199
1 116203 116205
1 116226 116228
1 116240 116242
1 116252 116254
1 116269 116271
1 116320 116322
1 116341 116343
1 116349 116351
1 116352 116354
1 116381 116383
1 116393 116395
1 116456 116458
1 116469 116471
1 116564 116566
1 116569 116571
1 116575 116577
1 116595 116597
1 116625 116627
1 116628 116630
1 116637 116639
1 116665 116667
1 116672 116675
1 116687 116689
1 116715 116717
1 116728 116732
1 116755 116757
1 116780 116782
1 116810 116812
1 116870 116872
1 116905 116907
1 116930 116932
1 116937 116939
1 116939 116941
1 117002 117004
1 117029 117031
1 117073 117075
1 117090 117092
1 117096 117098
1 117118 117120
1 117135 117137
1 117139 117141
1 117144 117146
1 117147 117149
1 117160 117162
1 117214 117216
1 117226 117228
1 117237 117239
1 117256 117260
1 117272 117274
1 117276 117278
1 117303 117305
1 117376 117378
1 117414 117416
1 117418 117420
1 117447 117449
1 117452 117454
1 117482 117484
1 117513 117515
1 117517 117519
1 117547 117549
1 117567 117569
1 117588 117590
1 117674 117676
1 117688 117690
1 117694 117696
1 117713 117715
1 117735 117737
1 117738 117740
1 117741 117743
1 117775 117777
1 117783 117785
1 117803 117805
1 117834 117836
1 117852 117854
1 117878 117880
1 117886 117888
1 118031 118033
1 118044 118046
1 118056 118058
1 118058 118060
1 118080 118082
1 118124 118126
1 118154 118156
1 118163 118165
1 118178 118180
1 118197 118199
1 118211 118213
1 118250 118252
1 118351 118353
1 118366 118368
1 118370 118372
1 118430 118432
1 118486 118488
1 118498 118500
1 118568 118570
1 118571 118573
1 118580 118582
1 118587 118589
1 118619 118621
1 118633 118635
1 118671 118673
1 118703 118705
1 118763 118765
1 118770 118772
1 118776 118778
1 118786 118788
1 118815 118817
1 118822 118824
1 118862 118864
1 118889 118891
1 118893 118895
1 118942 118944
1 118988 118990
1 118999 119001
1 119010 119012
1 119039 119041
1 119041 119043
1 119055 119057
1 119095 119097
1 119121 119123
1 119148 119150
1 119174 119176
1 119182 119184
1 119232 119234
1 119245 119247
1 119257 119259
1 119287 119289
1 119358 119360
1 119456 119458
1 119502 119504
1 119529 119531
1 119537 119539
1 119548 119550
1 119586 119588
1 119646 119648
1 119687 119689
1 119692 119694
1 119721 119723
1 119728 119730
1 119738 119740
1 119771 119773
1 119787 119789
1 119799 119801
1 119870 119872
1 119877 119879
1 119908 119910
1 119956 119958
1 119959 119961
1 119978 119980
1 119996 119998
1 120030 120032
1 120080 120082
1 120109 120111
1 120111 120113
1 120155 120157
1 120182 120184
1 120200 120202
1 120205 120207
1 120207 120211
1 120243 120245
1 120249 120251
1 120259 120261
1 120267 120269
1 120297 120299
1 120304 120306
1 120312 120314
1 120324 120326
1 120340 120342
1 120412 120414
1 120426 120428
1 120438 120440
1 120465 120467
1 120497 120499
1 120521 120523
1 120537 120539
1 120655 120657
1 120662 120664
1 120710 120712
1 120719 120721
1 120796 120798
1 120818 120820
1 120832 120834
1 120850 120852
1 120883 120885
1 120978 120980
1 120980 120982
1 121016 121018
1 121067 121071
1 121081 121083
1 121104 121106
1 121108 121110
1 121125 121127
1 121175 121177
1 121193 121195
1 121245 121247
1 121248 121250
1 121261 121263
1 121281 121283
1 121378 121380
1 121429 121431
1 121446 121448
1 121457 121459
1 121468 121470
1 121492 121494
1 121520 121522
1 121551 121553
1 121560 121562
1 121576 121578
1 121597 121599
1 121605 121607
1 121609 121611
1 121629 121631
1 121640 121642
1 121707 121709
1 121738 121740
1 121752 121754
1 121761 121763
1 121842 121844
1 121847 121849
1 121863 121865
1 121881 121883
1 121908 121910
1 122019 122021
1 122027 122029
1 122112 122114
1 122115 122117
1 122164 122166
1 122186 122188
1 122240 122242
1 122260 122262
1 122267 122269
1 122318 122320
1 122383 122385
1 122478 122480
1 122501 122503
1 122553 122555
1 122559 122561
1 122596 122598
1 122603 122605
1 122605 122607
1 122626 122628
1 122635 122637
1 122647 122649
1 122709 122711
1 122747 122749
1 122787 122789
1 122874 122876
1 122886 122888
1 122930 122932
1 122943 122945
1 122956 122958
1 123029 123032
1 123034 123036
1 123100 123102
1 123122 123124
1 123124 123126
1 123132 123134
1 123156 123158
1 123169 123171
1 123174 123176
1 123186 123188
1 123203 123205
1 123211 123213
1 123243 123245
1 123257 123259
1 123265 123267
1 123268 123270
1 123293 123295
1 123299 123301
1 123376 123378
1 123408 123410
1 123421 123423
1 123430 123432
1 123442 123444
1 123461 123463
1 123480 123482
1 123557 123559
1 123569 123571
1 123595 123597
1 123605 123607
1 123650 123652
1 123667 123669
1 123688 123690
1 123690 123692
1 123692 123694
1 123717 123719
1 123761 123763
1 123815 123817
1 123855 123857
1 123881 123883
1 123888 123890
1 123893 123895
1 123919 123921
1 123965 123967
1 124027 124029
1 124062 124064
1 124064 124066
1 124068 124070
1 124099 124101
1 124107 124109
1 124168 124170
1 124251 124253
1 124258 124261
1 124277 124279
1 124299 124301
1 124344 124346
1 124405 124407
1 124407 124409
1 124489 124491
1 124514 124516
1 124544 124546
1 124573 124575
1 124580 124583
1 124586 124588
1 124602 124604
1 124634 124636
1 124677 124679
1 124682 124684
1 124702 124704
1 124727 124729
1 124754 124756
1 124756 124758
1 124773 124775
1 124801 124804
1 124815 124817
1 124843 124845
1 124847 124849
1 124849 124851
1 124860 124862
1 124865 124867
1 124867 124869
1 124883 124885
1 124901 124903
1 124903 124905
1 124914 124916
1 124924 124926
1 124943 124945
1 124947 124949
1 124967 124969
1 125066 125068
1 125078 125080
1 125129 125131
1 125133 125135
1 125152 125154
1 125187 125189
1 125203 125205
1 125254 125256
1 125266 125268
1 125298 125300
1 125302 125304
1 125397 125399
1 125408 125410
1 125445 125447
1 125534 125536
1 125552 125554
1 125574 125576
1 125580 125582
1 125600 125602
1 125626 125628
1 125650 125652
1 125704 125706
1 125746 125748
1 125754 125756
1 125764 125766
1 125825 125827
1 125832 125834
1 125882 125884
1 125889 125891
1 125943 125945
1 125952 125954
1 126006 126008
1 126013 126015
1 126021 126023
1 126029 126031
1 126055 126057
1 126066 126068
1 126077 126079
1 126089 126091
1 126139 126141
1 126155 126157
1 126169 126171
1 126173 126175
1 126196 126199
1 126214 126216
1 126255 126257
1 126267 126269
1 126290 126292
1 126310 126312
1 126375 126377
1 126427 126429
1 126467 126469
1 126499 126501
1 126573 126575
1 126585 126587
1 126643 126645
1 126652 126654
1 126670 126672
1 126734 126736
1 126737 126739
1 126768 126771
1 126787 126789
1 126810 126812
1 126819 126821
1 126864 126866
1 126909 126911
1 126932 126935
1 126949 126951
1 126960 126962
1 126977 126979
1 127013 127015
1 127024 127026
1 127035 127037
1 127038 127040
1 127082 127084
1 127096 127098
1 127114 127116
1 127117 127119
1 127139 127141
1 127204 127206
1 127219 127221
1 127232 127234
1 127242 127244
1 127267 127269
1 127275 127277
1 127290 127292
1 127305 127307
1 127330 127332
1 127339 127341
1 127399 127401
1 127417 127419
1 127444 127446
1 127485 127487
1 127525 127527
1 127534 127536
1 127570 127572
1 127640 127642
1 127657 127659
1 127720 127722
1 127730 127732
1 127741 127743
1 127780 127782
1 127805 127807
1 127825 127827
1 127828 127830
1 127836 127838
1 127846 127848
1 127849 127851
1 127855 127857
1 127862 127864
1 127867 127869
1 127910 127912
1 127944 127946
1 127959 127961
1 127974 127977
1 128039 128041
1 128053 128055
1 128065 128067
1 128184 128186
1 128207 128209
1 128285 128287
1 128298 128300
1 128336 128338
1 128346 128348
1 128376 128378
1 128389 128391
1 128398 128400
1 128413 128415
1 128472 128474
1 128507 128509
1 128519 128521
1 128545 128547
1 128567 128569
1 128575 128578
1 128597 128599
1 128630 128632
1 128671 128673
1 128673 128675
1 128697 128700
1 128730 128732
1 128735 128737
1 128836 128838
1 128874 128876
1 128917 128919
1 128943 128945
1 128951 128953
1 128958 128961
1 128991 128993
1 129015 129017
1 129054 129056
1 129063 129065
1 129076 129078
1 129099 129101
1 129104 129106
1 129138 129140
1 129165 129167
1 129198 129200
1 129220 129222
1 129253 129255
1 129284 129286
1 129339 129341
1 129384 129386
1 129398 129400
1 129402 129404
1 129405 129407
1 129418 129420
1 129456 129458
1 129463 129465
1 129473 129475
1 129477 129479
1 129497 129499
1 129554 129557
1 129571 129573
1 129578 129581
1 129618 129620
1 129699 129701
1 129750 129752
1 129791 129793
1 129795 129797
1 129808 129810
1 129817 129819
1 129827 129829
1 129858 129860
1 129899 129901
1 129937 129939
1 129941 129943
1 129944 129946
1 129989 129991
1 130041 130043
1 130044 130046
1 130048 130050
1 130052 130054
1 130055 130057
1 130073 130075
1 130081 130083
1 130134 130136
1 130214 130216
1 130219 130221
1 130234 130236
1 130243 130245
1 130262 130264
1 130299 130301
1 130330 130332
1 130345 130347
1 130423 130426
1 130435 130437
1 130446 130448
1 130465 130467
1 130494 130496
1 130501 130503
1 130534 130536
1 130536 130538
1 130564 130566
1 130578 130580
1 130626 130628
1 130696 130698
1 130749 130751
1 130766 130768
1 130810 130812
1 130816 130818
1 130860 130862
1 130871 130873
1 130875 130877
1 130924 130926
1 130934 130936
1 130936 130938
1 130988 130990
1 130999 131001
1 131006 131008
1 131045 131047
1 131087 131089
1 131100 131102
1 131102 131104
1 131128 131130
1 131160 131162
1 131247 131249
1 131288 131290
1 131298 131300
1 131378 131380
1 131398 131400
1 131420 131422
1 131440 131442
1 131525 131527
1 131528 131530
1 131564 131566
1 131576 131578
1 131594 131596
1 131610 131612
1 131613 131615
1 131644 131646
1 131667 131669
1 131669 131671
1 131675 131677
1 131688 131690
1 131696 131698
1 131757 131759
1 131812 131814
1 131874 131876
1 131879 131881
1 131882 131884
1 131895 131897
1 131929 131931
1 131964 131966
1 132013 132015
1 132057 132059
1 132086 132088
1 132117 132119
1 132134 132136
1 132161 132163
1 132169 132171
1 132229 132231
1 132245 132247
1 132259 132261
1 132348 132350
1 132352 132354
1 132376 132378
1 132398 132400
1 132407 132409
1 132418 132420
1 132420 132422
1 132426 132428
1 132497 132499
1 132556 132558
1 132568 132570
1 132591 132593
1 132601 132603
1 132631 132633
1 132652 132655
1 132655 132658
1 132716 132718
1 132739 132741
1 132769 132771
1 132783 132785
1 132786 132788
1 132788 132790
1 132856 132859
1 132871 132873
1 132875 132877
1 132920 132922
1 132932 132934
1 132993 132995
1 133034 133036
1 133043 133045
1 133141 133143
1 133144 133146
1 133164 133166
1 133188 133190
1 133211 133213
1 133282 133285
1 133332 133334
1 133350 133352
1 133356 133358
1 133362 133364
1 133382 133384
1 133399 133401
1 133488 133490
1 133586 133588
1 133603 133605
1 133611 133613
1 133641 133643
1 133654 133656
1 133697 133699
1 133742 133745
1 133797 133799
1 133801 133803
1 133839 133841
1 133875 133877
1 133882 133885
1 133948 133950
1 133954 133956
1 133961 133963
1 133980 133982
1 133982 133984
1 134011 134013
1 134058 134060
1 134084 134086
1 134086 134088
1 134193 134195
1 134205 134207
1 134214 134216
1 134238 134240
1 134242 134244
1 134260 134262
1 134273 134275
1 134281 134283
1 134363 134365
1 134379 134381
1 134401 134403
1 134412 134414
1 134416 134418
1 134446 134448
1 134505 134507
1 134515 134517
1 134523 134525
1 134537 134539
1 134609 134611
1 134611 134613
1 134654 134656
1 134659 134661
1 134665 134667
1 134672 134674
1 134682 134684
1 134817 134819
1 134837 134839
1 134847 134849
1 134850 134852
1 134866 134868
1 134895 134899
1 134904 134906
1 134929 134931
1 134956 134958
1 134958 134960
1 134974 134976
1 134986 134988
1 134995 134997
1 135029 135031
1 135040 135042
1 135096 135098
1 135127 135129
1 135133 135135
1 135183 135185
1 135212 135214
1 135270 135272
1 135281 135283
1 135310 135312
1 135343 135345
1 135371 135373
1 135451 135454
1 135458 135460
1 135460 135462
1 135464 135466
1 135494 135496
1 135573 135575
1 135606 135608
1 135663 135665
1 135690 135692
1 135699 135701
1 135702 135704
1 135732 135734
1 135736 135738
1 135739 135741
1 135749 135751
1 135759 135761
1 135830 135832
1 135861 135863
1 135895 135897
1 135908 135910
1 135921 135923
1 135929 135931
1 135948 135950
1 136006 136008
1 136050 136052
1 136064 136066
1 136080 136082
1 136119 136121
1 136151 136153
1 136193 136195
1 136209 136211
1 136340 136342
1 136428 136430
1 136495 136497
1 136559 136561
1 136566 136568
1 136589 136591
1 136599 136601
1 136632 136634
1 136671 136673
1 136674 136676
1 136678 136680
1 136704 136706
1 136707 136709
1 136805 136807
1 136865 136867
1 136912 136914
1 136923 136925
1 136988 136990
1 137021 137023
1 137055 137057
1 137084 137086
1 137108 137110
1 137116 137118
1 137120 137122
1 137153 137155
1 137236 137238
1 137273 137275
1 137294 137296
1 137357 137359
1 137360 137362
1 137362 137364
1 137397 137399
1 137415 137417
1 137428 137430
1 137494 137496
1 137507 137509
1 137529 137531
1 137565 137567
1 137589 137591
1 137594 137596
1 137618 137620
1 137626 137628
1 137691 137693
1 137694 137696
1 137716 137718
1 137745 137747
1 137769 137771
1 137831 137833
1 137833 137835
1 137864 137866
1 137869 137871
1 137874 137876
1 137894 137896
1 137915 137917
1 137968 137970
1 137985 137987
1 137987 137989
1 138003 138005
1 138021 138023
1 138044 138047
1 138141 138144
1 138189 138191
1 138196 138198
1 138241 138243
1 138258 138260
1 138293 138295
1 138338 138340
1 138357 138359
1 138365 138367
1 138411 138413
1 138428 138430
1 138452 138454
1 138503 138505
1 138509 138511
1 138539 138541
1 138546 138549
1 138549 138551
1 138568 138570
1 138570 138572
1 138616 138618
1 138626 138628
1 138641 138643
1 138697 138699
1 138716 138718
1 138783 138785
1 138798 138800
1 138854 138856
1 138883 138885
1 138896 138898
1 138957 138959
1 138988 138990
1 139027 139029
1 139047 139049
1 139090 139092
1 139105 139107
1 139117 139119
1 139124 139126
1 139155 139157
1 139161 139163
1 139178 139180
1 139181 139183
1 139207 139209
1 139251 139253
1 139373 139375
1 139414 139416
1 139437 139439
1 139449 139452
1 139493 139495
1 139515 139517
1 139526 139528
1 139572 139574
1 139579 139581
1 139599 139601
1 139628 139630
1 139648 139650
1 139658 139660
1 139696 139698
1 139703 139705
1 139709 139711
1 139712 139714
1 139747 139749
1 139856 139858
1 139874 139876
1 139899 139901
1 139926 139928
1 139938 139940
1 139999 140002
1 140008 140010
1 140021 140023
1 140032 140035
1 140035 140037
1 140073 140075
1 140118 140120
1 140157 140159
1 140161 140163
1 140176 140178
1 140359 140361
1 140363 140365
1 140373 140376
1 140405 140407
1 140448 140450
1 140453 140455
1 140488 140490
1 140494 140496
1 140502 140504
1 140566 140568
1 140569 140571
1 140578 140580
1 140725 140727
1 140736 140738
1 140741 140743
1 140769 140771
1 140798 140800
1 140835 140837
1 140847 140849
1 140870 140872
1 140906 140908
1 140953 140955
1 140972 140974
1 141116 141118
1 141141 141143
1 141144 141146
1 141151 141153
1 141164 141166
1 141182 141184
1 141198 141200
1 141208 141210
1 141297 141299
1 141315 141317
1 141334 141336
1 141350 141352
1 141371 141373
1 141390 141392
1 141405 141407
1 141424 141426
1 141429 141431
1 141437 141439
1 141493 141495
1 141497 141499
1 141520 141522
1 141532 141534
1 141551 141553
1 141630 141632
1 141670 141672
1 141695 141697
1 141714 141716
1 141717 141719
1 141741 141743
1 141745 141747
1 141810 141812
1 141814 141816
1 141840 141842
1 141847 141849
1 141882 141885
1 141945 141947
1 141961 141963
1 141963 141965
1 141975 141977
1 141982 141984
1 142018 142020
1 142031 142033
1 142033 142035
1 142091 142093
1 142111 142113
1 142123 142125
1 142133 142135
1 142170 142172
1 142211 142213
1 142231 142233
1 142290 142292
1 142313 142315
1 142377 142379
1 142391 142393
1 142410 142412
1 142454 142456
1 142500 142502
1 142543 142545
1 142550 142552
1 142592 142594
1 142604 142606
1 142638 142640
1 142646 142648
1 142682 142684
1 142694 142696
1 142716 142718
1 142755 142757
1 142809 142811
1 142814 142816
1 142843 142845
1 142853 142855
1 142859 142861
1 142905 142907
1 142977 142979
1 142997 142999
1 143001 143003
1 143004 143006
1 143118 143120
1 143134 143136
1 143144 143146
1 143154 143156
1 143255 143257
1 143269 143271
1 143370 143372
1 143423 143425
1 143439 143442
1 143464 143466
1 143479 143481
1 143493 143495
1 143525 143527
1 143550 143552
1 143553 143555
1 143595 143597
1 143606 143608
1 143619 143621
1 143623 143625
1 143634 143636
1 143641 143643
1 143666 143668
1 143690 143692
1 143718 143720
1 143740 143742
1 143816 143818
1 143829 143831
1 143920 143922
1 143931 143933
1 143964 143966
1 143978 143980
1 143983 143985
1 143990 143992
1 144027 144029
1 144109 144111
1 144148 144150
1 144153 144155
1 144196 144198
1 144256 144258
1 144276 144278
1 144288 144290
1 144317 144319
1 144333 144335
1 144443 144445
1 144488 144490
1 144505 144507
1 144602 144604
1 144610 144612
1 144615 144617
1 144639 144641
1 144645 144647
1 144662 144664
1 144674 144676
1 144701 144703
1 144729 144731
1 144741 144743
1 144747 144749
1 144770 144772
1 144775 144777
1 144915 144917
1 144921 144923
1 144942 144944
1 144954 144957
1 145009 145011
1 145019 145021
1 145041 145043
1 145059 145061
1 145075 145077
1 145138 145140
1 145191 145193
1 145203 145205
1 145300 145303
1 145306 145308
1 145308 145310
1 145323 145325
1 145357 145359
1 145372 145374
1 145452 145454
1 145484 145486
1 145514 145516
1 145536 145538
1 145547 145549
1 145552 145554
1 145663 145665
1 145671 145673
1 145708 145710
1 145821 145823
1 145914 145916
1 145920 145922
1 145947 145949
1 146042 146044
1 146059 146061
1 146127 146129
1 146152 146154
1 146161 146163
1 146163 146165
1 146165 146167
1 146185 146187
1 146196 146198
1 146200 146202
1 146243 146245
1 146255 146257
1 146269 146271
1 146296 146298
1 146320 146322
1 146354 146356
1 146359 146361
1 146383 146385
1 146396 146398
1 146400 146402
1 146438 146440
1 146442 146444
1 146482 146484
1 146489 146491
1 146530 146532
1 146545 146547
1 146551 146553
1 146597 146599
1 146605 146607
1 146628 146630
1 146697 146699
1 146733 146735
1 146742 146744
1 146845 146847
1 146867 146869
1 146871 146873
1 146884 146886
1 146965 146967
1 147045 147047
1 147054 147056
1 147070 147072
1 147190 147192
1 147230 147232
1 147243 147245
1 147282 147284
1 147323 147325
1 147326 147328
1 147351 147353
1 147384 147386
1 147390 147392
1 147402 147404
1 147424 147426
1 147451 147453
1 147465 147467
1 147482 147484
1 147505 147507
1 147523 147525
1 147589 147591
1 147613 147615
1 147664 147666
1 147690 147692
1 147700 147702
1 147705 147707
1 147709 147711
1 147731 147733
1 147825 147827
1 147855 147857
1 147904 147906
1 147953 147955
1 147958 147960
1 148000 148002
1 148004 148006
1 148024 148026
1 148047 148049
1 148055 148057
1 148090 148092
1 148093 148095
1 148106 148108
1 148109 148111
1 148156 148158
1 148168 148170
1 148190 148192
1 148223 148225
1 148228 148230
1 148239 148241
1 148255 148257
1 148294 148296
1 148340 148342
1 148369 148371
1 148452 148454
1 148474 148476
1 148477 148480
1 148509 148511
1 148533 148535
1 148546 148548
1 148550 148552
1 148598 148600
1 148630 148632
1 148676 148678
1 148714 148716
1 148728 148730
1 148735 148737
1 148738 148741
1 148788 148790
1 148800 148802
1 148810 148812
1 148822 148824
1 148833 148835
1 148868 148871
1 148884 148886
1 148893 148895
1 148929 148931
1 148969 148971
1 148983 148985
1 149054 149056
1 149058 149060
1 149075 149077
1 149095 149097
1 149123 149125
1 149141 149143
1 149152 149154
1 149154 149156
1 149186 149188
1 149205 149207
1 149218 149220
1 149270 149272
1 149273 149275
1 149289 149291
1 149295 149297
1 149369 149371
1 149398 149400
1 149450 149453
1 149464 149466
1 149472 149474
1 149535 149537
1 149564 149566
1 149568 149570
1 149628 149630
1 149682 149684
1 149697 149699
1 149731 149733
1 149787 149789
1 149796 149798
1 149812 149814
1 149830 149832
1 149849 149851
1 149938 149940
1 149954 149956
1 149980 149983
1 150014 150016
1 150017 150019
1 150036 150038
1 150048 150050
1 150070 150072
1 150084 150086
1 150103 150105
1 150120 150122
1 150134 150136
1 150148 150150
1 150165 150167
1 150170 150172
1 150226 150228
1 150269 150271
1 150275 150278
1 150300 150302
1 150303 150305
1 150339 150341
1 150341 150343
1 150361 150363
1 150369 150371
1 150385 150387
1 150403 150405
1 150406 150408
1 150466 150468
1 150475 150477
1 150484 150486
1 150490 150492
1 150519 150521
1 150528 150530
1 150556 150558
1 150558 150560
1 150577 150579
1 150589 150591
1 150610 150612
1 150639 150641
1 150655 150657
1 150660 150662
1 150712 150714
1 150731 150733
1 150798 150800
1 150804 150806
1 150809 150811
1 150842 150844
1 150858 150860
1 150892 150894
1 150898 150900
1 150910 150912
1 150918 150920
1 150927 150929
1 150962 150964
1 150996 150998
1 151006 151008
1 151060 151062
1 151070 151072
1 151087 151089
1 151116 151118
1 151123 151125
1 151127 151129
1 151147 151149
1 151188 151190
1 151197 151199
1 151254 151256
1 151263 151265
1 151342 151344
1 151352 151354
1 151371 151373
1 151373 151375
1 151431 151433
1 151447 151449
1 151467 151469
1 151506 151508
1 151517 151519
1 151589 151591
1 151600 151602
1 151625 151627
1 151692 151695
1 151765 151767
1 151772 151774
1 151774 151776
1 151784 151786
1 151801 151803
1 151821 151823
1 151843 151845
1 151852 151854
1 151983 151985
1 151989 151991
1 151992 151994
1 151997 151999
1 152068 152070
1 152154 152156
1 152174 152176
1 152192 152194
1 152201 152203
1 152223 152225
1 152228 152230
1 152241 152243
1 152251 152253
1 152316 152318
1 152355 152357
1 152373 152375
1 152410 152412
1 152427 152429
1 152472 152474
1 152481 152483
1 152494 152496
1 152504 152506
1 152569 152571
1 152575 152577
1 152585 152587
1 152593 152595
1 152612 152614
1 152614 152616
1 152621 152623
1 152682 152684
1 152686 152688
1 152711 152713
1 152742 152744
1 152757 152759
1 152760 152762
1 152787 152789
1 152798 152800
1 152913 152915
1 152950 152952
1 152955 152957
1 152994 152996
1 153000 153002
1 153021 153023
1 153025 153027
1 153049 153051
1 153051 153053
1 153082 153085
1 153099 153101
1 153204 153206
1 153221 153223
1 153261 153263
1 153323 153325
1 153339 153341
1 153342 153344
1 153344 153346
1 153346 153348
1 153353 153355
1 153407 153409
1 153522 153524
1 153524 153526
1 153530 153532
1 153563 153565
1 153574 153576
1 153582 153584
1 153617 153619
1 153634 153636
1 153690 153692
1 153696 153698
1 153715 153717
1 153734 153736
1 153763 153765
1 153811 153813
1 153858 153860
1 153872 153874
1 153879 153881
1 153884 153886
1 153964 153966
1 153983 153985
1 153993 153996
1 154031 154033
1 154045 154047
1 154055 154057
1 154077 154079
1 154084 154086
1 154176 154178
1 154187 154189
1 154252 154254
1 154276 154278
1 154312 154314
1 154338 154340
1 154368 154370
1 154374 154376
1 154407 154409
1 154440 154442
1 154457 154459
1 154489 154491
1 154531 154533
1 154566 154568
1 154588 154590
1 154608 154610
1 154636 154638
1 154655 154657
1 154722 154724
1 154732 154734
1 154781 154783
1 154799 154801
1 154817 154819
1 154835 154837
1 154856 154858
1 154867 154869
1 154890 154892
1 154929 154931
1 154934 154936
1 154936 154938
1 154971 154973
1 154986 154989
1 154999 155001
1 155005 155007
1 155008 155010
1 155030 155032
1 155041 155043
1 155062 155064
1 155109 155111
1 155155 155157
1 155231 155233
1 155238 155240
1 155245 155247
1 155270 155272
1 155278 155280
1 155280 155282
1 155284 155286
1 155302 155304
1 155306 155308
1 155308 155310
1 155333 155335
1 155335 155337
1 155349 155351
1 155373 155375
1 155393 155395
1 155400 155402
1 155403 155405
1 155446 155448
1 155544 155546
1 155563 155565
1 155565 155567
1 155614 155616
1 155629 155631
1 155631 155633
1 155690 155692
1 155706 155708
1 155708 155710
1 155761 155763
1 155771 155773
1 155776 155778
1 155802 155804
1 155807 155809
1 155817 155819
1 155837 155839
1 155906 155908
1 155918 155920
1 155937 155939
1 155950 155952
1 156022 156024
1 156035 156037
1 156039 156042
1 156043 156045
1 156083 156085
1 156099 156101
1 156154 156156
1 156191 156193
1 156224 156226
1 156240 156242
1 156248 156250
1 156317 156319
1 156378 156380
1 156421 156423
1 156432 156434
1 156443 156445
1 156446 156448
1 156469 156471
1 156564 156566
1 156568 156570
1 156599 156601
1 156632 156634
1 156649 156651
1 156674 156676
1 156716 156718
1 156760 156762
1 156762 156764
1 156784 156786
1 156787 156789
1 156852 156854
1 156854 156856
1 156872 156874
1 156899 156901
1 156905 156907
1 156935 156937
1 157016 157018
1 157025 157027
1 157044 157046
1 157060 157062
1 157065 157067
1 157083 157085
1 157085 157087
1 157128 157130
1 157154 157156
1 157162 157164
1 157194 157196
1 157231 157233
1 157250 157252
1 157252 157254
1 157259 157261
1 157294 157296
1 157303 157305
1 157312 157314
1 157325 157327
1 157350 157353
1 157353 157355
1 157371 157373
1 157383 157385
1 157403 157405
1 157456 157458
1 157477 157479
1 157487 157489
1 157497 157499
1 157506 157508
1 157515 157517
1 157525 157527
1 157528 157530
1 157556 157558
1 157560 157562
1 157655 157657
1 157667 157669
1 157693 157695
1 157699 157701
1 157706 157708
1 157729 157731
1 157734 157736
1 157741 157744
1 157752 157754
1 157767 157769
1 157777 157779
1 157792 157794
1 157805 157807
1 157817 157819
1 157819 157821
1 157919 157921
1 157944 157946
1 157988 157990
1 158002 158004
1 158057 158059
1 158066 158068
1 158083 158085
1 158086 158088
1 158133 158135
1 158143 158145
1 158146 158148
1 158162 158164
1 158170 158172
1 158176 158178
1 158186 158188
1 158205 158207
1 158287 158289
1 158293 158295
1 158319 158321
1 158351 158353
1 158371 158373
1 158454 158456
1 158487 158490
1 158506 158508
1 158545 158547
1 158564 158566
1 158636 158638
1 158642 158644
1 158670 158672
1 158711 158713
1 158726 158728
1 158764 158766
1 158784 158786
1 158788 158790
1 158851 158853
1 158854 158856
1 158925 158927
1 158955 158957
1 158958 158960
1 158962 158964
1 159019 159021
1 159023 159025
1 159101 159103
1 159108 159110
1 159111 159113
1 159125 159127
1 159137 159139
1 159143 159145
1 159191 159193
1 159212 159214
1 159222 159224
1 159256 159258
1 159276 159278
1 159283 159285
1 159295 159297
1 159321 159323
1 159354 159356
1 159386 159388
1 159396 159398
1 159404 159406
1 159426 159428
1 159447 159449
1 159468 159470
1 159486 159488
1 159532 159534
1 159546 159548
1 159565 159567
1 159601 159603
1 159664 159666
1 159684 159686
1 159695 159697
1 159708 159710
1 159738 159740
1 159750 159752
1 159758 159761
1 159768 159770
1 159788 159790
1 159807 159809
1 159819 159821
1 159901 159903
1 159914 159916
1 159918 159920
1 159975 159977
1 159995 159997
1 160010 160012
1 160046 160048
1 160098 160100
1 160109 160111
1 160140 160142
1 160150 160152
1 160241 160243
1 160269 160271
1 160301 160303
1 160359 160361
1 160399 160401
1 160433 160435
1 160450 160452
1 160472 160474
1 160492 160494
1 160504 160506
1 160531 160533
1 160567 160569
1 160627 160629
1 160648 160651
1 160656 160658
1 160660 160662
1 160673 160675
1 160678 160680
1 160690 160692
1 160735 160737
1 160751 160753
1 160781 160783
1 160878 160881
1 160902 160904
1 160922 160924
1 160936 160938
1 160955 160957
1 160986 160988
1 161021 161023
1 161024 161026
1 161102 161104
1 161106 161108
1 161135 161138
1 161148 161150
1 161173 161175
1 161191 161193
1 161211 161213
1 161278 161280
1 161322 161324
1 161334 161336
1 161345 161347
1 161384 161386
1 161401 161403
1 161441 161443
1 161459 161461
1 161499 161501
1 161520 161522
1 161588 161590
1 161605 161607
1 161630 161632
1 161684 161686
1 161691 161693
1 161725 161727
1 161798 161800
1 161808 161811
1 161844 161846
1 161847 161849
1 161881 161883
1 162011 162013
1 162021 162023
1 162031 162033
1 162072 162074
1 162078 162080
1 162083 162085
1 162111 162113
1 162122 162124
1 162154 162156
1 162167 162169
1 162189 162191
1 162192 162194
1 162194 162196
1 162239 162241
1 162246 162248
1 162297 162299
1 162314 162316
1 162321 162323
1 162332 162334
1 162367 162369
1 162378 162380
1 162411 162413
1 162465 162467
1 162474 162476
1 162482 162484
1 162564 162567
1 162625 162627
1 162653 162655
1 162707 162709
1 162731 162733
1 162748 162750
1 162752 162754
1 162805 162807
1 162826 162828
1 162909 162912
1 162922 162924
1 162944 162946
1 162965 162967
1 162979 162981
1 163046 163048
1 163056 163058
1 163068 163070
1 163103 163106
1 163146 163148
1 163149 163151
1 163168 163170
1 163171 163173
1 163178 163180
1 163282 163284
1 163304 163306
1 163399 163401
1 163404 163406
1 163461 163463
1 163474 163476
1 163512 163515
1 163542 163544
1 163575 163577
1 163588 163590
1 163599 163601
1 163604 163606
1 163617 163619
1 163630 163632
1 163662 163664
1 163799 163801
1 163807 163809
1 163820 163822
1 163866 163868
1 163891 163893
1 163901 163904
1 163918 163920
1 163962 163964
1 163979 163981
1 163984 163986
1 164000 164002
1 164073 164075
1 164102 164104
1 164104 164106
1 164114 164116
1 164125 164127
1 164132 164134
1 164258 164260
1 164271 164273
1 164309 164311
1 164339 164341
1 164380 164382
1 164391 164393
1 164443 164445
1 164478 164481
1 164487 164489
1 164495 164498
1 164533 164535
1 164606 164608
1 164609 164611
1 164651 164653
1 164690 164692
1 164709 164711
1 164721 164723
1 164727 164729
1 164834 164836
1 164846 164848
1 164873 164875
1 164888 164890
1 164890 164892
1 164954 164956
1 164975 164977
1 164981 164983
1 165033 165035
1 165082 165084
1 165116 165118
1 165141 165143
1 165145 165147
1 165152 165154
1 165155 165157
1 165158 165160
1 165184 165186
1 165203 165205
1 165298 165300
1 165333 165335
1 165355 165357
1 165359 165361
1 165378 165380
1 165447 165449
1 165479 165481
1 165498 165500
1 165505 165509
1 165521 165523
1 165558 165561
1 165642 165644
1 165644 165646
1 165698 165700
1 165729 165731
1 165788 165790
1 165804 165806
1 165841 165843
1 165843 165845
1 166013 166015
1 166023 166025
1 166063 166065
1 166116 166119
1 166138 166140
1 166167 166169
1 166196 166198
1 166204 166206
1 166206 166208
1 166211 166213
1 166340 166342
1 166354 166356
1 166365 166367
1 166368 166370
1 166390 166392
1 166392 166394
1 166396 166398
1 166410 166412
1 166504 166506
1 166511 166513
1 166520 166522
1 166530 166532
1 166543 166545
1 166577 166579
1 166579 166581
1 166581 166583
1 166640 166642
1 166692 166694
1 166727 166729
1 166746 166748
1 166749 166751
1 166779 166781
1 166916 166918
1 166955 166957
1 166977 166979
1 166982 166985
1 166986 166988
1 166989 166991
1 167000 167002
1 167075 167077
1 167097 167099
2 436 440
2 656 660
2 879 883
2 1197 1201
2 1610 1614
2 1841 1845
2 1972 1976
2 2528 2532
2 2739 2743
2 4190 4194
2 4345 4349
2 5135 5139
2 5385 5389
2 6246 6250
2 7246 7250
2 7696 7700
2 8360 8364
2 8668 8672
2 9133 9137
2 9369 9373
2 9743 9748
2 10856 10860
2 11916 11920
2 12015 12020
2 12788 12792
2 13240 13244
2 13481 13485
2 13556 13560
2 13743 13747
2 16514 16518
2 17069 17073
2 17229 17233
2 17551 17555
2 17989 17994
2 18713 18717
2 19730 19734
2 20574 20578
2 21536 21540
2 21858 21862
2 21936 21940
2 22192 22196
2 22817 22821
2 23288 23292
2 24548 24552
2 25345 25349
2 27556 27560
2 27850 27854
2 28096 28100
2 28421 28425
2 30339 30344
2 30623 30627
2 32207 32211
2 32853 32857
2 32907 32911
2 33750 33754
2 34547 34551
2 36646 36650
2 36771 36775
2 37843 37847
2 37879 37883
2 38318 38323
2 38518 38523
2 40347 40351
2 41850 41854
2 42350 42354
2 42635 42639
2 44358 44362
2 45172 45176
2 45825 45829
2 46713 46718
2 46994 46998
2 47355 47359
2 47573 47577
2 48106 48110
2 49787 49791
2 52100 52104
2 53371 53375
2 53570 53574
2 53614 53618
2 54523 54528
2 54966 54970
2 56504 56508
2 57662 57666
2 58616 58620
2 58715 58719
2 60865 60869
2 61850 61854
2 64295 64299
2 64902 64906
2 65011 65015
2 65815 65819
2 66086 66090
2 66667 66671
2 66717 66721
2 67157 67161
2 67401 67405
2 69084 69088
2 69240 69244
2 70640 70644
2 72299 72303
2 73095 73099
2 74531 74535
2 77945 77949
2 78002 78006
2 79004 79008
2 80136 80140
2 80817 80821
2 81908 81912
2 81996 82001
2 83440 83444
2 83577 83581
2 83836 83840
2 84451 84455
2 85090 85094
2 86734 86738
2 87168 87172
2 87480 87484
2 89366 89370
2 89573 89577
2 90208 90212
2 90649 90653
2 91203 91209
2 92304 92308
2 93565 93569
2 94000 94004
2 94706 94710
2 94882 94886
2 95319 95324
2 95657 95661
2 96467 96471
2 99004 99008
2 99938 99942
2 100353 100357
2 100427 100431
2 101111 101115
2 101138 101142
2 101501 101505
2 102860 102864
2 102917 102921
2 105167 105171
2 105943 105947
2 106637 106642
2 107786 107790
2 108548 108552
2 108565 108569
2 108936 108940
2 108961 108965
2 110098 110102
2 111235 111240
2 111940 111944
2 112563 112567
2 112992 112996
2 115026 115030
2 115964 115968
2 116457 116461
2 116680 116684
2 116697 116701
2 117035 117039
2 117208 117213
2 117231 117235
2 117314 117318
2 117953 117957
2 118132 118136
2 119503 119507
2 119693 119697
2 120010 120014
2 120968 120972
2 121663 121667
2 121789 121793
2 122578 122582
2 122590 122594
2 123072 123076
2 123140 123144
2 123296 123300
2 123618 123622
2 124050 124054
2 125092 125096
2 126128 126132
2 126286 126290
2 126423 126427
2 126707 126711
2 127634 127638
2 127665 127669
2 127955 127959
2 128257 128261
2 128268 128272
2 129046 129050
2 129131 129135
2 129320 129324
2 130805 130809
2 131834 131838
2 132105 132109
2 133427 133431
2 133561 133565
2 134981 134985
2 136483 136487
2 138282 138286
2 138316 138320
2 138383 138387
2 139172 139176
2 139674 139678
2 140148 140152
2 141210 141214
2 141299 141303
2 141770 141774
2 142627 142631
2 143813 143817
2 145994 145998
2 147896 147900
2 148480 148484
2 148991 148995
2 149422 149426
2 149758 149762
2 150054 150059
2 150121 150125
2 150249 150253
2 150459 150463
2 151402 151406
2 151733 151737
2 152444 152448
2 152743 152747
2 154040 154044
2 154416 154420
2 154782 154786
2 155186 155190
2 158384 158388
2 158719 158723
2 158746 158750
2 159760 159764
2 160167 160172
2 160441 160445
2 161547 161551
2 162101 162105
2 162876 162880
2 162931 162935
2 164819 164823
2 165449 165453
2 165589 165593
3 11771 11777
3 20230 20236
3 24080 24086
3 43430 43436
3 43982 43988
3 65069 65075
3 77889 77895
3 81241 81247
3 85634 85640
3 109855 109861
3 119623 119629
3 165649 165655
3 166039 166045
