2106
1 48 50
1 74 76
1 76 78
1 109 111
1 117 119
1 149 151
1 171 173
1 175 177
1 208 210
1 252 254
1 315 317
1 317 319
1 388 390
1 419 421
1 462 464
1 466 468
1 482 484
1 494 496
1 499 501
1 508 510
1 545 547
1 570 572
1 606 608
1 629 631
1 721 723
1 730 732
1 755 757
1 789 792
1 796 798
1 832 834
1 853 855
1 873 875
1 884 886
1 910 912
1 925 927
1 944 946
1 985 987
1 999 1001
1 1015 1017
1 1024 1026
1 1062 1064
1 1065 1067
1 1074 1076
1 1097 1099
1 1127 1129
1 1170 1172
1 1179 1181
1 1187 1189
1 1198 1200
1 1208 1210
1 1216 1218
1 1221 1223
1 1225 1227
1 1228 1230
1 1235 1237
1 1237 1239
1 1290 1292
1 1297 1299
1 1316 1318
1 1359 1361
1 1364 1366
1 1378 1380
1 1412 1414
1 1460 1462
1 1468 1470
1 1478 1480
1 1485 1487
1 1511 1513
1 1529 1531
1 1578 1580
1 1584 1586
1 1629 1631
1 1638 1640
1 1641 1643
1 1671 1673
1 1688 1690
1 1708 1710
1 1741 1743
1 1767 1769
1 1769 1771
1 1800 1802
1 1809 1811
1 1830 1832
1 1832 1834
1 1910 1912
1 1922 1924
1 1939 1941
1 1975 1977
1 1977 1979
1 1985 1987
1 2017 2019
1 2033 2035
1 2039 2041
1 2046 2048
1 2099 2101
1 2113 2115
1 2118 2120
1 2128 2130
1 2141 2143
1 2144 2146
1 2151 2153
1 2185 2187
1 2263 2265
1 2267 2269
1 2282 2284
1 2301 2303
1 2354 2356
1 2376 2378
1 2422 2424
1 2493 2495
1 2506 2508
1 2579 2581
1 2602 2604
1 2609 2611
1 2709 2711
1 2789 2791
1 2832 2834
1 2866 2868
1 2869 2871
1 2909 2911
1 2954 2956
1 2962 2964
1 2978 2981
1 3027 3029
1 3042 3044
1 3052 3054
1 3070 3072
1 3093 3095
1 3116 3118
1 3142 3144
1 3150 3152
1 3156 3158
1 3205 3207
1 3238 3240
1 3252 3254
1 3264 3266
1 3355 3357
1 3373 3375
1 3406 3408
1 3424 3426
1 3462 3464
1 3502 3504
1 3529 3531
1 3547 3549
1 3634 3636
1 3692 3694
1 3763 3765
1 3775 3777
1 3789 3791
1 3808 3810
1 3826 3828
1 3833 3835
1 3852 3854
1 3887 3889
1 3928 3930
1 3980 3982
1 3990 3992
1 4003 4005
1 4057 4059
1 4064 4066
1 4070 4072
1 4095 4098
1 4108 4110
1 4202 4204
1 4220 4222
1 4245 4247
1 4249 4251
1 4272 4274
1 4275 4277
1 4281 4283
1 4326 4328
1 4358 4360
1 4374 4376
1 4377 4379
1 4410 4412
1 4431 4433
1 4509 4511
1 4538 4540
1 4555 4557
1 4714 4716
1 4717 4719
1 4748 4750
1 4766 4768
1 4781 4783
1 4783 4785
1 4896 4898
1 4983 4985
1 5045 5047
1 5087 5089
1 5122 5124
1 5130 5132
1 5133 5135
1 5182 5184
1 5199 5201
1 5271 5273
1 5315 5317
1 5349 5351
1 5351 5353
1 5356 5358
1 5388 5390
1 5396 5398
1 5400 5402
1 5413 5415
1 5432 5434
1 5446 5448
1 5483 5485
1 5485 5487
1 5493 5495
1 5559 5561
1 5561 5563
1 5582 5584
1 5603 5605
1 5631 5633
1 5681 5683
1 5687 5689
1 5716 5718
1 5718 5720
1 5756 5758
1 5770 5772
1 5772 5774
1 5796 5798
1 5802 5804
1 5819 5822
1 5826 5828
1 5879 5881
1 5927 5929
1 5948 5950
1 5953 5956
1 5957 5959
1 6022 6024
1 6062 6064
1 6105 6107
1 6116 6118
1 6122 6124
1 6159 6161
1 6164 6166
1 6188 6190
1 6196 6198
1 6228 6230
1 6240 6242
1 6246 6248
1 6264 6266
1 6291 6293
1 6312 6314
1 6348 6350
1 6360 6362
1 6388 6390
1 6401 6403
1 6408 6410
1 6423 6425
1 6464 6466
1 6466 6468
1 6482 6484
1 6493 6495
1 6539 6541
1 6612 6614
1 6639 6641
1 6666 6668
1 6672 6674
1 6699 6701
1 6737 6739
1 6767 6769
1 6816 6818
1 6835 6837
1 6895 6897
1 6935 6937
1 6973 6975
1 6987 6989
1 6990 6992
1 7125 7127
1 7161 7163
1 7166 7168
1 7190 7192
1 7200 7202
1 7212 7214
1 7217 7219
1 7250 7252
1 7303 7305
1 7352 7354
1 7373 7375
1 7380 7382
1 7447 7449
1 7481 7483
1 7507 7509
1 7539 7541
1 7545 7547
1 7593 7595
1 7596 7598
1 7615 7617
1 7707 7709
1 7709 7711
1 7727 7729
1 7744 7746
1 7796 7798
1 7828 7830
1 7838 7840
1 7864 7866
1 7874 7876
1 7898 7900
1 7908 7910
1 7925 7927
1 7940 7942
1 7986 7988
1 7997 7999
1 7999 8001
1 8007 8009
1 8042 8044
1 8061 8063
1 8076 8078
1 8104 8106
1 8119 8121
1 8138 8140
1 8144 8146
1 8193 8195
1 8213 8215
1 8221 8223
1 8238 8240
1 8283 8285
1 8303 8305
1 8308 8310
1 8321 8323
1 8344 8346
1 8394 8397
1 8436 8438
1 8463 8465
1 8483 8485
1 8527 8529
1 8557 8559
1 8564 8566
1 8645 8648
1 8670 8672
1 8683 8685
1 8705 8707
1 8741 8743
1 8743 8745
1 8748 8750
1 8766 8769
1 8827 8829
1 8835 8837
1 8842 8844
1 8874 8876
1 8956 8958
1 9025 9027
1 9079 9081
1 9082 9084
1 9124 9126
1 9128 9130
1 9147 9149
1 9186 9188
1 9233 9235
1 9240 9242
1 9246 9248
1 9253 9255
1 9282 9284
1 9293 9295
1 9306 9308
1 9316 9318
1 9343 9345
1 9453 9455
1 9457 9459
1 9477 9479
1 9511 9513
1 9520 9522
1 9526 9528
1 9539 9541
1 9546 9549
1 9623 9625
1 9652 9654
1 9717 9719
1 9719 9721
1 9749 9751
1 9778 9780
1 9805 9807
1 9812 9814
1 9851 9853
1 9974 9976
1 9976 9978
1 9990 9992
1 10005 10007
1 10029 10031
1 10032 10034
1 10089 10091
1 10093 10095
1 10146 10148
1 10168 10170
1 10172 10174
1 10182 10184
1 10192 10194
1 10251 10253
1 10272 10274
1 10302 10304
1 10307 10309
1 10344 10346
1 10384 10386
1 10423 10425
1 10503 10505
1 10529 10531
1 10578 10580
1 10617 10619
1 10640 10642
1 10675 10677
1 10685 10687
1 10732 10734
1 10755 10757
1 10767 10769
1 10772 10774
1 10821 10823
1 10826 10828
1 10835 10837
1 10841 10843
1 10866 10868
1 10927 10929
1 10980 10982
1 10993 10995
1 11000 11003
1 11030 11032
1 11052 11055
1 11081 11083
1 11125 11127
1 11131 11133
1 11136 11138
1 11195 11197
1 11209 11211
1 11233 11235
1 11270 11272
1 11299 11301
1 11325 11327
1 11344 11346
1 11450 11452
1 11535 11537
1 11549 11551
1 11625 11627
1 11630 11632
1 11734 11736
1 11777 11779
1 11785 11787
1 11815 11817
1 11817 11819
1 11851 11853
1 11854 11857
1 11868 11870
1 11878 11880
1 11887 11890
1 11902 11904
1 11911 11913
1 11927 11929
1 11949 11951
1 11969 11971
1 12004 12006
1 12015 12017
1 12024 12026
1 12028 12030
1 12091 12093
1 12099 12101
1 12116 12118
1 12118 12120
1 12146 12148
1 12162 12164
1 12296 12298
1 12306 12308
1 12319 12321
1 12322 12324
1 12332 12334
1 12347 12349
1 12360 12362
1 12443 12445
1 12448 12450
1 12455 12457
1 12458 12460
1 12472 12474
1 12475 12477
1 12604 12606
1 12609 12611
1 12621 12623
1 12626 12628
1 12644 12646
1 12671 12673
1 12727 12729
1 12806 12808
1 12830 12832
1 12870 12872
1 12952 12954
1 12958 12960
1 12962 12964
1 12975 12977
1 12977 12979
1 12993 12995
1 13047 13049
1 13070 13072
1 13118 13120
1 13137 13139
1 13168 13170
1 13185 13187
1 13200 13202
1 13210 13212
1 13233 13235
1 13260 13262
1 13274 13276
1 13295 13297
1 13419 13421
1 13447 13449
1 13479 13481
1 13566 13568
1 13590 13592
1 13596 13598
1 13600 13602
1 13625 13627
1 13631 13633
1 13662 13664
1 13720 13722
1 13765 13767
1 13804 13806
1 13829 13831
1 13876 13878
1 13879 13881
1 13882 13884
1 13946 13948
1 13963 13965
1 13968 13970
1 13994 13996
1 13996 13998
1 14036 14038
1 14050 14052
1 14057 14059
1 14099 14102
1 14104 14106
1 14122 14124
1 14148 14150
1 14160 14162
1 14217 14219
1 14226 14228
1 14263 14265
1 14270 14272
1 14283 14285
1 14294 14296
1 14349 14351
1 14378 14381
1 14398 14400
1 14409 14411
1 14431 14433
1 14440 14442
1 14466 14468
1 14479 14481
1 14489 14491
1 14534 14536
1 14561 14563
1 14563 14565
1 14565 14567
1 14585 14587
1 14620 14622
1 14754 14756
1 14757 14759
1 14772 14774
1 14805 14807
1 14853 14855
1 14861 14865
1 14879 14881
1 14890 14892
1 14893 14895
1 14918 14920
1 14927 14929
1 14938 14940
1 14946 14948
1 14956 14958
1 14982 14984
1 14995 14997
1 14997 14999
1 15009 15011
1 15021 15023
1 15036 15038
1 15090 15092
1 15098 15100
1 15111 15113
1 15127 15129
1 15137 15139
1 15141 15143
1 15162 15164
1 15172 15174
1 15194 15196
1 15209 15211
1 15226 15228
1 15239 15241
1 15255 15257
1 15260 15262
1 15274 15276
1 15333 15335
1 15335 15337
1 15356 15358
1 15380 15382
1 15421 15423
1 15458 15460
1 15546 15548
1 15601 15603
1 15625 15627
1 15651 15653
1 15688 15690
1 15708 15711
1 15820 15822
1 15890 15892
1 15898 15900
1 15915 15917
1 15990 15992
1 16062 16064
1 16221 16223
1 16255 16257
1 16262 16264
1 16267 16269
1 16284 16286
1 16315 16317
1 16320 16322
1 16328 16330
1 16333 16335
1 16402 16404
1 16407 16409
1 16418 16420
1 16434 16436
1 16498 16500
1 16501 16503
1 16518 16520
1 16526 16528
1 16571 16573
1 16584 16586
1 16600 16602
1 16615 16617
1 16643 16645
1 16655 16657
1 16676 16678
1 16689 16691
1 16729 16731
1 16735 16737
1 16770 16773
1 16774 16776
1 16797 16799
1 16815 16817
1 16853 16855
1 16896 16898
1 16958 16960
1 17000 17002
1 17053 17055
1 17075 17077
1 17100 17102
1 17107 17109
1 17118 17120
1 17190 17192
1 17195 17197
1 17234 17236
1 17239 17241
1 17249 17251
1 17275 17277
1 17281 17283
1 17299 17301
1 17307 17309
1 17341 17343
1 17361 17363
1 17380 17382
1 17415 17417
1 17486 17488
1 17498 17500
1 17525 17527
1 17575 17577
1 17584 17587
1 17604 17606
1 17608 17610
1 17666 17668
1 17678 17680
1 17697 17699
1 17708 17710
1 17740 17742
1 17756 17758
1 17768 17770
1 17820 17822
1 17864 17866
1 17878 17880
1 17887 17889
1 17908 17910
1 17911 17913
1 17920 17922
1 17953 17955
1 17974 17976
1 18001 18003
1 18021 18024
1 18057 18060
1 18087 18089
1 18222 18224
1 18266 18268
1 18345 18347
1 18364 18366
1 18454 18456
1 18458 18460
1 18462 18465
1 18465 18467
1 18489 18491
1 18529 18531
1 18544 18546
1 18577 18579
1 18582 18584
1 18585 18587
1 18617 18619
1 18655 18657
1 18661 18663
1 18665 18667
1 18698 18700
1 18749 18751
1 18777 18779
1 18822 18824
1 18831 18833
1 18887 18889
1 18924 18926
1 18933 18935
1 18945 18947
1 18972 18974
1 18992 18994
1 19097 19099
1 19103 19105
1 19176 19178
1 19188 19190
1 19192 19194
1 19204 19206
1 19238 19240
1 19250 19252
1 19306 19308
1 19371 19373
1 19411 19413
1 19423 19425
1 19471 19473
1 19492 19495
1 19506 19508
1 19512 19514
1 19546 19548
1 19561 19563
1 19565 19567
1 19573 19575
1 19640 19642
1 19645 19647
1 19689 19691
1 19734 19736
1 19783 19785
1 19806 19808
1 19889 19891
1 19924 19926
1 19931 19933
1 19955 19957
1 19992 19994
1 20031 20033
1 20034 20036
1 20105 20107
1 20107 20109
1 20240 20242
1 20255 20257
1 20274 20276
1 20283 20285
1 20298 20300
1 20322 20324
1 20358 20360
1 20375 20377
1 20432 20434
1 20438 20440
1 20451 20453
1 20455 20457
1 20476 20478
1 20489 20491
1 20522 20524
1 20600 20602
1 20622 20624
1 20668 20670
1 20673 20675
1 20733 20735
1 20735 20737
1 20765 20767
1 20778 20780
1 20781 20783
1 20794 20796
1 20851 20853
1 20875 20877
1 20894 20896
1 20917 20919
1 20989 20991
1 21006 21008
1 21009 21011
1 21048 21050
1 21070 21072
1 21086 21088
1 21113 21115
1 21122 21124
1 21141 21143
1 21144 21148
1 21162 21164
1 21197 21199
1 21274 21276
1 21297 21299
1 21311 21313
1 21313 21315
1 21328 21330
1 21335 21337
1 21413 21415
1 21428 21430
1 21452 21454
1 21523 21525
1 21571 21573
1 21606 21608
1 21614 21616
1 21616 21618
1 21670 21673
1 21687 21689
1 21700 21702
1 21725 21727
1 21732 21734
1 21743 21745
1 21760 21762
1 21788 21790
1 21792 21794
1 21809 21811
1 21814 21816
1 21820 21822
1 21861 21863
1 21881 21883
1 21887 21889
1 21932 21934
1 21951 21953
1 22113 22115
1 22127 22129
1 22144 22146
1 22192 22194
1 22288 22290
1 22299 22301
1 22340 22342
1 22362 22364
1 22388 22390
1 22396 22398
1 22403 22405
1 22429 22431
1 22469 22471
1 22483 22485
1 22488 22490
1 22503 22505
1 22505 22507
1 22520 22522
1 22582 22584
1 22629 22631
1 22648 22650
1 22655 22657
1 22686 22688
1 22689 22691
1 22695 22697
1 22741 22743
1 22772 22774
1 22841 22843
1 22853 22855
1 22866 22868
1 22885 22887
1 22894 22896
1 22908 22910
1 22965 22967
1 22983 22985
1 22993 22995
1 23047 23049
1 23057 23060
1 23112 23114
1 23126 23128
1 23187 23189
1 23189 23191
1 23211 23213
1 23234 23236
1 23249 23251
1 23259 23261
1 23262 23264
1 23285 23287
1 23309 23311
1 23368 23370
1 23373 23375
1 23379 23381
1 23382 23385
1 23428 23430
1 23437 23439
1 23454 23456
1 23457 23459
1 23461 23463
1 23564 23566
1 23598 23600
1 23625 23627
1 23633 23635
1 23663 23665
1 23681 23683
1 23710 23712
1 23724 23726
1 23737 23739
1 23747 23749
1 23763 23765
1 23832 23834
1 23841 23843
1 23877 23879
1 23900 23902
1 23928 23930
1 23935 23937
1 23945 23947
1 23953 23955
1 23960 23962
1 23973 23975
1 23978 23980
1 24045 24048
1 24107 24109
1 24110 24112
1 24160 24162
1 24188 24190
1 24193 24195
1 24195 24197
1 24202 24204
1 24206 24208
1 24260 24262
1 24311 24313
1 24317 24319
1 24337 24339
1 24361 24363
1 24401 24403
1 24418 24420
1 24426 24428
1 24505 24507
1 24516 24518
1 24524 24526
1 24531 24533
1 24536 24538
1 24557 24559
1 24571 24573
1 24573 24575
1 24598 24600
1 24609 24611
1 24630 24632
1 24646 24648
1 24652 24654
1 24656 24658
1 24680 24683
1 24707 24709
1 24735 24737
1 24789 24791
1 24805 24807
1 24854 24856
1 24873 24875
1 24878 24880
1 24901 24903
1 24905 24907
1 24985 24987
1 24995 24997
1 25001 25003
1 25010 25012
1 25039 25041
1 25067 25069
1 25113 25115
1 25136 25138
1 25145 25147
1 25163 25165
1 25195 25197
1 25199 25201
1 25237 25239
1 25258 25260
1 25274 25276
1 25277 25279
1 25320 25322
1 25326 25328
1 25359 25361
1 25392 25394
1 25403 25405
1 25441 25443
1 25462 25464
1 25466 25468
1 25601 25604
1 25682 25684
1 25688 25690
1 25690 25692
1 25749 25751
1 25776 25778
1 25779 25781
1 25843 25845
1 25849 25851
1 25856 25858
1 25873 25875
1 25929 25931
1 25950 25952
1 25953 25955
1 25960 25962
1 25995 25997
1 26007 26009
1 26081 26083
1 26110 26112
1 26123 26125
1 26125 26127
1 26130 26132
1 26142 26144
1 26186 26188
1 26193 26195
1 26242 26244
1 26258 26261
1 26280 26283
1 26346 26348
1 26362 26364
1 26372 26374
1 26448 26450
1 26457 26459
1 26460 26462
1 26484 26486
1 26502 26504
1 26544 26546
1 26562 26564
1 26568 26570
1 26586 26588
1 26599 26601
1 26622 26624
1 26631 26633
1 26663 26665
1 26695 26697
1 26704 26706
1 26712 26714
1 26741 26743
1 26746 26748
1 26757 26759
1 26764 26766
1 26772 26775
1 26790 26792
1 26836 26838
1 26862 26864
1 26916 26918
1 26918 26920
1 26976 26978
1 26980 26982
1 27027 27029
1 27035 27037
1 27064 27066
1 27066 27068
1 27099 27101
1 27129 27131
1 27169 27171
1 27207 27209
1 27242 27244
1 27259 27261
1 27261 27263
1 27296 27298
1 27299 27301
1 27303 27305
1 27338 27340
1 27386 27388
1 27394 27396
1 27433 27435
1 27451 27454
1 27506 27508
1 27514 27516
1 27547 27549
1 27577 27579
1 27595 27597
1 27612 27614
1 27623 27625
1 27702 27704
1 27722 27724
1 27730 27732
1 27741 27743
1 27770 27772
1 27852 27854
1 27859 27861
1 27929 27931
1 27963 27965
1 27978 27980
1 28031 28033
1 28035 28037
1 28037 28039
1 28069 28071
1 28074 28076
1 28116 28118
1 28129 28131
1 28181 28183
1 28185 28187
1 28204 28206
1 28212 28214
1 28279 28281
1 28325 28327
1 28391 28393
1 28405 28408
1 28430 28432
1 28451 28453
1 28464 28466
1 28525 28527
1 28530 28532
1 28533 28535
1 28592 28594
1 28613 28615
1 28626 28628
1 28630 28632
1 28650 28652
1 28723 28725
1 28729 28731
1 28735 28737
1 28813 28815
1 28826 28828
1 28892 28894
1 28920 28922
1 28951 28953
1 28960 28962
1 29017 29019
1 29042 29044
1 29057 29059
1 29076 29078
1 29096 29098
1 29109 29111
1 29118 29120
1 29132 29134
1 29170 29172
1 29250 29252
1 29278 29280
1 29288 29290
1 29317 29319
1 29329 29331
1 29406 29408
1 29412 29414
1 29420 29422
1 29454 29456
1 29465 29467
1 29493 29495
1 29512 29514
1 29540 29542
1 29553 29555
1 29559 29561
1 29570 29572
1 29610 29612
1 29642 29644
1 29676 29678
1 29701 29703
1 29725 29727
1 29818 29820
1 29846 29848
1 29853 29855
1 29884 29886
1 29902 29904
1 29934 29936
1 30038 30040
1 30078 30080
1 30112 30114
1 30115 30117
1 30145 30147
1 30159 30161
1 30162 30164
1 30186 30188
1 30216 30218
1 30218 30220
1 30220 30222
1 30243 30245
1 30283 30286
1 30291 30293
1 30312 30314
1 30337 30339
1 30367 30369
1 30381 30384
1 30407 30409
1 30447 30449
1 30450 30452
1 30455 30457
1 30522 30524
1 30556 30558
1 30635 30637
1 30685 30687
1 30687 30689
1 30702 30704
1 30709 30711
1 30755 30757
1 30763 30765
1 30777 30779
1 30793 30795
1 30821 30823
1 30830 30832
1 30863 30865
1 30872 30874
1 30882 30885
1 30902 30904
1 30922 30924
1 30954 30956
1 30968 30970
1 31003 31005
1 31047 31049
1 31076 31078
1 31125 31127
1 31180 31182
1 31191 31193
1 31224 31226
1 31281 31283
1 31283 31285
1 31377 31379
1 31486 31488
1 31513 31515
1 31534 31536
1 31575 31577
1 31613 31615
1 31658 31660
1 31662 31664
1 31680 31682
1 31741 31743
1 31762 31764
1 31764 31766
1 31780 31782
1 31801 31803
1 31804 31806
1 31813 31815
1 31840 31842
1 31887 31889
1 31989 31991
1 32015 32017
1 32032 32034
1 32057 32059
1 32071 32073
1 32104 32106
1 32139 32141
1 32150 32152
1 32165 32167
1 32184 32186
1 32210 32212
1 32225 32227
1 32227 32229
1 32232 32234
1 32248 32250
1 32250 32252
1 32260 32262
1 32309 32311
1 32331 32333
1 32388 32390
1 32405 32407
1 32410 32412
1 32413 32415
1 32418 32420
1 32445 32447
1 32456 32458
1 32471 32473
1 32591 32593
1 32608 32610
1 32623 32625
1 32632 32634
1 32663 32665
1 32686 32688
1 32702 32704
1 32709 32711
1 32723 32725
1 32787 32789
1 32795 32797
1 32806 32808
1 32819 32821
1 32824 32826
1 32873 32875
1 32889 32891
1 32952 32954
1 32973 32975
1 33067 33069
1 33082 33084
1 33085 33087
1 33102 33104
1 33170 33172
1 33186 33188
1 33211 33213
1 33222 33225
1 33328 33330
1 33368 33370
1 33392 33394
1 33394 33396
1 33438 33440
1 33448 33450
1 33474 33476
1 33498 33500
1 33525 33527
1 33536 33538
1 33553 33555
1 33574 33576
1 33627 33629
1 33646 33648
1 33699 33701
1 33716 33718
1 33738 33740
1 33770 33772
1 33803 33805
1 33811 33813
1 33868 33870
1 33890 33892
1 33917 33919
1 33946 33948
1 33955 33957
1 33965 33967
1 33983 33985
1 34033 34035
1 34064 34066
1 34066 34068
1 34072 34074
1 34118 34120
1 34120 34122
1 34135 34137
1 34159 34162
1 34162 34164
1 34208 34210
1 34222 34225
1 34264 34266
1 34266 34268
1 34318 34320
1 34369 34371
1 34377 34379
1 34380 34382
1 34396 34398
1 34405 34407
1 34411 34413
1 34424 34426
1 34454 34456
1 34473 34475
1 34517 34519
1 34519 34521
1 34521 34523
1 34536 34538
1 34578 34580
1 34585 34588
1 34632 34634
1 34637 34639
1 34690 34692
1 34704 34706
1 34820 34822
1 34827 34829
1 34838 34840
1 34849 34851
1 34852 34854
1 34870 34872
1 34897 34899
1 34911 34913
1 34949 34951
1 34956 34958
1 34976 34978
1 34999 35001
1 35015 35017
1 35039 35041
1 35049 35051
1 35065 35067
1 35076 35078
1 35120 35122
1 35163 35165
1 35173 35175
1 35204 35206
1 35210 35212
1 35247 35249
1 35251 35253
1 35281 35283
1 35303 35305
1 35312 35314
1 35332 35334
1 35353 35355
1 35383 35385
1 35398 35400
1 35411 35413
1 35435 35437
1 35447 35449
1 35453 35455
1 35456 35458
1 35505 35507
1 35522 35524
1 35530 35532
1 35568 35570
1 35633 35635
1 35653 35655
1 35661 35663
1 35672 35674
1 35699 35701
1 35721 35723
1 35764 35766
1 35780 35782
1 35783 35785
1 35790 35792
1 35817 35819
1 35826 35828
1 35853 35855
1 35868 35870
1 35891 35893
1 35936 35938
1 35939 35941
1 35967 35969
1 35972 35974
1 36017 36019
1 36090 36093
1 36102 36104
1 36108 36110
1 36131 36133
1 36133 36135
1 36137 36139
1 36220 36222
1 36330 36332
1 36339 36341
1 36357 36359
1 36459 36461
1 36467 36470
1 36471 36473
1 36491 36493
1 36504 36506
1 36521 36523
1 36555 36557
1 36572 36574
1 36606 36608
1 36609 36611
1 36655 36657
1 36782 36784
1 36820 36822
1 36845 36847
1 36854 36856
1 36868 36870
1 36903 36905
1 36963 36965
1 37011 37013
1 37038 37040
1 37068 37070
1 37073 37075
1 37108 37110
1 37132 37134
1 37155 37157
1 37160 37162
1 37226 37228
1 37310 37312
1 37347 37349
1 37357 37359
1 37381 37383
1 37388 37390
1 37413 37415
1 37417 37419
1 37426 37428
1 37451 37453
1 37459 37461
1 37487 37489
1 37492 37494
1 37495 37497
1 37501 37503
1 37519 37521
1 37600 37602
1 37651 37653
1 37662 37664
1 37674 37677
1 37683 37685
1 37690 37692
1 37713 37715
1 37752 37754
1 37764 37766
1 37805 37807
1 37844 37846
1 37858 37860
1 37864 37866
1 37904 37906
1 37949 37951
1 37958 37960
1 37996 37998
1 38067 38069
1 38073 38075
1 38080 38082
1 38114 38116
1 38126 38128
1 38218 38220
1 38246 38248
1 38257 38259
1 38298 38300
1 38300 38302
1 38322 38324
1 38422 38424
1 38436 38438
1 38441 38443
1 38453 38455
1 38477 38479
1 38480 38482
1 38502 38504
1 38509 38511
1 38524 38526
1 38527 38529
1 38621 38623
1 38630 38632
1 38662 38664
1 38669 38671
1 38692 38694
1 38700 38702
1 38714 38716
1 38722 38724
1 38810 38812
1 38846 38848
1 38893 38895
1 38895 38897
1 38932 38934
1 38934 38936
1 38961 38963
1 38970 38972
1 38994 38996
1 39000 39002
1 39006 39008
1 39014 39016
1 39098 39100
1 39103 39105
1 39112 39114
1 39135 39139
1 39143 39145
1 39146 39148
1 39207 39209
1 39218 39220
1 39232 39234
1 39252 39254
1 39260 39262
1 39262 39264
1 39269 39271
1 39295 39297
1 39301 39303
1 39323 39325
1 39404 39406
1 39422 39424
1 39446 39448
1 39495 39497
1 39498 39500
1 39621 39624
1 39658 39660
1 39674 39676
1 39705 39707
1 39743 39745
1 39769 39771
1 39846 39848
1 39869 39871
1 39991 39993
1 40034 40036
1 40037 40039
1 40068 40070
1 40073 40075
1 40080 40082
1 40110 40112
1 40115 40117
1 40162 40164
1 40176 40178
1 40207 40209
1 40217 40219
1 40274 40276
1 40319 40321
1 40369 40371
1 40375 40377
1 40406 40408
1 40431 40433
1 40512 40514
1 40517 40519
1 40556 40558
1 40597 40599
1 40769 40771
1 40775 40777
1 40792 40794
1 40836 40838
1 40845 40847
1 40860 40862
1 40865 40867
1 40872 40874
1 40963 40965
1 41018 41021
1 41034 41036
1 41077 41079
1 41112 41114
1 41116 41118
1 41210 41212
1 41237 41239
1 41250 41252
1 41260 41262
1 41284 41286
1 41322 41324
1 41346 41348
1 41350 41352
1 41367 41369
1 41371 41373
1 41379 41381
1 41395 41397
1 41447 41449
1 41458 41460
1 41528 41530
1 41530 41533
1 41586 41588
1 41590 41592
1 41606 41608
1 41671 41674
1 41677 41679
1 41698 41700
1 41730 41732
1 41733 41735
1 41738 41740
1 41741 41743
1 41761 41763
1 41801 41803
1 41865 41867
1 41877 41879
1 41896 41898
1 41898 41900
1 41918 41920
1 41923 41925
1 41935 41937
1 41992 41994
1 41998 42000
1 42034 42036
1 42046 42048
1 42048 42050
1 42058 42060
1 42162 42164
1 42178 42180
1 42189 42191
1 42227 42229
1 42238 42240
1 42248 42250
1 42294 42296
1 42348 42350
1 42364 42366
1 42366 42368
1 42379 42381
1 42385 42387
1 42420 42422
1 42437 42439
1 42453 42455
1 42462 42464
1 42468 42470
1 42475 42477
1 42483 42486
1 42521 42523
1 42533 42535
1 42693 42695
1 42725 42727
1 42748 42750
1 42751 42753
1 42774 42776
1 42798 42800
1 42836 42838
1 42854 42856
1 42856 42858
1 42858 42860
1 42884 42886
1 42926 42928
1 42933 42936
1 42964 42966
1 42977 42979
1 43010 43012
1 43043 43045
1 43045 43047
1 43054 43056
1 43112 43114
1 43146 43148
1 43223 43225
1 43238 43240
1 43281 43284
1 43296 43298
1 43309 43311
1 43320 43322
1 43331 43333
1 43336 43338
1 43383 43385
1 43458 43460
1 43599 43601
1 43601 43603
1 43644 43646
1 43646 43648
1 43652 43654
1 43666 43668
1 43702 43704
1 43714 43716
1 43800 43802
1 43851 43853
1 43920 43922
1 43982 43984
1 43996 43998
1 44034 44036
1 44045 44047
1 44088 44090
1 44094 44096
1 44171 44173
1 44173 44175
1 44215 44217
1 44299 44301
1 44372 44374
1 44383 44385
1 44407 44409
1 44411 44413
1 44436 44438
1 44491 44493
1 44510 44512
1 44522 44524
1 44534 44536
1 44589 44591
1 44595 44597
1 44604 44606
1 44623 44625
1 44626 44628
1 44660 44662
1 44687 44689
1 44699 44701
1 44763 44765
1 44793 44795
1 44819 44821
1 44827 44829
1 44851 44853
1 44853 44855
1 44873 44875
1 44883 44885
1 44945 44947
1 44950 44952
1 45031 45033
1 45062 45064
1 45065 45067
1 45080 45082
1 45129 45131
1 45189 45191
1 45210 45212
1 45265 45267
1 45314 45316
1 45328 45330
1 45346 45348
1 45350 45352
1 45354 45356
1 45425 45427
1 45436 45438
1 45441 45443
1 45467 45469
1 45563 45565
1 45580 45582
1 45615 45617
1 45656 45658
1 45658 45661
1 45681 45683
1 45699 45701
1 45713 45715
1 45731 45733
1 45786 45788
1 45839 45841
1 45851 45853
1 45894 45896
1 46016 46018
1 46060 46062
1 46078 46080
1 46089 46091
1 46098 46100
1 46102 46104
1 46130 46132
1 46152 46154
1 46174 46176
1 46194 46196
1 46205 46207
1 46225 46227
1 46237 46239
1 46253 46255
1 46255 46257
1 46292 46294
1 46305 46307
1 46368 46370
1 46372 46374
1 46384 46386
1 46430 46432
1 46462 46464
1 46469 46471
1 46476 46478
1 46481 46483
1 46504 46506
1 46508 46510
1 46511 46513
1 46532 46534
1 46540 46542
1 46543 46545
1 46560 46562
1 46588 46590
1 46673 46675
1 46703 46705
1 46714 46716
1 46736 46738
1 46738 46740
1 46744 46746
1 46839 46841
1 46883 46885
1 46889 46891
1 46910 46912
1 46942 46944
1 46965 46967
1 46976 46978
1 47001 47003
1 47027 47029
1 47047 47049
1 47055 47057
1 47085 47087
1 47148 47150
1 47162 47164
1 47193 47195
1 47196 47198
1 47200 47202
1 47203 47205
1 47237 47239
1 47241 47243
1 47319 47321
1 47350 47353
1 47381 47383
1 47420 47422
1 47433 47435
1 47510 47512
1 47517 47519
1 47540 47542
1 47557 47559
1 47594 47596
1 47616 47618
1 47621 47624
1 47627 47629
1 47643 47645
1 47653 47655
1 47661 47663
1 47664 47666
1 47673 47675
1 47688 47690
1 47709 47711
1 47718 47720
1 47730 47732
1 47756 47758
1 47760 47762
1 47762 47764
1 47796 47798
1 47803 47805
1 47806 47808
1 47808 47810
1 47825 47827
1 47834 47836
1 47843 47845
1 47855 47857
1 47868 47870
1 47870 47872
1 47883 47885
1 47912 47914
1 47924 47926
1 47959 47961
1 47967 47969
1 47980 47982
1 47987 47989
1 48066 48068
1 48076 48078
1 48085 48087
1 48094 48096
1 48146 48148
1 48184 48186
1 48198 48200
1 48244 48246
1 48248 48250
1 48292 48294
1 48353 48355
1 48381 48383
1 48392 48394
1 48403 48405
1 48431 48433
1 48460 48462
1 48477 48479
1 48517 48520
1 48556 48558
1 48562 48564
1 48585 48587
1 48590 48592
1 48599 48601
1 48603 48605
1 48666 48668
1 48720 48722
1 48738 48740
1 48749 48751
1 48757 48760
1 48763 48765
1 48783 48786
1 48804 48806
1 48822 48824
1 48916 48918
1 48918 48920
1 48930 48932
1 48946 48948
1 48952 48954
1 48965 48967
1 49053 49055
1 49085 49087
1 49100 49102
1 49104 49106
1 49106 49108
1 49148 49150
1 49158 49160
1 49169 49171
1 49177 49179
1 49189 49191
1 49209 49211
1 49213 49215
1 49291 49293
1 49309 49311
1 49320 49322
1 49328 49330
1 49368 49370
1 49409 49411
1 49465 49467
1 49517 49519
1 49521 49523
1 49572 49574
1 49592 49594
1 49635 49637
1 49647 49649
1 49654 49656
1 49699 49701
1 49713 49715
1 49725 49727
1 49731 49733
1 49773 49775
1 49781 49783
1 49798 49800
1 49810 49812
1 49829 49831
1 49833 49835
1 49845 49847
1 49854 49857
1 49860 49862
1 49970 49972
1 49992 49994
1 49996 49998
1 50021 50023
1 50053 50055
1 50071 50073
1 50088 50090
1 50110 50112
1 50147 50149
1 50157 50159
1 50173 50175
1 50246 50248
1 50264 50266
1 50267 50269
1 50324 50326
1 50392 50394
1 50407 50409
1 50438 50440
1 50467 50469
1 50477 50479
1 50573 50575
1 50579 50581
1 50597 50599
1 50635 50637
1 50638 50640
1 50663 50665
1 50666 50668
1 50673 50675
1 50705 50707
1 50717 50719
1 50742 50744
1 50754 50756
1 50779 50781
1 50783 50785
1 50858 50860
1 50879 50881
1 50888 50890
1 50891 50893
1 50931 50933
1 50963 50965
1 51006 51008
1 51103 51105
1 51109 51111
1 51111 51114
1 51141 51143
1 51152 51154
1 51178 51180
1 51181 51183
1 51214 51216
1 51240 51242
1 51247 51249
1 51266 51268
1 51287 51289
1 51310 51312
1 51344 51346
1 51365 51367
1 51370 51372
1 51417 51419
1 51471 51473
1 51486 51488
1 51518 51521
1 51581 51583
1 51617 51619
1 51630 51632
1 51664 51666
1 51671 51673
1 51692 51694
1 51714 51716
1 51728 51730
1 51741 51743
1 51746 51748
1 51798 51800
1 51880 51883
1 51889 51891
1 51944 51946
1 51950 51952
1 51957 51959
1 51998 52000
1 52007 52009
1 52009 52011
1 52018 52020
1 52066 52068
1 52093 52095
1 52099 52101
1 52156 52158
1 52177 52179
1 52184 52186
1 52212 52214
1 52318 52320
1 52320 52322
1 52371 52373
1 52396 52398
1 52434 52436
1 52441 52443
1 52443 52445
1 52497 52499
1 52504 52506
1 52509 52511
1 52533 52535
1 52560 52562
1 52622 52624
1 52625 52627
1 52650 52652
1 52712 52714
1 52761 52763
1 52767 52769
1 52781 52783
1 52809 52811
1 52815 52817
1 52821 52823
1 52834 52836
1 52849 52851
1 52901 52903
1 52921 52923
1 52945 52947
1 52966 52968
1 52973 52975
1 52989 52991
1 53031 53033
1 53037 53039
1 53045 53047
1 53079 53081
1 53089 53091
1 53102 53104
1 53145 53147
1 53159 53161
1 53192 53194
1 53205 53207
1 53215 53217
1 53256 53258
1 53284 53286
1 53299 53301
1 53315 53317
2 837 841
2 1519 1523
2 1812 1816
2 2010 2014
2 4212 4216
2 4468 4472
2 5578 5582
2 6318 6322
2 7174 7178
2 8322 8326
2 8403 8407
2 9722 9726
2 10402 10406
2 11663 11667
2 12035 12039
2 12841 12845
2 15011 15015
2 17597 17601
2 18119 18123
2 18135 18139
2 18165 18169
2 18803 18807
2 19206 19210
2 19853 19858
2 20483 20487
2 21589 21593
2 21719 21723
2 21856 21860
2 22013 22017
2 22406 22410
2 22465 22469
2 22525 22529
2 22803 22807
2 22872 22876
2 23029 23033
2 23584 23588
2 23907 23911
2 24975 24979
2 25881 25885
2 26708 26712
2 27016 27020
2 28470 28474
2 28791 28795
2 30738 30742
2 32002 32006
2 32153 32157
2 33000 33004
2 35005 35009
2 36825 36829
2 37636 37640
2 39032 39036
2 40960 40964
2 41162 41166
2 41947 41951
2 42790 42794
2 43883 43887
2 44261 44265
2 45258 45263
2 46680 46684
2 46815 46819
2 47279 47283
2 47434 47438
2 47552 47556
2 47721 47725
2 48464 48468
2 49143 49147
2 49267 49271
2 50033 50037
2 50321 50325
2 50659 50663
2 51783 51787
2 52224 52228
2 52544 52548
2 52917 52921
3 17094 17100
3 33287 33293
