5730
1 80 82
1 87 89
1 90 92
1 109 111
1 121 123
1 139 141
1 187 189
1 196 198
1 223 225
1 231 233
1 248 250
1 263 265
1 271 273
1 281 283
1 297 299
1 316 318
1 357 359
1 360 362
1 439 441
1 444 446
1 483 485
1 519 522
1 525 527
1 610 612
1 623 625
1 627 629
1 661 663
1 686 688
1 758 760
1 770 772
1 795 797
1 924 926
1 974 976
1 992 994
1 994 996
1 1017 1019
1 1026 1028
1 1063 1065
1 1070 1072
1 1094 1096
1 1173 1175
1 1180 1182
1 1252 1254
1 1270 1272
1 1288 1290
1 1297 1299
1 1299 1301
1 1313 1315
1 1370 1372
1 1403 1405
1 1428 1430
1 1436 1438
1 1440 1442
1 1449 1451
1 1458 1460
1 1468 1470
1 1499 1501
1 1634 1636
1 1644 1646
1 1670 1672
1 1684 1686
1 1720 1722
1 1733 1735
1 1741 1743
1 1751 1753
1 1829 1831
1 1838 1840
1 1859 1861
1 1900 1902
1 1905 1907
1 1910 1912
1 1974 1976
1 2014 2016
1 2016 2018
1 2022 2024
1 2091 2093
1 2105 2107
1 2125 2127
1 2131 2133
1 2135 2137
1 2137 2139
1 2196 2198
1 2214 2216
1 2216 2219
1 2223 2225
1 2259 2261
1 2278 2280
1 2310 2312
1 2317 2319
1 2324 2326
1 2334 2336
1 2339 2341
1 2354 2356
1 2356 2358
1 2375 2377
1 2427 2429
1 2478 2480
1 2515 2517
1 2521 2523
1 2554 2556
1 2576 2578
1 2623 2625
1 2664 2666
1 2691 2693
1 2721 2723
1 2745 2747
1 2755 2757
1 2826 2828
1 2884 2886
1 2901 2903
1 2903 2905
1 2961 2965
1 2983 2985
1 3002 3004
1 3008 3010
1 3029 3031
1 3057 3059
1 3064 3067
1 3162 3164
1 3206 3208
1 3257 3259
1 3312 3314
1 3345 3347
1 3387 3389
1 3394 3396
1 3535 3537
1 3549 3551
1 3565 3567
1 3572 3574
1 3634 3636
1 3642 3644
1 3655 3657
1 3663 3665
1 3748 3750
1 3768 3770
1 3780 3782
1 3821 3823
1 3841 3843
1 3868 3870
1 3901 3903
1 3922 3924
1 3940 3942
1 3958 3960
1 3981 3983
1 4002 4004
1 4005 4007
1 4020 4022
1 4077 4079
1 4131 4133
1 4137 4139
1 4198 4200
1 4222 4224
1 4228 4230
1 4245 4247
1 4291 4293
1 4298 4300
1 4319 4321
1 4338 4340
1 4342 4344
1 4376 4378
1 4419 4421
1 4454 4456
1 4466 4468
1 4481 4483
1 4503 4505
1 4568 4570
1 4592 4595
1 4602 4604
1 4619 4621
1 4624 4626
1 4668 4670
1 4693 4695
1 4750 4752
1 4763 4765
1 4770 4772
1 4801 4803
1 4810 4812
1 4820 4822
1 4885 4887
1 4909 4911
1 4925 4927
1 4935 4937
1 5003 5005
1 5017 5019
1 5055 5057
1 5069 5071
1 5140 5142
1 5213 5215
1 5226 5228
1 5253 5255
1 5269 5271
1 5299 5301
1 5323 5325
1 5328 5330
1 5332 5334
1 5394 5396
1 5424 5426
1 5435 5437
1 5472 5474
1 5554 5556
1 5557 5559
1 5618 5620
1 5628 5630
1 5665 5667
1 5668 5670
1 5673 5675
1 5675 5677
1 5711 5713
1 5722 5724
1 5739 5741
1 5751 5753
1 5800 5802
1 5807 5809
1 5822 5824
1 5843 5845
1 5862 5864
1 5885 5887
1 5888 5890
1 5942 5944
1 5955 5957
1 6002 6004
1 6015 6017
1 6054 6057
1 6064 6066
1 6066 6068
1 6080 6082
1 6126 6128
1 6164 6166
1 6218 6220
1 6246 6248
1 6248 6250
1 6254 6256
1 6364 6366
1 6389 6391
1 6430 6433
1 6482 6484
1 6588 6590
1 6593 6595
1 6636 6638
1 6641 6643
1 6658 6660
1 6711 6713
1 6738 6740
1 6750 6752
1 6818 6820
1 6824 6826
1 6832 6834
1 6836 6838
1 6915 6918
1 6958 6960
1 6993 6995
1 7002 7004
1 7044 7046
1 7047 7049
1 7070 7072
1 7073 7076
1 7121 7123
1 7130 7132
1 7133 7135
1 7142 7144
1 7163 7165
1 7178 7181
1 7302 7304
1 7391 7393
1 7473 7475
1 7498 7500
1 7504 7508
1 7517 7519
1 7541 7543
1 7563 7565
1 7659 7661
1 7685 7687
1 7695 7697
1 7748 7750
1 7766 7768
1 7775 7777
1 7788 7790
1 7798 7800
1 7911 7913
1 7925 7927
1 7945 7947
1 7949 7951
1 7979 7981
1 8025 8027
1 8033 8035
1 8071 8073
1 8089 8091
1 8163 8165
1 8193 8195
1 8206 8208
1 8208 8210
1 8216 8218
1 8232 8234
1 8291 8293
1 8313 8315
1 8329 8331
1 8335 8337
1 8342 8344
1 8420 8422
1 8423 8425
1 8427 8429
1 8439 8441
1 8516 8518
1 8562 8564
1 8573 8575
1 8591 8593
1 8654 8657
1 8659 8661
1 8730 8732
1 8752 8754
1 8784 8786
1 8787 8789
1 8804 8806
1 8864 8866
1 8899 8901
1 8916 8918
1 8920 8922
1 8927 8929
1 8929 8931
1 8950 8952
1 8986 8988
1 8991 8993
1 9005 9007
1 9009 9012
1 9034 9036
1 9091 9093
1 9121 9123
1 9143 9145
1 9148 9150
1 9157 9159
1 9173 9175
1 9204 9206
1 9233 9235
1 9235 9237
1 9290 9292
1 9302 9304
1 9327 9329
1 9464 9466
1 9550 9552
1 9554 9556
1 9565 9567
1 9571 9573
1 9574 9576
1 9592 9594
1 9614 9616
1 9637 9639
1 9640 9642
1 9657 9659
1 9678 9680
1 9682 9684
1 9707 9709
1 9737 9739
1 9797 9799
1 9835 9837
1 9846 9848
1 9926 9928
1 9967 9969
1 10065 10067
1 10082 10084
1 10089 10091
1 10112 10114
1 10116 10118
1 10165 10167
1 10237 10239
1 10265 10267
1 10272 10274
1 10312 10314
1 10355 10357
1 10448 10450
1 10501 10504
1 10562 10564
1 10630 10632
1 10634 10636
1 10671 10673
1 10697 10699
1 10719 10721
1 10753 10755
1 10760 10762
1 10783 10785
1 10790 10792
1 10800 10802
1 10804 10806
1 10806 10808
1 10864 10866
1 10906 10908
1 10924 10926
1 10929 10931
1 10957 10959
1 11003 11005
1 11042 11044
1 11072 11074
1 11091 11093
1 11131 11133
1 11185 11188
1 11231 11233
1 11286 11288
1 11331 11333
1 11372 11374
1 11426 11429
1 11434 11436
1 11473 11475
1 11521 11523
1 11539 11541
1 11677 11679
1 11756 11758
1 11776 11778
1 11780 11782
1 11928 11930
1 11942 11944
1 11966 11968
1 11968 11970
1 12002 12004
1 12101 12103
1 12115 12117
1 12126 12128
1 12148 12150
1 12166 12168
1 12198 12200
1 12209 12211
1 12259 12261
1 12283 12285
1 12293 12295
1 12324 12328
1 12364 12366
1 12413 12415
1 12465 12467
1 12479 12481
1 12509 12511
1 12522 12524
1 12548 12550
1 12552 12554
1 12571 12573
1 12607 12609
1 12613 12615
1 12624 12626
1 12656 12658
1 12689 12691
1 12717 12719
1 12756 12758
1 12793 12795
1 12806 12808
1 12840 12842
1 12846 12849
1 12861 12863
1 12868 12870
1 12911 12913
1 12931 12933
1 12998 13000
1 13020 13022
1 13034 13036
1 13044 13046
1 13059 13061
1 13104 13106
1 13123 13125
1 13129 13131
1 13139 13141
1 13157 13159
1 13194 13196
1 13209 13211
1 13271 13273
1 13274 13276
1 13330 13332
1 13336 13338
1 13352 13354
1 13388 13390
1 13404 13407
1 13494 13496
1 13506 13508
1 13552 13554
1 13609 13611
1 13683 13685
1 13703 13705
1 13713 13715
1 13717 13719
1 13930 13932
1 13975 13977
1 13979 13981
1 14009 14011
1 14014 14016
1 14030 14032
1 14049 14051
1 14057 14059
1 14089 14091
1 14104 14106
1 14109 14111
1 14199 14201
1 14238 14240
1 14256 14258
1 14276 14278
1 14282 14284
1 14302 14304
1 14320 14322
1 14360 14362
1 14379 14381
1 14406 14408
1 14409 14411
1 14427 14429
1 14438 14440
1 14479 14481
1 14495 14497
1 14498 14500
1 14508 14510
1 14521 14523
1 14528 14530
1 14531 14533
1 14570 14572
1 14593 14595
1 14612 14614
1 14620 14622
1 14625 14627
1 14627 14629
1 14639 14641
1 14653 14655
1 14684 14686
1 14717 14719
1 14807 14809
1 14830 14832
1 14846 14848
1 14861 14863
1 14895 14897
1 14945 14947
1 15002 15004
1 15019 15021
1 15034 15036
1 15042 15044
1 15054 15056
1 15115 15117
1 15211 15213
1 15217 15219
1 15229 15231
1 15285 15287
1 15309 15311
1 15319 15321
1 15327 15329
1 15330 15332
1 15361 15363
1 15381 15383
1 15410 15412
1 15426 15428
1 15467 15469
1 15523 15525
1 15531 15533
1 15565 15567
1 15595 15597
1 15626 15628
1 15634 15636
1 15658 15660
1 15660 15662
1 15682 15684
1 15704 15706
1 15727 15729
1 15749 15751
1 15751 15753
1 15785 15787
1 15847 15849
1 15882 15884
1 15906 15908
1 15914 15916
1 15992 15995
1 16045 16047
1 16115 16117
1 16129 16131
1 16244 16246
1 16272 16274
1 16312 16314
1 16323 16325
1 16327 16329
1 16330 16332
1 16347 16349
1 16360 16362
1 16372 16374
1 16379 16381
1 16382 16384
1 16403 16405
1 16409 16411
1 16429 16431
1 16444 16446
1 16477 16479
1 16489 16491
1 16495 16497
1 16500 16502
1 16517 16519
1 16548 16550
1 16569 16571
1 16574 16576
1 16600 16602
1 16641 16644
1 16658 16660
1 16669 16671
1 16675 16677
1 16684 16686
1 16696 16698
1 16705 16707
1 16718 16720
1 16735 16737
1 16742 16744
1 16754 16756
1 16763 16765
1 16805 16807
1 16816 16819
1 16874 16876
1 16914 16916
1 16952 16954
1 16993 16995
1 17014 17016
1 17069 17071
1 17075 17077
1 17095 17097
1 17119 17121
1 17129 17131
1 17193 17195
1 17208 17210
1 17231 17233
1 17250 17252
1 17257 17259
1 17282 17284
1 17299 17301
1 17338 17340
1 17342 17344
1 17392 17394
1 17418 17420
1 17462 17464
1 17466 17468
1 17517 17519
1 17532 17534
1 17568 17570
1 17575 17577
1 17609 17611
1 17612 17614
1 17614 17616
1 17660 17662
1 17700 17702
1 17702 17704
1 17706 17708
1 17709 17711
1 17740 17742
1 17842 17844
1 17879 17881
1 17888 17890
1 17900 17902
1 17902 17904
1 17921 17923
1 17933 17935
1 17949 17951
1 17960 17962
1 17966 17968
1 17980 17982
1 17998 18000
1 18033 18035
1 18036 18038
1 18093 18095
1 18116 18118
1 18132 18134
1 18161 18163
1 18208 18210
1 18285 18287
1 18288 18290
1 18317 18319
1 18348 18350
1 18379 18381
1 18401 18403
1 18435 18437
1 18469 18471
1 18491 18493
1 18500 18502
1 18540 18542
1 18553 18555
1 18612 18614
1 18656 18658
1 18693 18695
1 18708 18710
1 18714 18716
1 18795 18797
1 18799 18801
1 18818 18820
1 18831 18833
1 18899 18901
1 18904 18906
1 18911 18913
1 18940 18942
1 18971 18973
1 18979 18981
1 18997 18999
1 19024 19026
1 19071 19073
1 19075 19077
1 19102 19104
1 19247 19249
1 19277 19279
1 19290 19292
1 19336 19338
1 19351 19353
1 19355 19357
1 19407 19409
1 19455 19457
1 19482 19484
1 19493 19495
1 19530 19532
1 19546 19548
1 19571 19573
1 19576 19578
1 19583 19585
1 19605 19607
1 19609 19611
1 19628 19630
1 19630 19632
1 19648 19650
1 19706 19708
1 19710 19712
1 19741 19743
1 19761 19763
1 19801 19803
1 19834 19836
1 19853 19856
1 19867 19869
1 19929 19931
1 19934 19936
1 19999 20001
1 20025 20027
1 20040 20042
1 20122 20124
1 20181 20183
1 20192 20194
1 20223 20225
1 20230 20232
1 20287 20289
1 20334 20336
1 20369 20371
1 20383 20385
1 20392 20394
1 20515 20517
1 20541 20543
1 20544 20546
1 20567 20569
1 20630 20632
1 20639 20641
1 20644 20646
1 20648 20650
1 20719 20721
1 20726 20728
1 20768 20770
1 20776 20778
1 20801 20803
1 20868 20870
1 20933 20935
1 20936 20938
1 20953 20955
1 21022 21024
1 21040 21042
1 21085 21087
1 21126 21128
1 21144 21146
1 21188 21190
1 21206 21208
1 21221 21223
1 21243 21245
1 21256 21258
1 21293 21295
1 21331 21334
1 21361 21363
1 21439 21441
1 21450 21452
1 21476 21478
1 21484 21486
1 21490 21492
1 21511 21513
1 21515 21517
1 21525 21527
1 21540 21542
1 21557 21560
1 21560 21562
1 21565 21567
1 21613 21615
1 21637 21639
1 21649 21651
1 21709 21711
1 21713 21715
1 21722 21724
1 21731 21733
1 21757 21759
1 21759 21761
1 21771 21773
1 21775 21777
1 21791 21793
1 21793 21796
1 21855 21857
1 21861 21863
1 21867 21869
1 21890 21892
1 21926 21928
1 21976 21978
1 22108 22110
1 22126 22128
1 22156 22159
1 22186 22188
1 22255 22258
1 22296 22298
1 22302 22304
1 22401 22403
1 22413 22415
1 22449 22451
1 22457 22459
1 22489 22491
1 22552 22554
1 22637 22639
1 22643 22645
1 22700 22702
1 22744 22746
1 22790 22792
1 22810 22812
1 22816 22818
1 22839 22841
1 22865 22867
1 22871 22873
1 22888 22890
1 22908 22910
1 22913 22915
1 22924 22926
1 22939 22941
1 22946 22948
1 23005 23007
1 23016 23018
1 23040 23042
1 23049 23051
1 23065 23067
1 23075 23077
1 23078 23080
1 23114 23116
1 23125 23127
1 23182 23184
1 23205 23207
1 23251 23253
1 23261 23263
1 23272 23274
1 23299 23301
1 23310 23312
1 23316 23318
1 23329 23331
1 23481 23483
1 23522 23524
1 23548 23550
1 23557 23559
1 23637 23639
1 23642 23644
1 23672 23674
1 23692 23694
1 23722 23724
1 23785 23787
1 23806 23808
1 23816 23818
1 23823 23825
1 23825 23827
1 23857 23859
1 23883 23885
1 23890 23892
1 23898 23900
1 23906 23908
1 23916 23918
1 23934 23936
1 23969 23971
1 23979 23981
1 23985 23987
1 23993 23995
1 24037 24039
1 24043 24045
1 24092 24094
1 24115 24117
1 24118 24120
1 24135 24137
1 24137 24139
1 24168 24170
1 24183 24185
1 24230 24232
1 24290 24292
1 24318 24320
1 24320 24322
1 24389 24391
1 24404 24407
1 24434 24436
1 24443 24445
1 24456 24458
1 24473 24475
1 24493 24495
1 24525 24527
1 24603 24605
1 24624 24626
1 24659 24661
1 24680 24682
1 24749 24751
1 24779 24781
1 24808 24810
1 24825 24827
1 24833 24835
1 24874 24876
1 24942 24944
1 24960 24962
1 25017 25019
1 25041 25043
1 25061 25063
1 25077 25079
1 25083 25086
1 25086 25088
1 25088 25090
1 25101 25103
1 25112 25114
1 25153 25155
1 25187 25189
1 25215 25217
1 25224 25226
1 25243 25246
1 25309 25311
1 25317 25319
1 25326 25328
1 25342 25344
1 25358 25360
1 25363 25365
1 25370 25372
1 25401 25403
1 25479 25481
1 25517 25519
1 25572 25574
1 25591 25593
1 25597 25599
1 25600 25602
1 25646 25648
1 25662 25664
1 25669 25671
1 25685 25687
1 25731 25733
1 25794 25796
1 25927 25929
1 26014 26016
1 26025 26027
1 26043 26045
1 26078 26080
1 26081 26083
1 26105 26107
1 26119 26121
1 26196 26198
1 26206 26208
1 26286 26288
1 26290 26292
1 26300 26302
1 26314 26316
1 26339 26341
1 26369 26371
1 26406 26408
1 26414 26416
1 26417 26419
1 26419 26421
1 26457 26459
1 26468 26471
1 26474 26476
1 26490 26492
1 26515 26517
1 26518 26520
1 26540 26542
1 26555 26557
1 26595 26597
1 26602 26604
1 26608 26610
1 26716 26718
1 26743 26745
1 26764 26766
1 26796 26798
1 26880 26882
1 26893 26895
1 26945 26947
1 26975 26977
1 27007 27009
1 27010 27012
1 27023 27025
1 27029 27031
1 27069 27071
1 27091 27093
1 27163 27165
1 27174 27176
1 27190 27192
1 27249 27251
1 27256 27258
1 27265 27267
1 27269 27271
1 27341 27343
1 27359 27361
1 27363 27365
1 27374 27376
1 27376 27378
1 27462 27464
1 27485 27487
1 27520 27523
1 27546 27548
1 27565 27567
1 27593 27596
1 27641 27643
1 27758 27760
1 27809 27811
1 27815 27817
1 27824 27826
1 27946 27948
1 27976 27978
1 28017 28019
1 28117 28119
1 28130 28132
1 28191 28193
1 28195 28197
1 28210 28212
1 28257 28259
1 28270 28272
1 28292 28294
1 28295 28297
1 28319 28321
1 28389 28391
1 28422 28424
1 28429 28432
1 28437 28439
1 28457 28459
1 28491 28493
1 28538 28540
1 28544 28546
1 28598 28600
1 28675 28678
1 28680 28682
1 28704 28706
1 28733 28735
1 28753 28755
1 28767 28769
1 28770 28772
1 28776 28778
1 28787 28789
1 28791 28793
1 28821 28823
1 28850 28854
1 28854 28856
1 28857 28859
1 28881 28883
1 28900 28902
1 28912 28914
1 28936 28938
1 28951 28953
1 28973 28975
1 29016 29018
1 29026 29029
1 29064 29066
1 29159 29161
1 29227 29229
1 29243 29245
1 29252 29255
1 29268 29270
1 29315 29317
1 29326 29328
1 29390 29392
1 29546 29548
1 29575 29577
1 29586 29588
1 29589 29591
1 29689 29691
1 29738 29740
1 29798 29800
1 29813 29815
1 29834 29836
1 29878 29880
1 29890 29892
1 29904 29906
1 29911 29913
1 29945 29947
1 29972 29974
1 29988 29990
1 29993 29995
1 30067 30069
1 30095 30097
1 30124 30126
1 30159 30161
1 30166 30168
1 30202 30204
1 30231 30233
1 30290 30292
1 30304 30306
1 30316 30318
1 30321 30323
1 30323 30325
1 30336 30338
1 30345 30347
1 30360 30362
1 30397 30399
1 30449 30451
1 30452 30454
1 30469 30471
1 30473 30475
1 30484 30486
1 30486 30488
1 30508 30510
1 30530 30532
1 30541 30543
1 30573 30575
1 30661 30663
1 30689 30691
1 30699 30701
1 30718 30720
1 30784 30786
1 30787 30789
1 30806 30808
1 30849 30851
1 30852 30854
1 30873 30875
1 30886 30888
1 30905 30907
1 30921 30923
1 30924 30926
1 30985 30987
1 30990 30992
1 31063 31065
1 31116 31118
1 31130 31132
1 31159 31161
1 31173 31175
1 31212 31214
1 31236 31238
1 31242 31244
1 31250 31252
1 31259 31261
1 31263 31265
1 31269 31271
1 31379 31381
1 31414 31416
1 31449 31451
1 31469 31471
1 31472 31474
1 31480 31482
1 31499 31501
1 31543 31545
1 31564 31566
1 31567 31569
1 31577 31579
1 31630 31632
1 31716 31718
1 31766 31768
1 31823 31825
1 31837 31839
1 31905 31907
1 31915 31917
1 31957 31959
1 31961 31963
1 31979 31982
1 31996 31998
1 32021 32023
1 32028 32030
1 32080 32082
1 32087 32089
1 32098 32100
1 32107 32109
1 32144 32146
1 32183 32185
1 32232 32234
1 32247 32249
1 32259 32261
1 32300 32302
1 32322 32324
1 32332 32334
1 32386 32388
1 32391 32393
1 32404 32406
1 32435 32437
1 32467 32469
1 32491 32493
1 32502 32504
1 32504 32506
1 32578 32580
1 32621 32623
1 32651 32653
1 32696 32698
1 32702 32705
1 32712 32714
1 32747 32749
1 32823 32825
1 32841 32843
1 32861 32863
1 32864 32866
1 32869 32871
1 32872 32874
1 32878 32880
1 32904 32906
1 32907 32909
1 32952 32954
1 32979 32981
1 32985 32987
1 32994 32996
1 33008 33010
1 33112 33114
1 33118 33120
1 33174 33176
1 33176 33178
1 33204 33206
1 33209 33211
1 33214 33216
1 33220 33222
1 33223 33225
1 33250 33252
1 33268 33270
1 33295 33297
1 33337 33339
1 33353 33355
1 33392 33394
1 33400 33402
1 33409 33411
1 33424 33426
1 33431 33433
1 33454 33456
1 33497 33499
1 33558 33560
1 33592 33594
1 33600 33602
1 33604 33606
1 33609 33611
1 33631 33633
1 33637 33639
1 33640 33642
1 33646 33648
1 33653 33655
1 33656 33658
1 33685 33687
1 33690 33692
1 33819 33821
1 33840 33842
1 33868 33870
1 33890 33892
1 33938 33940
1 34126 34128
1 34156 34158
1 34239 34242
1 34289 34291
1 34296 34298
1 34312 34314
1 34319 34321
1 34327 34329
1 34336 34338
1 34347 34349
1 34391 34393
1 34411 34413
1 34442 34444
1 34474 34476
1 34477 34479
1 34498 34500
1 34504 34506
1 34506 34508
1 34523 34525
1 34631 34633
1 34667 34669
1 34674 34676
1 34682 34684
1 34752 34754
1 34816 34818
1 34828 34830
1 34861 34863
1 34905 34907
1 34917 34919
1 34921 34923
1 34926 34928
1 34956 34958
1 34968 34970
1 34993 34995
1 35098 35100
1 35119 35121
1 35125 35127
1 35140 35142
1 35146 35148
1 35193 35196
1 35230 35232
1 35242 35244
1 35261 35263
1 35287 35289
1 35303 35305
1 35307 35309
1 35321 35323
1 35348 35351
1 35451 35454
1 35533 35535
1 35585 35588
1 35652 35654
1 35675 35677
1 35790 35792
1 35823 35825
1 35868 35870
1 35877 35879
1 35902 35904
1 35919 35921
1 35921 35923
1 35963 35965
1 36006 36008
1 36025 36027
1 36036 36038
1 36041 36043
1 36107 36109
1 36113 36115
1 36140 36142
1 36146 36149
1 36189 36191
1 36212 36214
1 36272 36274
1 36375 36377
1 36381 36383
1 36387 36389
1 36395 36397
1 36401 36403
1 36427 36429
1 36477 36479
1 36540 36542
1 36604 36606
1 36616 36618
1 36635 36637
1 36680 36682
1 36696 36698
1 36710 36712
1 36716 36718
1 36722 36724
1 36735 36737
1 36782 36784
1 36789 36791
1 36818 36820
1 36851 36853
1 36899 36901
1 36905 36907
1 36913 36915
1 36916 36918
1 36934 36936
1 36961 36963
1 37000 37002
1 37016 37018
1 37035 37037
1 37098 37100
1 37145 37147
1 37147 37149
1 37188 37190
1 37196 37198
1 37209 37211
1 37325 37327
1 37332 37334
1 37338 37340
1 37341 37343
1 37343 37345
1 37349 37351
1 37351 37353
1 37403 37405
1 37410 37412
1 37413 37415
1 37417 37419
1 37449 37451
1 37462 37464
1 37495 37497
1 37525 37527
1 37539 37541
1 37549 37551
1 37556 37558
1 37646 37648
1 37658 37660
1 37665 37667
1 37684 37686
1 37686 37689
1 37698 37700
1 37746 37748
1 37800 37802
1 37821 37823
1 37825 37827
1 37838 37840
1 37871 37873
1 37896 37898
1 37922 37924
1 37925 37927
1 37951 37953
1 37975 37977
1 37977 37979
1 37984 37986
1 38003 38005
1 38019 38021
1 38035 38037
1 38102 38104
1 38105 38107
1 38112 38114
1 38181 38183
1 38186 38188
1 38244 38246
1 38267 38269
1 38296 38298
1 38300 38302
1 38310 38312
1 38312 38314
1 38357 38359
1 38462 38464
1 38468 38470
1 38490 38492
1 38511 38513
1 38521 38523
1 38523 38525
1 38564 38566
1 38581 38583
1 38598 38600
1 38600 38602
1 38610 38612
1 38655 38657
1 38727 38729
1 38847 38849
1 38866 38868
1 38912 38914
1 38916 38918
1 38932 38934
1 38947 38949
1 38965 38967
1 38998 39000
1 39013 39015
1 39019 39021
1 39102 39104
1 39113 39115
1 39124 39126
1 39134 39136
1 39180 39182
1 39198 39202
1 39215 39217
1 39239 39241
1 39265 39267
1 39291 39293
1 39299 39301
1 39312 39314
1 39355 39357
1 39374 39376
1 39400 39402
1 39406 39408
1 39413 39415
1 39546 39548
1 39585 39587
1 39589 39591
1 39641 39643
1 39666 39668
1 39729 39731
1 39754 39756
1 39768 39770
1 39798 39800
1 39803 39805
1 39892 39894
1 39917 39919
1 39948 39950
1 39966 39968
1 39985 39987
1 40004 40006
1 40064 40066
1 40083 40085
1 40146 40148
1 40165 40167
1 40172 40174
1 40190 40192
1 40192 40194
1 40216 40218
1 40281 40283
1 40337 40339
1 40353 40355
1 40359 40361
1 40369 40371
1 40421 40423
1 40442 40444
1 40453 40455
1 40481 40483
1 40491 40493
1 40512 40514
1 40522 40524
1 40534 40536
1 40547 40549
1 40553 40555
1 40555 40557
1 40583 40585
1 40610 40612
1 40648 40650
1 40670 40673
1 40682 40684
1 40699 40701
1 40711 40713
1 40762 40764
1 40787 40789
1 40808 40810
1 40874 40876
1 40900 40902
1 40924 40926
1 40989 40991
1 40996 40998
1 41057 41059
1 41080 41082
1 41091 41093
1 41119 41121
1 41210 41212
1 41222 41224
1 41227 41229
1 41250 41252
1 41272 41274
1 41325 41328
1 41348 41350
1 41370 41372
1 41387 41389
1 41411 41413
1 41431 41433
1 41533 41535
1 41537 41539
1 41550 41552
1 41558 41560
1 41575 41577
1 41586 41588
1 41592 41595
1 41612 41614
1 41634 41636
1 41654 41656
1 41663 41665
1 41671 41673
1 41681 41683
1 41725 41727
1 41764 41766
1 41782 41784
1 41794 41796
1 41798 41801
1 41899 41901
1 41925 41927
1 41960 41962
1 42001 42003
1 42003 42005
1 42009 42011
1 42020 42022
1 42034 42036
1 42077 42079
1 42133 42135
1 42153 42155
1 42222 42224
1 42235 42238
1 42243 42245
1 42262 42264
1 42296 42298
1 42328 42330
1 42370 42372
1 42396 42398
1 42483 42485
1 42495 42497
1 42507 42509
1 42555 42557
1 42561 42563
1 42563 42565
1 42585 42587
1 42655 42657
1 42666 42668
1 42679 42681
1 42704 42706
1 42716 42718
1 42747 42751
1 42752 42754
1 42815 42817
1 42827 42829
1 42829 42831
1 42839 42841
1 42862 42864
1 42865 42867
1 42889 42891
1 42940 42942
1 42949 42951
1 42960 42963
1 43025 43027
1 43042 43044
1 43050 43052
1 43087 43089
1 43111 43114
1 43134 43136
1 43166 43168
1 43183 43185
1 43185 43188
1 43226 43229
1 43265 43267
1 43272 43274
1 43325 43327
1 43349 43351
1 43405 43407
1 43444 43446
1 43474 43476
1 43495 43497
1 43545 43547
1 43565 43567
1 43580 43582
1 43590 43592
1 43642 43644
1 43686 43688
1 43692 43694
1 43711 43713
1 43724 43727
1 43745 43747
1 43807 43809
1 43817 43819
1 43834 43837
1 43843 43845
1 43851 43853
1 43859 43861
1 43895 43897
1 43923 43925
1 43925 43927
1 43988 43990
1 44072 44074
1 44108 44110
1 44151 44153
1 44167 44169
1 44203 44205
1 44222 44224
1 44224 44226
1 44265 44267
1 44273 44275
1 44286 44288
1 44306 44308
1 44320 44322
1 44425 44427
1 44451 44453
1 44463 44465
1 44467 44469
1 44483 44485
1 44490 44492
1 44503 44505
1 44508 44510
1 44599 44601
1 44602 44604
1 44627 44629
1 44629 44631
1 44642 44644
1 44646 44648
1 44651 44653
1 44653 44655
1 44688 44690
1 44704 44706
1 44835 44837
1 44841 44843
1 44848 44850
1 44897 44899
1 44922 44924
1 44938 44940
1 45005 45007
1 45050 45052
1 45097 45099
1 45108 45110
1 45139 45141
1 45155 45157
1 45161 45164
1 45168 45170
1 45181 45183
1 45209 45211
1 45237 45239
1 45259 45261
1 45262 45264
1 45275 45277
1 45368 45370
1 45370 45372
1 45379 45381
1 45395 45397
1 45431 45433
1 45451 45453
1 45489 45491
1 45499 45501
1 45503 45505
1 45513 45515
1 45549 45551
1 45575 45577
1 45595 45597
1 45632 45634
1 45665 45667
1 45667 45669
1 45717 45719
1 45723 45725
1 45746 45748
1 45773 45775
1 45793 45796
1 45823 45825
1 45846 45848
1 45889 45891
1 45903 45905
1 45915 45917
1 45918 45920
1 45921 45923
1 45930 45932
1 45984 45986
1 46054 46056
1 46063 46065
1 46107 46109
1 46171 46173
1 46173 46175
1 46192 46194
1 46220 46222
1 46240 46242
1 46248 46250
1 46310 46313
1 46370 46372
1 46411 46414
1 46430 46432
1 46478 46480
1 46494 46496
1 46507 46509
1 46512 46514
1 46530 46532
1 46561 46563
1 46585 46587
1 46596 46598
1 46658 46660
1 46681 46683
1 46686 46688
1 46695 46697
1 46720 46722
1 46767 46769
1 46784 46786
1 46796 46798
1 46844 46846
1 46846 46848
1 46853 46855
1 46865 46867
1 46936 46938
1 46942 46944
1 46950 46952
1 46989 46991
1 47079 47081
1 47085 47087
1 47161 47163
1 47195 47197
1 47217 47219
1 47225 47227
1 47276 47278
1 47288 47290
1 47373 47375
1 47414 47416
1 47425 47427
1 47436 47438
1 47446 47448
1 47525 47527
1 47563 47565
1 47566 47568
1 47627 47629
1 47647 47649
1 47663 47665
1 47680 47682
1 47693 47695
1 47727 47729
1 47821 47823
1 47828 47830
1 47837 47840
1 47859 47861
1 47910 47912
1 47932 47934
1 48010 48012
1 48034 48036
1 48043 48045
1 48048 48050
1 48061 48063
1 48063 48065
1 48082 48084
1 48096 48098
1 48179 48181
1 48208 48210
1 48219 48221
1 48278 48280
1 48283 48285
1 48313 48315
1 48320 48322
1 48328 48330
1 48353 48355
1 48361 48363
1 48376 48378
1 48396 48400
1 48400 48402
1 48413 48415
1 48438 48440
1 48463 48465
1 48472 48474
1 48478 48480
1 48512 48514
1 48557 48559
1 48561 48563
1 48643 48646
1 48703 48705
1 48743 48745
1 48762 48764
1 48817 48819
1 48893 48895
1 48901 48903
1 48935 48937
1 48963 48965
1 49014 49016
1 49070 49072
1 49081 49083
1 49100 49102
1 49159 49161
1 49165 49167
1 49237 49239
1 49284 49286
1 49286 49288
1 49298 49301
1 49352 49354
1 49381 49383
1 49414 49416
1 49469 49471
1 49485 49487
1 49490 49492
1 49495 49497
1 49540 49542
1 49543 49545
1 49555 49557
1 49581 49583
1 49629 49631
1 49635 49637
1 49638 49640
1 49668 49670
1 49703 49705
1 49725 49727
1 49734 49736
1 49765 49767
1 49772 49774
1 49787 49789
1 49794 49796
1 49804 49806
1 49884 49886
1 49890 49892
1 49954 49956
1 50020 50022
1 50032 50034
1 50036 50038
1 50091 50093
1 50094 50096
1 50119 50121
1 50173 50175
1 50179 50181
1 50181 50183
1 50186 50188
1 50192 50194
1 50441 50443
1 50448 50450
1 50455 50457
1 50460 50462
1 50472 50474
1 50493 50495
1 50571 50573
1 50607 50609
1 50613 50615
1 50627 50629
1 50634 50636
1 50636 50638
1 50689 50691
1 50715 50717
1 50717 50719
1 50750 50752
1 50766 50768
1 50784 50786
1 50787 50789
1 50821 50823
1 50828 50830
1 50852 50854
1 50854 50856
1 50882 50884
1 50905 50907
1 50911 50913
1 50917 50919
1 50966 50968
1 50972 50974
1 50974 50976
1 50981 50983
1 50987 50989
1 51027 51029
1 51058 51060
1 51240 51242
1 51284 51286
1 51292 51294
1 51295 51297
1 51309 51311
1 51397 51399
1 51413 51415
1 51450 51452
1 51473 51475
1 51528 51530
1 51532 51534
1 51559 51561
1 51598 51600
1 51635 51637
1 51667 51669
1 51716 51718
1 51743 51745
1 51763 51765
1 51802 51804
1 51853 51855
1 51897 51900
1 51982 51984
1 51998 52000
1 52009 52011
1 52014 52016
1 52025 52028
1 52044 52046
1 52160 52162
1 52165 52167
1 52189 52191
1 52286 52288
1 52291 52293
1 52302 52304
1 52330 52332
1 52340 52342
1 52356 52358
1 52365 52367
1 52394 52397
1 52404 52406
1 52407 52409
1 52412 52414
1 52430 52432
1 52452 52454
1 52465 52467
1 52471 52473
1 52545 52547
1 52565 52567
1 52582 52584
1 52641 52643
1 52645 52647
1 52707 52709
1 52717 52719
1 52734 52736
1 52777 52779
1 52904 52906
1 52982 52984
1 53009 53011
1 53024 53026
1 53073 53075
1 53080 53082
1 53103 53106
1 53219 53221
1 53301 53303
1 53314 53317
1 53324 53326
1 53328 53330
1 53336 53338
1 53360 53362
1 53419 53421
1 53422 53424
1 53483 53485
1 53485 53487
1 53497 53499
1 53505 53507
1 53583 53585
1 53587 53589
1 53634 53636
1 53651 53653
1 53662 53664
1 53685 53687
1 53705 53707
1 53716 53718
1 53725 53727
1 53749 53751
1 53820 53822
1 53822 53824
1 53834 53836
1 53849 53851
1 53924 53926
1 53937 53939
1 53942 53944
1 53957 53959
1 53980 53982
1 54029 54031
1 54048 54050
1 54158 54160
1 54186 54188
1 54200 54202
1 54226 54228
1 54266 54268
1 54308 54310
1 54333 54335
1 54380 54383
1 54405 54407
1 54426 54428
1 54451 54453
1 54467 54469
1 54521 54523
1 54551 54553
1 54591 54593
1 54672 54674
1 54693 54695
1 54710 54712
1 54712 54714
1 54714 54716
1 54721 54723
1 54761 54763
1 54768 54770
1 54787 54789
1 54932 54934
1 54952 54954
1 54962 54964
1 54970 54972
1 55033 55035
1 55039 55041
1 55087 55089
1 55139 55141
1 55194 55196
1 55210 55212
1 55252 55254
1 55260 55262
1 55296 55298
1 55302 55304
1 55316 55318
1 55343 55345
1 55350 55352
1 55354 55356
1 55391 55393
1 55462 55464
1 55467 55469
1 55478 55480
1 55497 55499
1 55520 55522
1 55545 55547
1 55617 55619
1 55626 55628
1 55640 55642
1 55746 55748
1 55750 55752
1 55762 55764
1 55768 55770
1 55778 55780
1 55787 55789
1 55789 55792
1 55820 55822
1 55824 55826
1 55889 55891
1 55914 55916
1 55920 55922
1 56025 56027
1 56057 56059
1 56064 56066
1 56076 56078
1 56104 56107
1 56117 56119
1 56144 56146
1 56258 56260
1 56316 56318
1 56327 56329
1 56342 56344
1 56349 56351
1 56360 56362
1 56378 56380
1 56384 56386
1 56392 56394
1 56394 56396
1 56454 56456
1 56486 56488
1 56492 56494
1 56501 56503
1 56510 56512
1 56534 56536
1 56570 56572
1 56594 56596
1 56603 56605
1 56612 56614
1 56629 56631
1 56643 56645
1 56682 56684
1 56713 56715
1 56716 56718
1 56736 56738
1 56771 56773
1 56781 56783
1 56911 56913
1 56928 56930
1 56930 56932
1 56950 56952
1 56970 56972
1 57009 57011
1 57021 57023
1 57155 57157
1 57176 57178
1 57221 57223
1 57244 57246
1 57347 57349
1 57366 57368
1 57392 57394
1 57449 57451
1 57458 57460
1 57493 57495
1 57523 57525
1 57548 57550
1 57551 57553
1 57639 57641
1 57643 57645
1 57656 57658
1 57669 57671
1 57686 57688
1 57741 57743
1 57750 57752
1 57764 57766
1 57842 57844
1 57844 57846
1 57863 57865
1 57865 57867
1 57950 57952
1 57998 58000
1 58014 58016
1 58031 58033
1 58123 58125
1 58130 58132
1 58157 58159
1 58166 58168
1 58177 58179
1 58190 58192
1 58271 58273
1 58276 58278
1 58316 58318
1 58400 58402
1 58495 58497
1 58527 58529
1 58565 58567
1 58570 58572
1 58588 58590
1 58598 58600
1 58600 58602
1 58606 58608
1 58627 58629
1 58641 58643
1 58651 58653
1 58686 58688
1 58764 58766
1 58777 58779
1 58799 58801
1 58803 58805
1 58824 58826
1 58828 58830
1 58840 58842
1 58854 58856
1 58893 58895
1 58929 58931
1 58946 58948
1 58950 58952
1 58952 58954
1 58961 58963
1 58975 58977
1 58978 58980
1 58981 58983
1 59109 59112
1 59150 59152
1 59155 59157
1 59255 59257
1 59272 59274
1 59274 59276
1 59289 59291
1 59292 59294
1 59299 59301
1 59309 59311
1 59355 59357
1 59388 59390
1 59391 59393
1 59430 59432
1 59449 59451
1 59455 59457
1 59466 59468
1 59481 59483
1 59528 59530
1 59599 59601
1 59609 59611
1 59636 59638
1 59679 59681
1 59733 59735
1 59738 59740
1 59759 59761
1 59926 59928
1 60029 60031
1 60044 60047
1 60070 60072
1 60099 60101
1 60122 60124
1 60130 60132
1 60174 60176
1 60236 60238
1 60246 60248
1 60248 60250
1 60291 60293
1 60302 60304
1 60316 60318
1 60331 60333
1 60357 60359
1 60360 60362
1 60452 60454
1 60456 60458
1 60483 60485
1 60489 60491
1 60495 60497
1 60509 60511
1 60515 60517
1 60535 60537
1 60544 60546
1 60563 60565
1 60566 60568
1 60581 60583
1 60612 60614
1 60616 60618
1 60642 60644
1 60677 60679
1 60716 60718
1 60739 60741
1 60755 60757
1 60765 60767
1 60773 60775
1 60781 60783
1 60814 60816
1 60846 60848
1 60860 60862
1 60875 60877
1 60883 60885
1 60886 60888
1 60894 60896
1 60906 60908
1 60908 60910
1 60932 60934
1 60936 60938
1 60954 60956
1 60959 60961
1 60961 60963
1 60974 60976
1 60978 60980
1 60990 60992
1 61000 61002
1 61085 61087
1 61097 61099
1 61133 61135
1 61221 61223
1 61250 61252
1 61262 61264
1 61274 61276
1 61287 61289
1 61323 61325
1 61421 61423
1 61445 61447
1 61487 61489
1 61498 61500
1 61507 61509
1 61534 61536
1 61547 61549
1 61554 61556
1 61596 61598
1 61629 61631
1 61664 61666
1 61704 61706
1 61713 61715
1 61731 61733
1 61734 61736
1 61768 61770
1 61790 61792
1 61813 61815
1 61826 61828
1 61860 61862
1 61863 61865
1 61877 61879
1 61879 61881
1 61912 61914
1 61943 61945
1 61974 61976
1 62008 62010
1 62026 62028
1 62100 62102
1 62106 62108
1 62142 62144
1 62145 62147
1 62263 62265
1 62270 62272
1 62275 62277
1 62284 62286
1 62305 62307
1 62312 62314
1 62327 62329
1 62339 62341
1 62377 62379
1 62404 62406
1 62443 62445
1 62452 62454
1 62489 62491
1 62559 62561
1 62566 62568
1 62594 62596
1 62611 62613
1 62667 62669
1 62689 62691
1 62699 62701
1 62732 62734
1 62744 62747
1 62862 62864
1 62864 62866
1 62883 62885
1 62921 62923
1 62928 62930
1 63015 63017
1 63068 63070
1 63103 63106
1 63136 63138
1 63187 63189
1 63190 63192
1 63220 63222
1 63230 63232
1 63245 63247
1 63257 63260
1 63262 63264
1 63284 63286
1 63293 63296
1 63308 63310
1 63336 63338
1 63347 63349
1 63363 63365
1 63397 63399
1 63446 63448
1 63501 63503
1 63511 63513
1 63513 63515
1 63544 63546
1 63586 63588
1 63598 63600
1 63603 63606
1 63616 63618
1 63628 63630
1 63632 63634
1 63690 63692
1 63724 63726
1 63747 63749
1 63760 63762
1 63815 63817
1 63838 63840
1 63856 63858
1 63861 63863
1 63879 63881
1 63881 63883
1 63922 63924
1 63948 63950
1 64043 64045
1 64074 64076
1 64131 64133
1 64164 64166
1 64177 64179
1 64190 64192
1 64263 64265
1 64286 64288
1 64322 64324
1 64367 64369
1 64434 64436
1 64444 64446
1 64448 64450
1 64492 64494
1 64520 64522
1 64522 64524
1 64537 64539
1 64556 64559
1 64572 64574
1 64595 64597
1 64600 64602
1 64734 64736
1 64736 64738
1 64757 64759
1 64796 64798
1 64838 64840
1 64840 64842
1 64882 64884
1 64894 64896
1 64898 64900
1 64913 64915
1 64926 64928
1 64935 64937
1 64943 64945
1 65031 65033
1 65121 65123
1 65136 65138
1 65159 65161
1 65216 65218
1 65219 65221
1 65222 65224
1 65231 65233
1 65261 65264
1 65269 65271
1 65354 65356
1 65482 65484
1 65492 65494
1 65506 65508
1 65510 65512
1 65518 65520
1 65524 65526
1 65574 65576
1 65596 65598
1 65604 65606
1 65667 65669
1 65692 65694
1 65716 65719
1 65826 65828
1 65829 65832
1 65846 65848
1 65936 65938
1 65951 65953
1 65980 65982
1 65996 65998
1 66037 66039
1 66062 66064
1 66101 66103
1 66141 66143
1 66191 66193
1 66216 66218
1 66252 66254
1 66265 66267
1 66269 66271
1 66325 66328
1 66379 66382
1 66434 66436
1 66458 66460
1 66460 66462
1 66486 66488
1 66566 66568
1 66668 66670
1 66673 66675
1 66678 66680
1 66705 66707
1 66708 66710
1 66740 66742
1 66780 66782
1 66798 66800
1 66802 66804
1 66810 66812
1 66867 66869
1 66869 66871
1 66872 66875
1 66902 66904
1 66923 66925
1 66979 66981
1 66981 66984
1 66991 66993
1 67011 67013
1 67080 67082
1 67083 67085
1 67100 67102
1 67117 67119
1 67122 67124
1 67198 67200
1 67232 67234
1 67272 67274
1 67343 67345
1 67360 67362
1 67372 67374
1 67378 67380
1 67387 67389
1 67427 67429
1 67452 67454
1 67471 67473
1 67475 67477
1 67479 67481
1 67501 67503
1 67513 67515
1 67536 67538
1 67565 67567
1 67580 67582
1 67618 67621
1 67662 67664
1 67679 67681
1 67729 67731
1 67786 67788
1 67810 67812
1 67830 67832
1 67853 67855
1 67886 67888
1 67893 67895
1 67927 67929
1 67946 67948
1 67950 67952
1 67955 67957
1 67960 67962
1 68019 68021
1 68024 68026
1 68026 68028
1 68047 68049
1 68139 68141
1 68245 68247
1 68274 68276
1 68292 68294
1 68313 68315
1 68332 68334
1 68338 68340
1 68380 68383
1 68521 68523
1 68537 68539
1 68571 68573
1 68579 68581
1 68585 68587
1 68589 68591
1 68605 68607
1 68643 68645
1 68652 68654
1 68662 68664
1 68675 68677
1 68698 68700
1 68719 68721
1 68757 68759
1 68761 68763
1 68770 68772
1 68831 68833
1 68858 68860
1 68890 68892
1 68897 68899
1 68925 68927
1 68989 68991
1 68991 68993
1 69022 69024
1 69056 69058
1 69062 69064
1 69068 69070
1 69118 69120
1 69127 69129
1 69143 69145
1 69155 69157
1 69160 69162
1 69188 69190
1 69308 69310
1 69312 69314
1 69319 69321
1 69366 69368
1 69384 69386
1 69427 69429
1 69429 69431
1 69441 69443
1 69450 69452
1 69471 69473
1 69489 69491
1 69496 69498
1 69499 69501
1 69521 69523
1 69533 69535
1 69542 69544
1 69549 69551
1 69584 69586
1 69590 69592
1 69605 69607
1 69618 69620
1 69668 69670
1 69688 69691
1 69691 69693
1 69719 69721
1 69735 69737
1 69742 69744
1 69770 69772
1 69778 69780
1 69854 69856
1 69865 69867
1 69869 69871
1 69906 69908
1 69983 69985
1 69996 69998
1 70024 70026
1 70081 70083
1 70096 70098
1 70111 70113
1 70114 70116
1 70261 70264
1 70275 70277
1 70315 70317
1 70336 70338
1 70364 70366
1 70371 70373
1 70390 70392
1 70413 70415
1 70447 70449
1 70455 70457
1 70465 70467
1 70468 70470
1 70472 70474
1 70474 70476
1 70485 70487
1 70487 70489
1 70493 70496
1 70514 70516
1 70593 70595
1 70631 70633
1 70658 70660
1 70703 70705
1 70734 70736
1 70742 70744
1 70778 70780
1 70806 70808
1 70811 70813
1 70827 70829
1 70831 70833
1 70864 70866
1 70892 70894
1 70908 70910
1 70926 70928
1 70945 70947
1 70969 70971
1 71063 71065
1 71067 71069
1 71097 71099
1 71099 71101
1 71129 71131
1 71153 71155
1 71160 71162
1 71173 71175
1 71198 71200
1 71200 71202
1 71209 71211
1 71232 71234
1 71250 71252
1 71261 71263
1 71273 71275
1 71285 71287
1 71290 71292
1 71377 71379
1 71385 71387
1 71432 71434
1 71442 71444
1 71481 71483
1 71504 71506
1 71527 71529
1 71568 71570
1 71585 71587
1 71587 71589
1 71590 71592
1 71596 71598
1 71656 71658
1 71685 71687
1 71699 71701
1 71717 71719
1 71732 71734
1 71753 71755
1 71775 71777
1 71796 71798
1 71832 71834
1 71952 71954
1 71959 71961
1 71995 71997
1 72013 72015
1 72139 72141
1 72147 72149
1 72150 72152
1 72180 72182
1 72206 72208
1 72218 72220
1 72234 72236
1 72292 72294
1 72316 72319
1 72325 72327
1 72346 72348
1 72361 72364
1 72378 72380
1 72401 72403
1 72419 72421
1 72552 72554
1 72571 72573
1 72594 72596
1 72622 72624
1 72639 72641
1 72677 72680
1 72690 72692
1 72701 72703
1 72714 72716
1 72794 72796
1 72803 72805
1 72811 72813
1 72822 72824
1 72856 72858
1 72874 72876
1 72944 72946
1 72956 72958
1 72973 72975
1 73007 73009
1 73014 73016
1 73069 73071
1 73098 73100
1 73138 73140
1 73164 73166
1 73194 73196
1 73205 73207
1 73209 73211
1 73295 73297
1 73329 73331
1 73355 73357
1 73385 73387
1 73388 73390
1 73400 73402
1 73446 73448
1 73463 73465
1 73490 73492
1 73505 73507
1 73516 73518
1 73519 73521
1 73530 73532
1 73569 73571
1 73578 73580
1 73674 73676
1 73676 73678
1 73752 73754
1 73763 73765
1 73770 73772
1 73778 73780
1 73913 73916
1 73940 73943
1 73984 73986
1 73994 73996
1 74011 74013
1 74061 74063
1 74147 74149
1 74152 74154
1 74193 74195
1 74201 74203
1 74211 74213
1 74215 74217
1 74232 74234
1 74251 74253
1 74281 74283
1 74318 74320
1 74325 74327
1 74339 74341
1 74344 74346
1 74358 74360
1 74392 74394
1 74468 74470
1 74505 74507
1 74516 74518
1 74538 74540
1 74557 74559
1 74562 74564
1 74573 74575
1 74607 74609
1 74621 74623
1 74671 74673
1 74732 74734
1 74796 74798
1 74808 74810
1 74873 74875
1 74881 74883
1 74910 74912
1 74916 74918
1 74936 74939
1 74946 74948
1 74948 74950
1 74956 74958
1 74960 74962
1 74987 74989
1 75013 75015
1 75021 75023
1 75026 75028
1 75028 75031
1 75055 75057
1 75078 75080
1 75089 75091
1 75140 75142
1 75187 75189
1 75255 75257
1 75273 75275
1 75277 75279
1 75316 75318
1 75347 75349
1 75443 75445
1 75455 75457
1 75509 75511
1 75511 75513
1 75531 75533
1 75559 75561
1 75577 75579
1 75600 75602
1 75644 75646
1 75672 75674
1 75674 75676
1 75681 75683
1 75712 75714
1 75722 75724
1 75730 75732
1 75761 75763
1 75780 75782
1 75813 75815
1 75820 75822
1 75831 75834
1 75903 75905
1 75917 75919
1 75923 75925
1 75954 75956
1 75959 75961
1 75978 75980
1 76045 76047
1 76116 76118
1 76123 76125
1 76154 76156
1 76168 76170
1 76173 76175
1 76194 76196
1 76213 76215
1 76284 76286
1 76354 76356
1 76388 76390
1 76393 76395
1 76430 76432
1 76543 76545
1 76590 76592
1 76616 76618
1 76627 76629
1 76636 76638
1 76655 76657
1 76677 76679
1 76684 76686
1 76693 76695
1 76702 76704
1 76722 76724
1 76745 76747
1 76751 76753
1 76772 76774
1 76800 76802
1 76807 76809
1 76815 76817
1 76827 76829
1 76839 76841
1 76879 76881
1 76941 76943
1 76979 76982
1 77010 77012
1 77031 77033
1 77049 77051
1 77051 77053
1 77064 77066
1 77084 77086
1 77089 77091
1 77138 77140
1 77161 77163
1 77175 77177
1 77195 77197
1 77230 77232
1 77233 77235
1 77241 77243
1 77247 77249
1 77274 77276
1 77294 77296
1 77316 77318
1 77374 77376
1 77378 77380
1 77380 77382
1 77401 77403
1 77430 77432
1 77452 77454
1 77459 77461
1 77474 77476
1 77525 77527
1 77565 77567
1 77595 77597
1 77606 77608
1 77615 77617
1 77630 77632
1 77657 77659
1 77707 77709
1 77777 77779
1 77798 77800
1 77829 77831
1 77850 77852
1 77854 77856
1 77856 77858
1 77864 77866
1 77872 77874
1 77893 77895
1 77937 77939
1 77953 77955
1 77961 77963
1 77991 77993
1 78039 78041
1 78051 78053
1 78074 78076
1 78079 78081
1 78121 78123
1 78129 78131
1 78136 78138
1 78142 78144
1 78145 78147
1 78203 78205
1 78225 78227
1 78247 78249
1 78257 78259
1 78299 78301
1 78309 78311
1 78335 78338
1 78386 78388
1 78418 78420
1 78422 78424
1 78485 78487
1 78537 78539
1 78569 78571
1 78586 78588
1 78588 78590
1 78604 78606
1 78646 78648
1 78653 78655
1 78698 78700
1 78708 78710
1 78786 78788
1 78802 78804
1 78854 78856
1 78926 78928
1 78935 78937
1 78982 78984
1 79009 79011
1 79013 79015
1 79026 79028
1 79043 79045
1 79105 79107
1 79115 79117
1 79161 79163
1 79176 79178
1 79191 79193
1 79218 79220
1 79220 79222
1 79252 79254
1 79319 79321
1 79381 79383
1 79404 79406
1 79459 79461
1 79485 79487
1 79501 79503
1 79516 79518
1 79519 79521
1 79521 79523
1 79524 79526
1 79560 79563
1 79598 79600
1 79638 79640
1 79659 79661
1 79680 79682
1 79682 79684
1 79715 79718
1 79744 79746
1 79751 79753
1 79760 79762
1 79773 79775
1 79799 79801
1 79883 79885
1 79900 79903
1 79960 79962
1 79981 79983
1 79984 79986
1 79990 79992
1 80015 80017
1 80038 80040
1 80050 80052
1 80095 80097
1 80140 80142
1 80164 80166
1 80166 80168
1 80215 80217
1 80259 80261
1 80263 80265
1 80269 80271
1 80319 80321
1 80343 80345
1 80363 80365
1 80365 80367
1 80386 80388
1 80405 80407
1 80440 80442
1 80459 80461
1 80465 80467
1 80489 80491
1 80496 80498
1 80504 80506
1 80538 80540
1 80632 80634
1 80648 80650
1 80653 80655
1 80663 80666
1 80723 80725
1 80760 80762
1 80782 80784
1 80787 80789
1 80797 80799
1 80817 80819
1 80827 80829
1 80873 80875
1 80921 80923
1 80936 80938
1 80945 80947
1 80957 80959
1 80966 80968
1 80978 80980
1 80999 81001
1 81125 81127
1 81130 81132
1 81166 81168
1 81222 81224
1 81239 81242
1 81277 81279
1 81285 81287
1 81288 81290
1 81317 81319
1 81342 81344
1 81358 81360
1 81367 81369
1 81397 81399
1 81405 81407
1 81412 81414
1 81436 81438
1 81444 81446
1 81480 81482
1 81502 81504
1 81515 81517
1 81553 81555
1 81570 81572
1 81581 81583
1 81638 81640
1 81675 81677
1 81714 81716
1 81765 81767
1 81785 81787
1 81811 81813
1 81859 81861
1 81865 81867
1 81903 81905
1 81945 81947
1 81969 81971
1 81973 81975
1 82043 82045
1 82047 82049
1 82096 82098
1 82145 82147
1 82171 82173
1 82214 82216
1 82242 82244
1 82244 82246
1 82262 82264
1 82269 82271
1 82275 82277
1 82296 82298
1 82348 82350
1 82367 82369
1 82398 82400
1 82456 82458
1 82497 82499
1 82500 82502
1 82510 82512
1 82518 82520
1 82573 82575
1 82595 82597
1 82672 82674
1 82692 82694
1 82734 82736
1 82785 82787
1 82793 82795
1 82816 82818
1 82842 82844
1 82876 82878
1 82970 82972
1 82998 83000
1 83019 83022
1 83098 83100
1 83111 83113
1 83118 83120
1 83129 83131
1 83141 83143
1 83143 83145
1 83155 83157
1 83184 83186
1 83236 83238
1 83250 83253
1 83264 83266
1 83291 83293
1 83300 83302
1 83329 83331
1 83332 83334
1 83410 83412
1 83421 83423
1 83471 83473
1 83484 83486
1 83509 83511
1 83547 83549
1 83569 83571
1 83579 83581
1 83616 83618
1 83625 83627
1 83645 83647
1 83662 83664
1 83664 83666
1 83672 83674
1 83695 83697
1 83726 83728
1 83732 83734
1 83774 83776
1 83776 83778
1 83853 83855
1 83855 83857
1 83879 83881
1 83937 83939
1 83981 83983
1 83997 83999
1 84002 84005
1 84016 84019
1 84041 84043
1 84063 84065
1 84065 84067
1 84086 84088
1 84111 84113
1 84136 84138
1 84141 84143
1 84179 84181
1 84181 84183
1 84203 84205
1 84220 84222
1 84232 84234
1 84266 84268
1 84309 84311
1 84347 84349
1 84367 84369
1 84469 84471
1 84509 84511
1 84577 84580
1 84619 84621
1 84623 84625
1 84686 84688
1 84736 84738
1 84793 84795
1 84829 84831
1 84841 84843
1 84902 84904
1 84938 84940
1 84962 84964
1 84969 84971
1 84973 84975
1 85011 85013
1 85015 85017
1 85075 85077
1 85127 85129
1 85171 85173
1 85176 85178
1 85211 85213
1 85225 85227
1 85228 85230
1 85261 85263
1 85291 85293
1 85331 85333
1 85342 85344
1 85391 85393
1 85540 85542
1 85558 85560
1 85569 85571
1 85601 85603
1 85617 85619
1 85683 85685
1 85707 85709
1 85748 85750
1 85795 85798
1 85837 85839
1 85873 85875
1 85891 85893
1 85905 85907
1 85915 85917
1 85921 85923
1 85944 85946
1 85977 85979
1 86013 86015
1 86024 86026
1 86042 86044
1 86055 86057
1 86131 86133
1 86135 86137
1 86165 86167
1 86176 86178
1 86209 86211
1 86214 86216
1 86224 86226
1 86227 86229
1 86244 86246
1 86255 86257
1 86257 86259
1 86280 86282
1 86373 86375
1 86376 86378
1 86425 86427
1 86435 86437
1 86437 86440
1 86461 86463
1 86495 86497
1 86604 86606
1 86645 86647
1 86650 86652
1 86662 86664
1 86680 86682
1 86690 86692
1 86696 86699
1 86699 86701
1 86734 86736
1 86759 86762
1 86765 86767
1 86815 86817
1 87056 87058
1 87094 87096
1 87109 87111
1 87126 87128
1 87144 87146
1 87175 87177
1 87199 87201
1 87220 87222
1 87222 87224
1 87286 87288
1 87311 87313
1 87321 87323
1 87332 87334
1 87365 87367
1 87384 87387
1 87402 87404
1 87404 87406
1 87446 87448
1 87463 87466
1 87469 87471
1 87481 87483
1 87516 87518
1 87522 87524
1 87541 87543
1 87551 87553
1 87565 87567
1 87572 87574
1 87576 87578
1 87611 87613
1 87622 87624
1 87639 87641
1 87645 87647
1 87658 87660
1 87707 87709
1 87724 87726
1 87742 87744
1 87756 87758
1 87765 87767
1 87767 87769
1 87779 87781
1 87784 87786
1 87817 87819
1 87855 87857
1 87882 87884
1 87906 87908
1 87915 87917
1 87925 87927
1 87997 87999
1 88002 88004
1 88027 88029
1 88048 88050
1 88073 88075
1 88089 88091
1 88113 88115
1 88136 88139
1 88194 88196
1 88216 88218
1 88240 88242
1 88270 88272
1 88276 88278
1 88305 88307
1 88361 88363
1 88461 88463
1 88469 88471
1 88490 88492
1 88501 88503
1 88514 88516
1 88526 88528
1 88529 88531
1 88572 88574
1 88584 88586
1 88655 88657
1 88690 88693
1 88731 88733
1 88796 88798
1 88846 88848
1 88853 88855
1 88904 88906
1 88939 88941
1 88941 88943
1 88944 88946
1 88973 88975
1 88986 88988
1 88993 88995
1 89078 89080
1 89085 89087
1 89110 89112
1 89136 89138
1 89141 89143
1 89144 89146
1 89181 89183
1 89191 89194
1 89231 89233
1 89248 89250
1 89260 89262
1 89328 89330
1 89341 89343
1 89381 89383
1 89446 89448
1 89472 89474
1 89482 89484
1 89495 89497
1 89507 89509
1 89544 89546
1 89563 89565
1 89594 89596
1 89615 89617
1 89638 89640
1 89649 89651
1 89682 89684
1 89698 89700
1 89720 89722
1 89782 89784
1 89784 89786
1 89835 89837
1 89845 89847
1 89901 89903
1 89909 89911
1 89914 89916
1 89926 89928
1 89963 89965
1 89965 89967
1 89976 89978
1 89986 89988
1 89988 89990
1 89991 89993
1 89995 89997
1 90109 90111
1 90128 90130
1 90151 90153
1 90164 90166
1 90190 90192
1 90201 90203
1 90260 90262
1 90265 90267
1 90332 90334
1 90340 90342
1 90345 90347
1 90411 90413
1 90420 90422
1 90448 90450
1 90589 90591
1 90616 90618
1 90623 90625
1 90663 90665
1 90667 90669
1 90685 90687
1 90703 90705
1 90760 90762
1 90768 90770
1 90787 90789
1 90804 90806
1 90811 90813
1 90820 90822
1 90848 90850
1 90858 90860
1 90867 90870
1 90903 90905
1 90919 90921
1 90934 90936
1 90941 90943
1 90953 90955
1 90960 90962
1 90983 90985
1 90997 90999
1 91004 91006
1 91008 91011
1 91050 91052
1 91053 91055
1 91068 91070
1 91086 91088
1 91121 91123
1 91144 91146
1 91146 91148
1 91159 91162
1 91176 91178
1 91181 91183
1 91243 91245
1 91253 91255
1 91260 91262
1 91320 91322
1 91325 91327
1 91344 91346
1 91363 91365
1 91391 91393
1 91396 91398
1 91411 91413
1 91430 91432
1 91459 91461
1 91480 91482
1 91483 91485
1 91486 91488
1 91513 91515
1 91536 91538
1 91603 91605
1 91681 91684
1 91691 91693
1 91693 91695
1 91749 91751
1 91762 91764
1 91786 91788
1 91796 91798
1 91812 91814
1 91857 91859
1 91876 91878
1 91883 91885
1 91908 91910
1 91912 91914
1 91936 91938
1 91938 91940
1 91941 91943
1 91954 91956
1 91965 91967
1 92005 92007
1 92018 92020
1 92039 92041
1 92058 92060
1 92074 92076
1 92104 92106
1 92121 92123
1 92136 92138
1 92181 92183
1 92235 92237
1 92252 92254
1 92318 92320
1 92320 92322
1 92325 92327
1 92381 92383
1 92443 92445
1 92472 92474
1 92495 92497
1 92543 92545
1 92550 92552
1 92553 92556
1 92566 92568
1 92572 92574
1 92576 92578
1 92614 92616
1 92655 92657
1 92666 92668
1 92698 92700
1 92728 92730
1 92760 92763
1 92766 92768
1 92783 92785
1 92806 92808
1 92826 92828
1 92846 92848
1 92864 92866
1 92896 92898
1 92935 92937
1 92962 92964
1 93038 93040
1 93041 93043
1 93060 93062
1 93084 93086
1 93121 93123
1 93253 93255
1 93279 93281
1 93330 93332
1 93369 93371
1 93380 93382
1 93401 93403
1 93462 93464
1 93554 93556
1 93560 93562
1 93568 93570
1 93589 93591
1 93668 93670
1 93699 93701
1 93718 93720
1 93738 93740
1 93755 93757
1 93758 93760
1 93891 93893
1 93899 93901
1 93903 93905
1 93913 93915
1 93917 93919
1 93958 93960
1 94004 94006
1 94039 94041
1 94065 94067
1 94077 94079
1 94096 94098
1 94099 94101
1 94177 94179
1 94182 94184
1 94214 94216
1 94238 94240
1 94244 94246
1 94247 94250
1 94259 94261
1 94277 94279
1 94302 94304
1 94336 94338
1 94356 94358
1 94364 94366
1 94404 94406
1 94406 94408
1 94408 94410
1 94438 94440
1 94457 94459
1 94459 94461
1 94515 94517
1 94524 94526
1 94569 94571
1 94576 94578
1 94585 94587
1 94641 94643
1 94645 94647
1 94652 94654
1 94663 94665
1 94677 94679
1 94680 94682
1 94714 94716
1 94766 94768
1 94768 94770
1 94860 94862
1 94882 94884
1 94940 94942
1 94944 94946
1 94956 94958
1 94970 94972
1 94984 94987
1 94995 94997
1 95033 95035
1 95084 95086
1 95097 95099
1 95131 95133
1 95236 95238
1 95296 95298
1 95309 95311
1 95318 95320
1 95326 95328
1 95328 95330
1 95368 95370
1 95385 95387
1 95396 95398
1 95481 95483
1 95504 95506
1 95569 95572
1 95605 95607
1 95623 95625
1 95655 95657
1 95666 95668
1 95669 95671
1 95713 95715
1 95729 95731
1 95756 95758
1 95758 95760
1 95783 95785
1 95786 95788
1 95884 95887
1 95891 95893
1 95915 95917
1 95948 95951
1 95952 95954
1 95954 95956
1 95958 95960
1 95976 95978
1 96056 96058
1 96069 96071
1 96089 96092
1 96126 96128
1 96162 96164
1 96193 96195
1 96200 96202
1 96208 96210
1 96296 96298
1 96334 96336
1 96338 96340
1 96341 96343
1 96347 96349
1 96366 96368
1 96424 96426
1 96441 96443
1 96449 96451
1 96469 96471
1 96486 96488
1 96502 96504
1 96510 96512
1 96513 96515
1 96533 96535
1 96536 96538
1 96551 96553
1 96565 96567
1 96594 96596
1 96620 96622
1 96637 96639
1 96664 96666
1 96669 96671
1 96694 96696
1 96706 96708
1 96772 96774
1 96793 96795
1 96796 96798
1 96815 96817
1 96819 96821
1 96835 96837
1 96935 96937
1 96961 96963
1 96965 96967
1 97056 97058
1 97087 97089
1 97098 97100
1 97101 97103
1 97112 97114
1 97135 97137
1 97165 97167
1 97187 97189
1 97191 97193
1 97202 97204
1 97254 97256
1 97272 97274
1 97293 97295
1 97300 97302
1 97313 97315
1 97334 97336
1 97382 97384
1 97440 97442
1 97449 97451
1 97459 97461
1 97462 97464
1 97491 97493
1 97510 97512
1 97530 97532
1 97544 97546
1 97578 97580
1 97586 97588
1 97589 97591
1 97616 97619
1 97634 97636
1 97639 97641
1 97709 97711
1 97719 97721
1 97723 97726
1 97733 97735
1 97741 97743
1 97785 97787
1 97814 97816
1 97855 97857
1 97891 97893
1 97894 97896
1 97897 97899
1 97923 97925
1 97933 97935
1 97938 97940
1 97956 97958
1 97969 97971
1 97979 97981
1 98001 98003
1 98014 98016
1 98066 98068
1 98086 98088
1 98102 98104
1 98120 98122
1 98132 98134
1 98174 98176
1 98226 98228
1 98240 98242
1 98249 98251
1 98281 98283
1 98302 98304
1 98328 98330
1 98337 98339
1 98391 98393
1 98416 98418
1 98443 98445
1 98461 98463
1 98471 98473
1 98474 98476
1 98485 98487
1 98515 98517
1 98517 98519
1 98522 98524
1 98536 98538
1 98567 98569
1 98578 98580
1 98600 98602
1 98628 98630
1 98639 98641
1 98686 98688
1 98734 98736
1 98737 98739
1 98748 98750
1 98819 98821
1 98827 98829
1 98840 98842
1 98887 98889
1 98945 98947
1 98959 98961
1 99012 99014
1 99044 99046
1 99053 99055
1 99081 99083
1 99097 99099
1 99108 99110
1 99130 99132
1 99142 99144
1 99152 99154
1 99170 99172
1 99178 99180
1 99182 99184
1 99213 99215
1 99346 99348
1 99465 99467
1 99488 99490
1 99494 99496
1 99498 99500
1 99575 99577
1 99599 99601
1 99629 99631
1 99670 99672
1 99678 99680
1 99685 99687
1 99691 99693
1 99694 99696
1 99717 99719
1 99721 99723
1 99727 99729
1 99778 99780
1 99787 99789
1 99791 99793
1 99821 99823
1 99853 99855
1 99898 99901
1 99907 99909
1 99926 99928
1 99931 99933
1 99989 99991
1 100031 100033
1 100095 100098
1 100122 100124
1 100152 100154
1 100182 100184
1 100237 100239
1 100247 100249
1 100278 100280
1 100280 100282
1 100298 100300
1 100305 100307
1 100307 100309
1 100369 100371
1 100393 100395
1 100400 100402
1 100422 100424
1 100428 100430
1 100451 100453
1 100454 100456
1 100461 100463
1 100478 100480
1 100480 100482
1 100559 100561
1 100641 100643
1 100670 100672
1 100688 100690
1 100720 100722
1 100730 100732
1 100745 100747
1 100752 100754
1 100823 100825
1 100921 100923
1 100984 100987
1 100991 100993
1 101029 101031
1 101047 101049
1 101097 101099
1 101242 101244
1 101257 101259
1 101278 101280
1 101287 101289
1 101291 101293
1 101316 101318
1 101322 101324
1 101382 101384
1 101432 101434
1 101444 101446
1 101592 101594
1 101623 101625
1 101667 101669
1 101758 101760
1 101760 101763
1 101785 101787
1 101837 101839
1 101854 101857
1 101857 101859
1 101944 101946
1 101961 101963
1 101980 101982
1 102001 102003
1 102032 102034
1 102050 102052
1 102065 102067
1 102105 102107
1 102108 102110
1 102186 102188
1 102212 102214
1 102251 102253
1 102307 102309
1 102317 102319
1 102323 102325
1 102366 102368
1 102404 102406
1 102409 102411
1 102466 102468
1 102516 102518
1 102526 102528
1 102533 102536
1 102538 102540
1 102576 102578
1 102578 102580
1 102586 102588
1 102589 102591
1 102596 102598
1 102638 102640
1 102718 102720
1 102751 102753
1 102806 102808
1 102830 102832
1 102832 102834
1 102864 102866
1 102866 102868
1 102906 102908
1 102919 102921
1 102934 102936
1 103046 103048
1 103079 103081
1 103085 103087
1 103088 103090
1 103140 103142
1 103144 103146
1 103184 103186
1 103254 103256
1 103261 103263
1 103279 103281
1 103314 103316
1 103354 103356
1 103418 103420
1 103445 103447
1 103456 103458
1 103516 103518
1 103540 103542
1 103570 103572
1 103591 103593
1 103619 103621
1 103630 103633
1 103650 103652
1 103730 103732
1 103735 103737
1 103775 103778
1 103797 103799
1 103828 103830
1 103862 103865
1 103952 103956
1 103961 103964
1 103994 103996
1 103997 103999
1 104006 104008
1 104022 104024
1 104048 104050
1 104149 104151
1 104172 104174
1 104174 104176
1 104179 104181
1 104204 104206
1 104227 104229
1 104267 104269
1 104270 104272
1 104275 104277
1 104293 104295
1 104307 104309
1 104346 104348
1 104371 104373
1 104390 104392
1 104418 104420
1 104487 104489
1 104498 104500
1 104509 104511
1 104525 104527
1 104544 104546
1 104614 104617
1 104630 104632
1 104687 104689
1 104690 104692
1 104722 104724
1 104771 104773
1 104800 104802
1 104946 104948
1 104982 104984
1 104989 104991
1 105009 105011
1 105015 105017
1 105080 105082
1 105092 105094
1 105098 105100
1 105127 105129
1 105183 105185
1 105198 105200
1 105214 105216
1 105239 105241
1 105314 105316
1 105334 105336
1 105361 105363
1 105423 105425
1 105445 105447
1 105459 105461
1 105482 105484
1 105493 105495
1 105526 105528
1 105535 105537
1 105582 105584
1 105606 105608
1 105670 105672
1 105680 105682
1 105747 105750
1 105752 105754
1 105775 105777
1 105791 105793
1 105845 105847
1 105882 105884
1 105895 105897
1 105899 105901
1 105911 105913
1 105916 105918
1 106005 106008
1 106013 106015
1 106039 106041
1 106065 106067
1 106105 106107
1 106195 106197
1 106200 106202
1 106215 106217
1 106284 106286
1 106376 106378
1 106456 106458
1 106469 106471
1 106512 106514
1 106525 106527
1 106542 106544
1 106576 106578
1 106601 106603
1 106630 106632
1 106632 106634
1 106654 106656
1 106664 106666
1 106720 106722
1 106765 106767
1 106788 106790
1 106796 106798
1 106812 106814
1 106826 106828
1 106885 106887
1 106933 106935
1 106999 107001
1 107069 107071
1 107107 107109
1 107152 107154
1 107198 107200
1 107233 107235
1 107239 107241
1 107282 107284
1 107285 107287
1 107300 107302
1 107326 107328
1 107363 107365
1 107373 107375
1 107379 107381
1 107414 107416
1 107433 107435
1 107442 107444
1 107490 107492
1 107501 107503
1 107553 107555
1 107575 107577
1 107595 107597
1 107615 107617
1 107621 107623
1 107626 107628
1 107639 107641
1 107666 107668
1 107668 107670
1 107698 107700
1 107772 107774
1 107826 107828
1 107829 107831
1 107877 107879
1 107916 107918
1 107940 107942
1 107979 107981
1 107982 107984
1 107994 107996
1 108063 108065
1 108071 108073
1 108083 108085
1 108091 108093
1 108118 108120
1 108137 108139
1 108163 108165
1 108201 108203
1 108255 108257
1 108266 108268
1 108301 108303
1 108428 108430
1 108439 108441
1 108489 108491
1 108514 108516
1 108533 108535
1 108563 108565
1 108568 108570
1 108577 108579
1 108580 108582
1 108591 108593
1 108594 108596
1 108604 108606
1 108617 108619
1 108711 108713
1 108725 108727
1 108767 108769
1 108773 108775
1 108901 108903
1 108948 108950
1 108950 108952
1 108958 108960
1 109030 109032
1 109046 109048
1 109057 109059
1 109072 109074
1 109076 109078
1 109135 109137
1 109140 109142
1 109215 109217
1 109236 109238
1 109247 109249
1 109255 109257
1 109281 109283
1 109286 109288
1 109296 109298
1 109308 109310
1 109333 109335
1 109356 109358
1 109374 109376
1 109379 109381
1 109414 109416
1 109425 109427
1 109431 109433
1 109458 109460
1 109478 109480
1 109485 109487
1 109502 109504
1 109556 109558
1 109569 109571
1 109627 109629
1 109635 109637
1 109646 109648
1 109657 109659
1 109680 109682
1 109755 109757
1 109786 109788
1 109825 109827
1 109828 109830
1 109832 109834
1 109842 109844
1 109939 109941
1 109972 109974
1 109979 109981
1 110034 110036
1 110049 110051
1 110085 110087
1 110105 110107
1 110128 110130
1 110153 110155
1 110155 110157
1 110158 110160
1 110161 110163
1 110173 110175
1 110188 110190
1 110203 110205
1 110222 110224
1 110237 110239
1 110315 110317
1 110318 110320
1 110324 110326
1 110335 110337
1 110447 110449
1 110500 110502
1 110515 110517
1 110535 110537
1 110558 110560
1 110568 110570
1 110617 110619
1 110635 110637
1 110670 110672
1 110695 110697
1 110737 110739
1 110837 110839
1 110857 110859
1 110882 110884
1 110889 110891
1 110905 110907
1 110939 110941
1 110946 110948
1 110962 110964
1 110991 110993
1 110996 110998
1 111001 111003
1 111009 111011
1 111020 111022
1 111075 111077
1 111101 111103
1 111124 111126
1 111152 111155
1 111156 111158
1 111177 111179
1 111277 111279
1 111339 111341
1 111369 111371
1 111388 111390
1 111440 111442
1 111475 111477
1 111557 111559
1 111573 111575
1 111575 111577
1 111586 111588
1 111589 111591
1 111598 111600
1 111614 111616
1 111617 111619
1 111619 111621
1 111660 111662
1 111709 111711
1 111783 111785
1 111798 111800
1 111806 111808
1 111874 111876
1 111905 111907
1 111909 111911
1 111936 111938
1 112040 112042
1 112068 112070
1 112119 112121
1 112134 112136
1 112156 112158
1 112281 112283
1 112284 112286
1 112337 112339
1 112344 112346
1 112367 112369
1 112393 112395
1 112426 112428
1 112448 112450
1 112476 112478
1 112530 112532
1 112563 112565
1 112588 112590
1 112600 112602
1 112608 112610
1 112722 112724
1 112752 112754
1 112759 112761
1 112761 112763
1 112781 112783
1 112796 112798
1 112805 112807
1 112926 112928
1 112942 112944
1 112995 112998
1 113001 113003
1 113013 113015
1 113042 113044
1 113052 113054
1 113132 113134
1 113143 113146
1 113213 113215
1 113233 113235
1 113236 113238
1 113256 113258
1 113295 113297
1 113349 113351
1 113364 113366
1 113386 113388
1 113432 113434
1 113485 113488
1 113523 113525
1 113540 113542
1 113602 113604
1 113810 113812
1 113884 113886
1 113895 113897
1 113993 113995
1 114045 114047
1 114051 114053
1 114055 114058
1 114096 114098
1 114115 114117
1 114134 114136
1 114147 114149
1 114153 114156
1 114159 114161
1 114178 114180
1 114209 114211
1 114260 114262
1 114277 114279
1 114294 114296
1 114324 114326
1 114350 114352
1 114356 114358
1 114372 114374
1 114416 114418
1 114427 114429
1 114479 114481
1 114525 114527
1 114529 114531
1 114542 114544
1 114575 114577
1 114600 114602
1 114604 114606
1 114625 114627
1 114674 114676
1 114683 114685
1 114738 114740
1 114756 114758
1 114824 114826
1 114877 114879
1 114892 114894
1 114895 114897
1 114917 114919
1 114944 114946
1 115015 115017
1 115024 115026
1 115038 115040
1 115067 115069
1 115086 115088
1 115102 115104
1 115132 115134
1 115172 115174
1 115192 115194
1 115300 115302
1 115305 115307
1 115315 115317
1 115324 115326
1 115390 115392
1 115410 115412
1 115415 115417
1 115417 115419
1 115483 115485
1 115494 115496
1 115509 115511
1 115524 115526
1 115540 115542
1 115573 115575
1 115618 115620
1 115625 115627
1 115638 115640
1 115670 115672
1 115720 115722
1 115742 115744
1 115761 115763
1 115763 115765
1 115785 115787
1 115806 115808
1 115822 115824
1 115843 115845
1 115851 115853
1 115987 115989
1 116023 116025
1 116059 116061
1 116159 116161
1 116221 116223
1 116243 116245
1 116271 116274
1 116289 116291
1 116292 116294
1 116306 116308
1 116333 116335
1 116411 116413
1 116509 116511
1 116547 116549
1 116574 116576
1 116628 116630
1 116650 116652
1 116658 116660
1 116728 116730
1 116962 116964
1 116976 116978
1 116983 116985
1 116999 117001
1 117074 117076
1 117091 117093
1 117097 117099
1 117101 117103
1 117147 117149
1 117157 117159
1 117198 117200
1 117226 117228
1 117240 117242
1 117251 117253
1 117260 117262
1 117337 117339
1 117344 117346
1 117350 117352
1 117352 117354
1 117362 117364
1 117380 117382
1 117405 117407
1 117409 117411
1 117415 117417
1 117441 117443
1 117471 117473
1 117477 117479
1 117544 117546
1 117550 117552
1 117655 117657
1 117685 117687
1 117695 117697
1 117810 117812
1 117826 117828
1 117873 117875
1 117914 117916
1 117965 117967
1 117972 117974
1 117979 117981
1 118002 118004
1 118015 118017
1 118020 118022
1 118028 118030
1 118055 118057
1 118065 118067
1 118101 118103
1 118110 118112
1 118124 118126
1 118139 118141
1 118172 118174
1 118180 118182
1 118223 118225
1 118296 118298
1 118306 118308
1 118400 118402
1 118439 118441
1 118459 118462
1 118473 118475
1 118503 118505
1 118531 118533
1 118556 118558
1 118611 118613
1 118621 118623
1 118629 118631
1 118705 118708
1 118713 118715
1 118739 118741
1 118760 118762
1 118827 118829
1 118849 118851
1 118973 118975
1 119071 119073
1 119109 119111
1 119160 119162
1 119171 119173
1 119181 119183
1 119195 119197
1 119205 119208
1 119235 119237
1 119304 119306
1 119330 119332
1 119380 119382
1 119395 119397
1 119448 119450
1 119455 119457
1 119480 119483
1 119546 119548
1 119571 119573
1 119641 119643
1 119649 119651
1 119693 119695
1 119723 119725
1 119742 119744
1 119804 119806
1 119822 119824
1 119865 119867
1 119939 119941
1 119948 119950
1 120028 120031
1 120037 120039
1 120093 120095
1 120138 120140
1 120232 120234
1 120247 120249
1 120261 120263
1 120284 120286
1 120345 120347
1 120462 120464
1 120535 120537
1 120544 120546
1 120566 120568
1 120581 120583
1 120595 120597
1 120600 120602
1 120613 120615
1 120718 120720
1 120721 120723
1 120731 120733
1 120736 120738
1 120786 120788
1 120794 120796
1 120840 120842
1 120844 120846
1 120859 120861
1 120899 120901
1 120906 120908
1 120916 120918
1 120940 120943
1 120943 120945
1 121031 121033
1 121117 121119
1 121169 121171
1 121204 121206
1 121250 121252
1 121267 121269
1 121293 121295
1 121296 121298
1 121304 121306
1 121323 121325
1 121326 121328
1 121339 121341
1 121341 121343
1 121349 121351
1 121354 121356
1 121356 121358
1 121362 121364
1 121372 121374
1 121412 121414
1 121447 121449
1 121451 121453
1 121466 121468
1 121475 121477
1 121477 121479
1 121485 121487
1 121490 121492
1 121496 121498
1 121516 121518
1 121527 121529
1 121564 121566
1 121603 121605
1 121614 121616
1 121665 121667
1 121669 121671
1 121717 121719
1 121728 121730
1 121751 121753
1 121771 121773
1 121779 121781
1 121862 121864
1 121877 121879
1 121920 121922
1 121968 121970
1 122023 122025
1 122061 122063
1 122074 122076
1 122112 122114
1 122121 122123
1 122138 122140
1 122157 122159
1 122169 122171
1 122177 122179
1 122187 122189
1 122193 122195
1 122230 122232
1 122257 122259
1 122267 122269
1 122279 122281
1 122306 122308
1 122315 122317
1 122343 122345
1 122352 122354
1 122370 122372
1 122398 122400
1 122412 122414
1 122433 122435
1 122441 122443
1 122446 122448
1 122457 122459
1 122467 122469
1 122487 122489
1 122492 122494
1 122515 122517
1 122521 122523
1 122530 122532
1 122569 122571
1 122582 122584
1 122591 122593
1 122605 122607
1 122639 122641
1 122656 122658
1 122666 122668
1 122677 122679
1 122707 122709
1 122719 122721
1 122760 122762
1 122777 122779
1 122779 122781
1 122833 122835
1 122847 122849
1 122850 122852
1 122853 122855
1 122855 122857
1 122867 122869
1 122896 122898
1 122924 122926
1 122971 122973
1 122979 122981
1 123004 123006
1 123070 123072
1 123096 123098
1 123112 123114
1 123146 123148
1 123159 123161
1 123177 123179
1 123184 123186
1 123199 123201
1 123217 123219
1 123238 123240
1 123293 123295
1 123334 123336
1 123357 123359
1 123360 123362
1 123376 123378
1 123397 123399
1 123412 123414
1 123445 123447
1 123471 123473
1 123519 123521
1 123546 123548
1 123554 123556
1 123567 123569
1 123583 123585
1 123591 123593
1 123608 123610
1 123704 123706
1 123732 123734
1 123744 123746
1 123807 123809
1 123828 123830
1 123833 123835
1 123847 123849
1 123853 123855
1 123857 123859
1 123950 123952
1 123962 123964
1 123970 123972
1 123980 123982
1 123991 123993
1 124041 124043
1 124084 124086
1 124136 124138
1 124152 124154
1 124161 124163
1 124197 124199
1 124218 124220
1 124220 124222
1 124276 124278
1 124299 124301
1 124315 124317
1 124395 124397
1 124418 124420
1 124427 124429
1 124441 124443
1 124452 124454
1 124483 124485
1 124511 124513
1 124576 124578
1 124579 124581
1 124630 124632
1 124633 124635
1 124652 124654
1 124736 124738
1 124775 124777
1 124779 124781
1 124890 124892
1 124898 124900
1 124956 124958
1 124972 124974
1 125057 125059
1 125117 125119
1 125123 125125
1 125143 125145
1 125247 125249
1 125273 125276
1 125278 125280
1 125294 125296
1 125425 125427
1 125505 125507
1 125516 125518
1 125524 125526
1 125538 125540
1 125551 125553
1 125562 125564
1 125614 125616
1 125644 125646
1 125680 125682
1 125710 125712
1 125926 125928
1 125948 125950
1 125964 125966
1 125996 125998
1 126011 126014
1 126014 126017
1 126018 126020
1 126046 126048
1 126056 126058
1 126063 126065
1 126072 126074
1 126175 126177
1 126210 126212
1 126212 126214
1 126218 126220
1 126239 126241
1 126267 126269
1 126270 126272
1 126293 126295
1 126303 126305
1 126319 126321
1 126352 126354
1 126397 126399
1 126414 126416
1 126429 126431
1 126446 126448
1 126448 126450
1 126482 126484
1 126493 126495
1 126522 126524
1 126539 126541
1 126545 126547
1 126564 126566
1 126611 126613
1 126626 126628
1 126687 126689
1 126690 126693
1 126711 126713
1 126756 126758
1 126775 126777
1 126908 126910
1 126924 126926
1 126954 126956
1 126975 126977
1 126979 126981
1 127011 127013
1 127024 127026
1 127080 127082
1 127090 127092
1 127104 127106
1 127129 127131
1 127151 127153
1 127160 127162
1 127187 127189
1 127293 127295
1 127316 127318
1 127376 127378
1 127385 127387
1 127409 127412
1 127425 127427
1 127447 127449
1 127467 127469
1 127497 127499
1 127502 127504
1 127528 127530
1 127531 127533
1 127553 127555
1 127586 127588
1 127589 127591
1 127604 127606
1 127621 127623
1 127628 127630
1 127651 127653
1 127735 127737
1 127772 127774
1 127791 127793
1 127812 127814
1 127815 127817
1 127831 127833
1 127869 127871
1 127908 127910
1 127916 127918
1 127948 127950
1 127968 127970
1 127973 127975
1 128016 128018
1 128026 128028
1 128074 128076
1 128082 128084
1 128149 128151
1 128190 128192
1 128197 128199
1 128206 128208
1 128296 128298
1 128298 128300
1 128308 128310
1 128328 128330
1 128344 128346
1 128360 128362
1 128364 128366
1 128367 128369
1 128371 128373
1 128401 128403
1 128416 128418
1 128430 128432
1 128467 128470
1 128491 128493
1 128532 128534
1 128539 128541
1 128547 128549
1 128566 128568
1 128582 128584
1 128638 128640
1 128670 128672
1 128736 128738
1 128746 128748
1 128837 128839
1 128850 128852
1 128874 128876
1 128894 128896
1 128922 128924
1 128929 128931
1 128958 128960
1 128970 128972
1 128973 128975
1 128977 128979
1 129026 129028
1 129088 129090
1 129142 129144
1 129189 129191
1 129194 129196
1 129214 129216
1 129219 129221
1 129226 129228
1 129241 129243
1 129307 129309
1 129325 129327
1 129338 129340
1 129375 129377
1 129381 129383
1 129413 129415
1 129520 129522
1 129561 129563
1 129563 129565
1 129609 129611
1 129625 129627
1 129690 129692
1 129695 129697
1 129739 129741
1 129784 129786
1 129790 129792
1 129836 129838
1 129866 129868
1 129885 129887
1 129894 129896
1 129899 129901
1 129967 129969
1 129984 129986
1 129986 129988
1 129998 130000
1 130017 130019
1 130038 130040
1 130074 130076
1 130081 130083
1 130097 130099
1 130147 130149
1 130189 130191
1 130214 130216
1 130224 130226
1 130248 130250
1 130252 130254
1 130276 130278
1 130325 130327
1 130343 130345
1 130355 130357
1 130395 130397
1 130433 130435
1 130442 130444
1 130536 130538
1 130551 130553
1 130562 130564
1 130626 130628
1 130669 130671
1 130684 130686
1 130696 130698
1 130717 130719
1 130728 130730
1 130771 130773
1 130814 130816
1 130829 130831
1 130869 130871
1 130871 130873
1 130878 130880
1 130886 130888
1 130889 130891
1 130891 130893
1 130922 130924
1 130943 130945
1 130970 130972
1 130973 130975
1 131010 131012
1 131029 131031
1 131090 131092
1 131130 131132
1 131136 131138
1 131149 131151
1 131175 131177
1 131190 131192
1 131217 131219
1 131302 131304
1 131331 131333
1 131403 131405
1 131407 131409
1 131415 131417
1 131423 131425
1 131451 131454
1 131463 131465
1 131474 131476
1 131626 131628
1 131693 131696
1 131728 131730
1 131939 131941
1 131961 131963
1 131971 131973
1 132010 132012
1 132013 132015
1 132046 132048
1 132073 132075
1 132092 132094
1 132124 132126
1 132163 132165
1 132165 132167
1 132169 132171
1 132188 132190
1 132216 132218
1 132218 132220
1 132220 132222
1 132230 132232
1 132269 132271
1 132272 132274
1 132312 132314
1 132317 132319
1 132365 132367
1 132385 132387
1 132396 132398
1 132398 132400
1 132418 132420
1 132421 132423
1 132466 132468
1 132493 132495
1 132529 132531
1 132545 132547
1 132572 132574
1 132579 132581
1 132596 132598
1 132609 132611
1 132621 132623
1 132698 132700
1 132713 132715
1 132727 132729
1 132753 132755
1 132763 132765
1 132821 132823
1 132852 132854
1 132861 132863
1 132903 132905
1 132918 132920
1 132923 132925
1 132989 132991
1 132994 132996
1 133003 133005
1 133012 133014
1 133032 133034
1 133076 133078
1 133110 133112
1 133116 133118
1 133124 133126
1 133207 133209
1 133236 133238
1 133241 133243
1 133260 133262
1 133321 133323
1 133324 133326
1 133346 133348
1 133368 133370
1 133391 133393
1 133393 133395
1 133397 133399
1 133401 133403
1 133409 133411
1 133429 133431
1 133441 133443
1 133510 133512
1 133513 133515
1 133516 133518
1 133520 133522
1 133682 133684
1 133688 133690
1 133718 133721
1 133733 133735
1 133743 133745
1 133760 133762
1 133762 133764
1 133827 133829
1 133848 133850
1 133853 133855
1 133856 133858
1 133973 133975
1 133977 133979
1 134033 134035
1 134048 134051
1 134075 134077
1 134083 134085
1 134100 134102
1 134105 134107
1 134113 134115
1 134123 134125
1 134133 134135
1 134135 134137
1 134175 134177
1 134178 134180
1 134199 134201
1 134203 134205
1 134286 134288
1 134361 134363
1 134375 134377
1 134413 134415
1 134453 134455
1 134462 134464
1 134495 134497
1 134534 134536
1 134628 134630
1 134651 134653
1 134669 134671
1 134681 134683
1 134723 134725
1 134733 134735
1 134736 134738
1 134788 134790
1 134828 134830
1 134839 134841
1 134862 134864
1 134901 134903
1 134926 134928
1 134957 134959
1 134980 134982
1 135004 135006
1 135032 135034
1 135052 135054
1 135118 135120
1 135128 135130
1 135185 135187
1 135218 135220
1 135221 135223
1 135225 135228
1 135267 135269
1 135328 135330
1 135346 135348
1 135364 135366
1 135438 135440
1 135489 135491
1 135506 135508
1 135533 135535
1 135807 135809
1 135830 135832
1 135851 135853
1 135865 135867
1 135874 135876
1 135894 135896
1 135909 135911
1 135922 135924
1 135931 135933
1 135936 135938
1 135956 135958
1 135968 135970
1 136014 136016
1 136048 136050
1 136072 136074
1 136074 136076
1 136087 136089
1 136143 136145
1 136146 136148
1 136204 136207
1 136208 136210
1 136249 136251
1 136308 136310
1 136329 136331
1 136340 136342
1 136394 136396
1 136417 136419
1 136449 136451
1 136460 136462
1 136475 136477
1 136480 136482
1 136484 136486
1 136522 136524
1 136542 136544
1 136544 136546
1 136546 136548
1 136548 136550
1 136618 136620
1 136654 136656
1 136658 136660
1 136661 136663
1 136681 136683
1 136689 136691
1 136755 136757
1 136767 136769
1 136802 136804
1 136930 136932
1 136932 136934
1 137002 137004
1 137049 137051
1 137061 137063
1 137088 137090
1 137115 137117
1 137165 137167
1 137168 137170
1 137229 137231
1 137309 137311
1 137311 137313
1 137318 137320
1 137356 137358
1 137364 137366
1 137375 137377
1 137377 137379
1 137379 137381
1 137392 137394
1 137453 137455
1 137462 137464
1 137514 137516
1 137544 137546
1 137580 137582
1 137590 137592
1 137598 137600
1 137614 137616
1 137618 137620
1 137658 137660
1 137667 137669
1 137679 137681
1 137697 137699
1 137749 137751
1 137776 137778
1 137781 137783
1 137787 137789
1 137809 137811
1 137829 137831
1 137834 137836
1 137887 137889
1 137910 137912
1 137934 137936
1 137951 137953
1 137982 137984
1 137989 137993
1 138005 138007
1 138007 138009
1 138020 138022
1 138049 138051
1 138056 138058
1 138070 138072
1 138129 138131
1 138143 138145
1 138235 138237
1 138264 138268
1 138278 138280
1 138294 138296
1 138302 138304
1 138336 138338
1 138350 138352
1 138357 138359
1 138368 138370
1 138370 138372
1 138423 138425
1 138426 138428
1 138455 138457
1 138514 138516
1 138582 138584
1 138598 138600
1 138600 138602
1 138687 138689
1 138691 138693
1 138750 138752
1 138758 138760
1 138780 138782
1 138791 138793
1 138813 138815
1 138819 138821
1 139032 139034
1 139042 139044
1 139050 139052
1 139084 139086
1 139093 139095
1 139105 139107
1 139154 139156
1 139173 139175
1 139186 139188
1 139193 139195
1 139209 139211
1 139211 139213
1 139226 139228
1 139276 139278
1 139278 139280
1 139289 139291
1 139291 139293
1 139331 139334
1 139340 139342
1 139348 139350
1 139368 139370
1 139387 139389
1 139403 139405
1 139455 139457
1 139486 139488
1 139525 139527
1 139625 139627
1 139630 139632
1 139683 139686
1 139700 139702
1 139740 139742
1 139749 139751
1 139860 139862
1 139890 139892
1 139892 139894
1 139904 139906
1 139948 139950
1 139979 139981
1 140001 140003
1 140008 140010
1 140011 140013
1 140033 140035
1 140076 140078
1 140080 140082
1 140115 140117
1 140122 140124
1 140138 140140
1 140146 140148
1 140168 140170
1 140193 140195
1 140206 140208
1 140239 140241
1 140261 140263
1 140341 140343
1 140352 140354
1 140364 140366
1 140417 140419
1 140424 140426
1 140426 140428
1 140429 140431
1 140470 140472
1 140486 140488
1 140493 140496
1 140574 140576
1 140609 140611
1 140617 140619
1 140654 140656
1 140697 140699
1 140730 140732
1 140734 140736
1 140736 140738
1 140798 140800
1 140842 140844
1 140847 140849
1 140862 140864
1 140890 140892
1 140893 140895
1 140920 140922
1 140995 140997
1 141005 141007
1 141043 141045
1 141047 141049
1 141076 141078
1 141086 141088
1 141199 141201
1 141214 141216
1 141258 141260
1 141266 141268
1 141271 141273
1 141330 141332
1 141343 141345
1 141400 141402
1 141456 141458
1 141497 141499
1 141581 141583
1 141612 141614
1 141635 141637
1 141655 141657
1 141709 141711
1 141730 141732
1 141734 141736
1 141799 141801
1 141814 141816
1 141840 141842
1 141863 141865
1 141869 141871
1 141889 141891
1 141895 141897
1 141911 141913
1 141920 141922
1 141932 141934
1 141936 141938
1 141957 141959
1 141996 141998
1 142009 142011
1 142030 142032
1 142034 142036
1 142055 142057
1 142079 142081
1 142082 142084
1 142095 142097
1 142097 142099
1 142101 142103
1 142121 142123
1 142237 142239
1 142277 142279
1 142302 142304
1 142336 142338
1 142384 142386
1 142438 142440
1 142448 142450
1 142462 142464
1 142465 142467
1 142473 142475
1 142482 142485
1 142554 142556
1 142564 142566
1 142664 142666
1 142708 142710
1 142723 142725
1 142726 142728
1 142788 142791
1 142802 142804
1 142841 142843
1 142854 142856
1 142860 142862
1 142868 142871
1 142885 142887
1 142894 142896
1 142918 142920
1 142932 142934
1 142936 142938
1 143015 143017
1 143029 143031
1 143036 143038
1 143038 143042
1 143045 143047
1 143049 143051
1 143071 143073
1 143086 143088
1 143108 143110
1 143139 143141
1 143148 143150
1 143164 143166
1 143213 143215
1 143224 143226
1 143229 143231
1 143251 143253
1 143310 143312
1 143380 143382
1 143424 143426
1 143461 143463
1 143470 143472
1 143480 143482
1 143489 143491
1 143491 143493
1 143513 143515
1 143541 143543
1 143563 143565
1 143599 143601
1 143633 143635
1 143649 143651
1 143671 143673
1 143675 143677
1 143694 143696
1 143700 143702
1 143707 143709
1 143751 143753
1 143759 143761
1 143780 143782
1 143802 143804
1 143881 143883
1 143907 143909
1 143919 143921
1 143961 143963
1 143963 143965
1 143985 143987
1 144005 144007
1 144015 144017
1 144017 144019
1 144028 144031
1 144070 144072
1 144085 144087
1 144122 144124
1 144134 144136
1 144146 144148
1 144152 144154
1 144156 144158
1 144162 144164
1 144185 144187
1 144224 144226
1 144291 144293
1 144314 144316
1 144324 144326
1 144377 144379
1 144397 144399
1 144462 144464
1 144490 144492
1 144498 144500
1 144586 144588
1 144594 144596
1 144627 144629
1 144672 144674
1 144675 144677
1 144704 144706
1 144793 144795
1 144819 144822
1 144858 144860
1 144868 144870
1 144898 144900
1 144936 144938
1 144953 144955
1 144960 144962
1 144983 144985
1 145021 145023
1 145036 145038
1 145093 145095
1 145122 145124
1 145159 145161
1 145177 145179
1 145180 145182
1 145197 145199
1 145257 145259
1 145263 145265
1 145324 145326
1 145342 145344
1 145350 145352
1 145354 145356
1 145362 145364
1 145375 145377
1 145399 145401
1 145402 145404
1 145415 145417
1 145464 145466
1 145470 145472
1 145490 145492
1 145523 145525
1 145581 145583
1 145622 145624
1 145625 145627
1 145647 145649
1 145656 145658
1 145675 145677
1 145794 145796
1 145800 145802
1 145812 145814
1 145819 145821
1 145825 145827
1 145855 145857
1 145865 145867
1 145890 145892
1 145924 145926
1 145927 145929
1 145935 145937
1 145944 145946
1 145955 145957
1 145969 145971
1 145978 145980
1 146000 146002
1 146013 146015
1 146016 146018
1 146082 146084
1 146108 146110
1 146123 146125
1 146125 146127
1 146135 146137
1 146165 146167
1 146186 146188
1 146190 146192
1 146201 146203
1 146257 146259
1 146304 146306
1 146357 146359
1 146392 146394
1 146418 146420
1 146422 146424
1 146465 146467
1 146471 146473
1 146545 146547
1 146591 146593
1 146652 146654
1 146664 146666
1 146723 146725
1 146785 146787
1 146795 146797
1 146800 146802
1 146880 146883
1 146926 146928
1 146987 146989
1 147004 147006
1 147020 147022
1 147038 147040
1 147040 147042
1 147052 147054
1 147086 147088
1 147094 147096
1 147208 147210
1 147229 147231
1 147362 147364
1 147378 147380
1 147384 147386
1 147522 147524
1 147560 147562
1 147564 147566
1 147573 147575
1 147582 147584
1 147613 147615
1 147641 147643
1 147644 147646
1 147654 147656
1 147674 147676
1 147685 147687
1 147767 147769
1 147774 147776
1 147790 147792
1 147823 147825
1 147848 147850
1 147874 147876
1 147901 147903
1 147932 147935
1 147937 147939
1 147942 147944
1 147976 147978
1 147991 147993
1 148000 148002
1 148024 148026
1 148030 148032
1 148037 148039
1 148076 148078
1 148098 148100
1 148233 148235
1 148239 148241
1 148292 148294
1 148312 148314
1 148314 148316
1 148341 148343
1 148346 148348
1 148355 148357
1 148450 148452
1 148561 148563
1 148573 148576
1 148636 148638
1 148640 148642
1 148662 148664
1 148719 148721
1 148769 148771
1 148792 148794
1 148804 148806
1 148846 148848
1 148855 148857
1 148861 148863
1 148875 148877
1 148888 148890
1 148904 148906
1 148912 148915
1 148918 148920
1 148933 148935
1 148984 148986
1 148987 148989
1 149013 149015
1 149019 149021
1 149032 149034
1 149047 149049
1 149085 149087
1 149091 149093
1 149109 149111
1 149123 149125
1 149161 149163
1 149166 149168
1 149172 149174
1 149175 149177
1 149224 149226
1 149240 149242
1 149257 149259
1 149284 149286
1 149296 149298
1 149298 149300
1 149377 149379
1 149426 149428
1 149443 149445
1 149480 149482
1 149511 149513
1 149570 149572
1 149572 149574
1 149592 149594
1 149609 149611
1 149622 149624
1 149629 149631
1 149643 149645
1 149666 149668
1 149712 149715
1 149716 149718
1 149738 149740
1 149774 149776
1 149807 149810
1 149810 149812
1 149823 149825
1 149834 149836
1 149884 149886
1 149905 149907
1 149923 149925
1 149930 149932
1 149958 149960
1 150010 150012
1 150020 150022
1 150022 150024
1 150041 150043
1 150063 150065
1 150070 150072
1 150111 150113
1 150145 150147
1 150170 150172
1 150216 150218
1 150218 150220
1 150247 150249
1 150256 150258
1 150266 150268
1 150299 150301
1 150303 150305
1 150309 150311
1 150336 150338
1 150339 150341
1 150345 150347
1 150353 150355
1 150415 150417
1 150442 150444
1 150461 150463
1 150463 150465
1 150481 150483
1 150504 150506
1 150522 150524
1 150542 150544
1 150581 150583
1 150586 150588
1 150615 150617
1 150630 150632
1 150651 150653
1 150663 150666
1 150666 150668
1 150691 150693
1 150696 150698
1 150718 150721
1 150743 150745
1 150754 150756
2 1223 1227
2 1604 1608
2 4507 4511
2 5791 5795
2 6092 6096
2 6425 6429
2 7416 7420
2 8407 8411
2 8603 8607
2 8799 8803
2 11935 11939
2 12202 12206
2 12707 12711
2 13524 13528
2 13730 13734
2 13865 13869
2 16503 16507
2 16554 16558
2 17957 17961
2 18885 18890
2 19311 19315
2 19770 19774
2 20597 20602
2 23118 23122
2 25318 25322
2 25604 25608
2 25744 25748
2 25875 25879
2 26257 26261
2 26979 26983
2 30245 30249
2 30374 30378
2 30769 30773
2 31758 31763
2 32483 32487
2 32605 32609
2 33851 33855
2 34817 34821
2 35076 35080
2 35080 35084
2 35084 35088
2 35102 35106
2 35371 35375
2 35974 35978
2 36423 36427
2 37018 37022
2 38206 38210
2 38682 38686
2 41677 41681
2 41955 41959
2 42320 42324
2 42566 42570
2 43585 43589
2 44581 44585
2 47301 47305
2 48131 48135
2 48220 48224
2 49550 49554
2 50321 50325
2 50467 50471
2 51135 51139
2 51306 51310
2 51505 51509
2 52413 52417
2 52923 52927
2 53203 53208
2 54464 54468
2 55676 55680
2 56578 56582
2 58135 58139
2 60031 60035
2 60268 60272
2 61297 61301
2 64424 64428
2 64431 64435
2 66405 66409
2 67151 67155
2 67281 67285
2 67591 67595
2 68052 68056
2 68107 68111
2 68288 68292
2 69918 69922
2 70240 70244
2 70435 70439
2 71422 71426
2 75875 75879
2 77501 77505
2 77545 77549
2 77583 77587
2 78405 78409
2 79259 79263
2 79684 79688
2 79995 79999
2 80926 80930
2 81211 81216
2 81867 81871
2 82082 82086
2 82757 82761
2 83371 83375
2 83973 83977
2 84763 84767
2 85099 85103
2 85165 85169
2 86519 86524
2 86849 86853
2 87167 87171
2 88067 88071
2 88727 88731
2 88858 88862
2 90013 90017
2 90378 90382
2 90440 90445
2 91471 91475
2 91831 91835
2 92361 92365
2 93793 93797
2 94013 94017
2 94382 94386
2 94479 94483
2 94830 94834
2 94861 94865
2 94919 94923
2 94950 94954
2 95078 95082
2 96374 96378
2 96600 96604
2 97213 97217
2 97847 97851
2 99912 99916
2 102463 102467
2 103467 103473
2 104197 104202
2 105979 105983
2 106417 106421
2 106463 106467
2 107073 107077
2 107571 107575
2 107592 107596
2 107751 107756
2 108424 108428
2 109083 109087
2 110060 110064
2 110593 110597
2 112064 112068
2 112090 112094
2 114704 114708
2 115034 115038
2 115106 115110
2 115663 115667
2 116381 116385
2 117289 117293
2 117319 117323
2 117658 117662
2 119798 119802
2 120398 120402
2 120632 120636
2 121435 121439
2 122027 122031
2 123164 123168
2 123299 123303
2 123586 123590
2 124967 124971
2 125003 125007
2 125248 125252
2 126825 126829
2 128822 128826
2 129177 129181
2 129321 129325
2 129806 129810
2 129819 129823
2 129973 129977
2 130454 130458
2 130513 130517
2 132246 132250
2 132566 132570
2 132905 132909
2 132924 132928
2 133091 133095
2 134299 134303
2 134658 134662
2 136635 136639
2 138371 138375
2 138481 138486
2 139551 139555
2 140019 140023
2 140221 140225
2 140565 140569
2 144246 144250
2 144381 144385
2 144500 144504
2 144900 144904
2 144907 144911
2 146498 146502
2 146646 146650
2 147090 147094
2 147666 147670
2 148637 148641
2 149333 149337
2 149951 149955
3 14328 14334
3 57134 57140
3 64738 64744
3 125154 125161
3 125533 125539
3 131343 131349
