4942
1 32 34
1 96 98
1 147 149
1 193 195
1 203 205
1 226 228
1 262 264
1 268 270
1 274 276
1 283 285
1 332 334
1 359 361
1 368 370
1 386 388
1 393 395
1 417 419
1 427 429
1 443 445
1 507 509
1 513 515
1 524 526
1 565 567
1 568 570
1 630 632
1 707 709
1 710 712
1 727 729
1 788 790
1 868 870
1 895 897
1 983 985
1 988 990
1 991 993
1 994 996
1 1045 1047
1 1047 1049
1 1056 1058
1 1099 1101
1 1144 1146
1 1158 1160
1 1185 1187
1 1190 1192
1 1194 1196
1 1238 1240
1 1248 1250
1 1271 1273
1 1283 1285
1 1288 1290
1 1299 1301
1 1307 1309
1 1315 1317
1 1324 1326
1 1348 1350
1 1380 1382
1 1390 1392
1 1518 1520
1 1521 1523
1 1538 1540
1 1542 1544
1 1570 1572
1 1586 1588
1 1617 1619
1 1627 1629
1 1680 1682
1 1686 1688
1 1722 1724
1 1735 1737
1 1776 1778
1 1905 1907
1 1927 1929
1 1942 1944
1 1960 1962
1 1983 1985
1 2006 2008
1 2044 2046
1 2066 2068
1 2086 2088
1 2088 2090
1 2147 2149
1 2201 2203
1 2226 2228
1 2260 2262
1 2296 2298
1 2333 2335
1 2341 2343
1 2438 2441
1 2460 2462
1 2508 2510
1 2536 2538
1 2556 2558
1 2562 2564
1 2570 2572
1 2590 2592
1 2598 2600
1 2620 2622
1 2637 2639
1 2648 2650
1 2650 2652
1 2687 2689
1 2700 2702
1 2717 2719
1 2739 2741
1 2759 2761
1 2778 2780
1 2789 2791
1 2817 2819
1 2872 2874
1 2881 2883
1 2894 2896
1 2896 2898
1 2983 2985
1 3044 3047
1 3060 3062
1 3104 3106
1 3278 3280
1 3297 3299
1 3302 3305
1 3367 3369
1 3374 3376
1 3388 3390
1 3393 3395
1 3429 3431
1 3476 3478
1 3590 3592
1 3626 3628
1 3654 3656
1 3671 3673
1 3696 3698
1 3706 3708
1 3715 3717
1 3744 3746
1 3748 3750
1 3777 3780
1 3806 3808
1 3826 3828
1 3832 3834
1 3836 3839
1 3914 3916
1 3946 3948
1 3948 3950
1 3960 3962
1 3972 3974
1 4003 4005
1 4020 4022
1 4035 4037
1 4125 4127
1 4129 4131
1 4132 4134
1 4150 4152
1 4214 4216
1 4217 4219
1 4259 4261
1 4313 4315
1 4316 4318
1 4326 4328
1 4338 4340
1 4354 4356
1 4363 4365
1 4424 4426
1 4436 4438
1 4439 4441
1 4443 4445
1 4464 4466
1 4509 4511
1 4627 4629
1 4637 4639
1 4691 4694
1 4744 4746
1 4761 4763
1 4789 4791
1 4852 4854
1 4872 4874
1 4884 4886
1 4890 4892
1 4924 4926
1 4945 4947
1 4989 4991
1 4993 4995
1 5010 5012
1 5029 5031
1 5091 5093
1 5095 5097
1 5124 5126
1 5161 5164
1 5165 5167
1 5211 5213
1 5244 5246
1 5297 5299
1 5361 5363
1 5398 5400
1 5643 5645
1 5669 5671
1 5699 5701
1 5708 5710
1 5725 5727
1 5732 5734
1 5734 5736
1 5757 5759
1 5768 5770
1 5775 5777
1 5849 5851
1 5866 5868
1 5905 5907
1 5921 5923
1 5935 5937
1 5976 5978
1 5985 5987
1 6000 6002
1 6003 6005
1 6005 6007
1 6035 6037
1 6073 6075
1 6094 6096
1 6103 6105
1 6141 6143
1 6157 6159
1 6160 6162
1 6163 6165
1 6181 6183
1 6223 6225
1 6235 6237
1 6353 6355
1 6357 6359
1 6376 6378
1 6418 6420
1 6470 6472
1 6490 6492
1 6541 6543
1 6553 6555
1 6556 6558
1 6582 6584
1 6651 6653
1 6672 6674
1 6677 6679
1 6736 6738
1 6758 6760
1 6778 6780
1 6869 6871
1 6884 6886
1 6948 6950
1 6982 6984
1 6993 6995
1 7121 7123
1 7125 7127
1 7137 7139
1 7150 7152
1 7159 7161
1 7184 7186
1 7282 7284
1 7285 7287
1 7377 7379
1 7441 7443
1 7474 7476
1 7479 7481
1 7520 7522
1 7539 7541
1 7550 7552
1 7569 7571
1 7579 7581
1 7588 7590
1 7629 7631
1 7695 7697
1 7731 7733
1 7819 7821
1 7840 7842
1 7899 7901
1 7915 7918
1 7918 7920
1 7923 7925
1 7930 7932
1 7954 7956
1 7988 7990
1 7991 7994
1 7996 7998
1 8028 8030
1 8057 8059
1 8076 8078
1 8084 8086
1 8098 8100
1 8161 8163
1 8164 8166
1 8185 8187
1 8248 8250
1 8254 8256
1 8325 8327
1 8327 8329
1 8337 8339
1 8346 8348
1 8350 8353
1 8374 8376
1 8398 8400
1 8421 8423
1 8428 8430
1 8489 8491
1 8492 8494
1 8549 8551
1 8552 8554
1 8564 8566
1 8591 8593
1 8608 8610
1 8655 8657
1 8716 8718
1 8822 8824
1 8824 8826
1 8834 8836
1 8855 8857
1 8897 8899
1 8901 8903
1 8934 8936
1 8969 8971
1 8987 8989
1 9010 9012
1 9042 9044
1 9045 9047
1 9070 9072
1 9150 9152
1 9153 9155
1 9194 9196
1 9203 9205
1 9206 9208
1 9224 9226
1 9232 9234
1 9237 9239
1 9277 9279
1 9302 9304
1 9336 9338
1 9355 9357
1 9364 9366
1 9425 9427
1 9458 9460
1 9465 9467
1 9474 9476
1 9493 9495
1 9495 9497
1 9532 9534
1 9537 9539
1 9557 9559
1 9562 9564
1 9605 9607
1 9608 9610
1 9618 9620
1 9633 9635
1 9637 9639
1 9670 9672
1 9678 9680
1 9744 9746
1 9943 9945
1 9947 9949
1 9981 9983
1 10018 10020
1 10073 10075
1 10080 10082
1 10082 10084
1 10096 10098
1 10108 10110
1 10168 10170
1 10175 10177
1 10223 10225
1 10232 10234
1 10247 10250
1 10258 10260
1 10272 10274
1 10277 10279
1 10310 10312
1 10313 10315
1 10386 10388
1 10417 10419
1 10471 10473
1 10499 10501
1 10556 10559
1 10570 10572
1 10623 10625
1 10646 10648
1 10674 10676
1 10689 10691
1 10697 10699
1 10712 10714
1 10736 10738
1 10747 10749
1 10789 10791
1 10811 10813
1 10842 10845
1 10850 10852
1 10952 10954
1 10964 10966
1 10980 10982
1 10995 10997
1 10997 10999
1 11008 11010
1 11129 11132
1 11185 11187
1 11192 11194
1 11213 11215
1 11226 11228
1 11244 11246
1 11284 11286
1 11313 11315
1 11328 11330
1 11346 11348
1 11368 11370
1 11412 11414
1 11436 11438
1 11473 11475
1 11477 11479
1 11500 11502
1 11551 11553
1 11557 11559
1 11597 11599
1 11622 11624
1 11660 11662
1 11721 11723
1 11734 11736
1 11743 11745
1 11763 11765
1 11768 11770
1 11808 11810
1 11871 11873
1 11875 11877
1 11892 11894
1 11901 11903
1 11921 11923
1 11956 11958
1 11969 11971
1 11974 11976
1 11994 11996
1 12143 12145
1 12148 12151
1 12159 12161
1 12169 12171
1 12173 12175
1 12192 12194
1 12296 12298
1 12355 12357
1 12402 12404
1 12441 12443
1 12446 12448
1 12486 12488
1 12556 12558
1 12578 12580
1 12581 12583
1 12588 12590
1 12590 12592
1 12606 12608
1 12627 12629
1 12635 12637
1 12641 12643
1 12667 12669
1 12697 12699
1 12704 12706
1 12739 12741
1 12743 12745
1 12747 12749
1 12770 12774
1 12776 12778
1 12781 12783
1 12822 12824
1 12882 12884
1 12914 12916
1 12979 12981
1 13021 13023
1 13074 13076
1 13112 13114
1 13125 13127
1 13136 13138
1 13155 13157
1 13158 13160
1 13176 13178
1 13180 13182
1 13192 13194
1 13205 13207
1 13239 13241
1 13265 13267
1 13313 13315
1 13319 13321
1 13327 13329
1 13365 13367
1 13385 13387
1 13417 13419
1 13426 13428
1 13491 13493
1 13512 13514
1 13535 13537
1 13545 13547
1 13556 13558
1 13583 13585
1 13612 13614
1 13623 13625
1 13637 13639
1 13642 13644
1 13708 13710
1 13720 13722
1 13811 13813
1 13833 13835
1 13877 13879
1 13945 13947
1 13992 13994
1 14001 14003
1 14016 14018
1 14025 14028
1 14056 14058
1 14060 14062
1 14073 14075
1 14079 14082
1 14091 14093
1 14138 14140
1 14148 14150
1 14172 14174
1 14208 14210
1 14217 14219
1 14230 14232
1 14248 14250
1 14299 14301
1 14323 14325
1 14331 14333
1 14337 14339
1 14404 14406
1 14411 14413
1 14439 14441
1 14445 14447
1 14457 14459
1 14512 14514
1 14517 14519
1 14524 14526
1 14535 14537
1 14545 14547
1 14564 14566
1 14567 14569
1 14619 14621
1 14622 14624
1 14630 14632
1 14641 14643
1 14652 14654
1 14668 14670
1 14686 14688
1 14762 14764
1 14800 14802
1 14864 14866
1 14876 14878
1 14885 14887
1 14892 14894
1 14920 14922
1 14934 14936
1 14951 14953
1 14954 14956
1 14981 14983
1 15048 15050
1 15052 15054
1 15120 15122
1 15148 15150
1 15154 15156
1 15279 15281
1 15285 15287
1 15316 15318
1 15360 15362
1 15386 15388
1 15395 15397
1 15418 15420
1 15444 15446
1 15483 15485
1 15495 15497
1 15530 15532
1 15583 15585
1 15587 15589
1 15614 15616
1 15708 15710
1 15732 15734
1 15753 15755
1 15764 15766
1 15766 15768
1 15771 15773
1 15777 15779
1 15866 15868
1 15876 15878
1 15890 15892
1 15902 15904
1 15987 15989
1 16005 16007
1 16010 16012
1 16050 16052
1 16055 16057
1 16057 16059
1 16088 16090
1 16106 16108
1 16134 16136
1 16158 16160
1 16165 16167
1 16173 16175
1 16180 16182
1 16183 16185
1 16239 16241
1 16257 16259
1 16296 16298
1 16322 16324
1 16338 16340
1 16366 16368
1 16412 16414
1 16432 16434
1 16469 16471
1 16494 16496
1 16530 16532
1 16589 16591
1 16622 16624
1 16669 16671
1 16709 16711
1 16714 16716
1 16746 16748
1 16754 16756
1 16790 16792
1 16795 16797
1 16803 16805
1 16876 16878
1 16894 16896
1 16956 16958
1 17039 17041
1 17106 17108
1 17116 17118
1 17126 17128
1 17130 17132
1 17138 17140
1 17242 17244
1 17247 17249
1 17291 17293
1 17323 17325
1 17330 17332
1 17348 17350
1 17455 17457
1 17472 17474
1 17480 17482
1 17495 17497
1 17533 17535
1 17554 17556
1 17557 17559
1 17604 17606
1 17615 17617
1 17622 17625
1 17627 17629
1 17698 17700
1 17716 17718
1 17721 17723
1 17731 17733
1 17749 17751
1 17754 17756
1 17767 17769
1 17786 17788
1 17813 17815
1 17854 17856
1 17881 17883
1 17917 17919
1 17931 17933
1 17939 17941
1 17949 17951
1 17984 17986
1 18024 18026
1 18098 18100
1 18115 18117
1 18146 18148
1 18170 18172
1 18232 18234
1 18270 18272
1 18331 18333
1 18337 18339
1 18378 18380
1 18414 18417
1 18430 18432
1 18502 18504
1 18510 18512
1 18518 18520
1 18602 18605
1 18640 18642
1 18703 18705
1 18789 18791
1 18818 18820
1 18883 18885
1 18977 18979
1 19015 19018
1 19032 19034
1 19078 19080
1 19121 19123
1 19145 19147
1 19157 19159
1 19164 19166
1 19174 19176
1 19189 19191
1 19272 19274
1 19318 19320
1 19337 19339
1 19371 19373
1 19412 19414
1 19421 19423
1 19488 19490
1 19495 19497
1 19509 19511
1 19529 19531
1 19556 19558
1 19590 19592
1 19619 19621
1 19634 19636
1 19646 19648
1 19648 19650
1 19673 19675
1 19708 19710
1 19723 19725
1 19734 19736
1 19750 19752
1 19760 19762
1 19790 19792
1 19810 19812
1 19812 19815
1 19859 19861
1 19868 19870
1 19915 19917
1 19920 19922
1 19934 19936
1 19961 19963
1 20009 20011
1 20020 20022
1 20025 20027
1 20049 20051
1 20057 20059
1 20137 20139
1 20140 20142
1 20144 20146
1 20151 20153
1 20172 20174
1 20237 20239
1 20244 20246
1 20252 20254
1 20257 20259
1 20266 20268
1 20269 20271
1 20289 20291
1 20304 20306
1 20382 20384
1 20392 20394
1 20460 20462
1 20468 20470
1 20476 20478
1 20545 20547
1 20626 20628
1 20657 20659
1 20679 20681
1 20729 20731
1 20792 20794
1 20820 20822
1 20825 20827
1 20838 20840
1 20877 20879
1 20921 20923
1 20963 20965
1 20981 20983
1 21026 21028
1 21032 21034
1 21038 21040
1 21040 21042
1 21066 21068
1 21077 21079
1 21094 21096
1 21096 21098
1 21103 21105
1 21172 21175
1 21194 21196
1 21207 21209
1 21215 21218
1 21248 21250
1 21251 21253
1 21257 21259
1 21263 21265
1 21278 21280
1 21285 21287
1 21297 21299
1 21337 21339
1 21340 21343
1 21394 21396
1 21423 21425
1 21444 21446
1 21450 21452
1 21537 21539
1 21562 21564
1 21566 21568
1 21568 21570
1 21574 21576
1 21589 21591
1 21593 21595
1 21614 21616
1 21628 21630
1 21692 21694
1 21703 21705
1 21771 21773
1 21789 21791
1 21805 21807
1 21810 21812
1 21825 21827
1 21853 21855
1 21912 21914
1 21930 21932
1 21937 21939
1 21952 21954
1 21957 21959
1 21966 21968
1 21991 21993
1 21994 21996
1 22044 22046
1 22097 22099
1 22122 22124
1 22155 22157
1 22159 22161
1 22166 22168
1 22180 22182
1 22184 22186
1 22197 22199
1 22199 22201
1 22210 22212
1 22306 22308
1 22318 22320
1 22331 22333
1 22357 22359
1 22360 22362
1 22370 22372
1 22380 22382
1 22412 22414
1 22450 22452
1 22466 22468
1 22473 22475
1 22495 22497
1 22511 22513
1 22513 22515
1 22525 22527
1 22538 22540
1 22568 22570
1 22578 22580
1 22583 22585
1 22586 22588
1 22601 22603
1 22619 22621
1 22695 22697
1 22772 22774
1 22783 22785
1 22790 22792
1 22804 22806
1 22852 22854
1 22860 22862
1 22867 22869
1 22870 22873
1 22881 22883
1 22905 22907
1 22925 22927
1 22929 22931
1 22943 22945
1 22951 22953
1 22984 22986
1 23005 23007
1 23042 23044
1 23067 23070
1 23106 23108
1 23153 23155
1 23190 23192
1 23219 23221
1 23307 23309
1 23331 23333
1 23354 23356
1 23369 23371
1 23377 23379
1 23383 23385
1 23388 23390
1 23392 23394
1 23402 23404
1 23447 23449
1 23471 23473
1 23494 23496
1 23518 23520
1 23542 23544
1 23553 23555
1 23586 23589
1 23619 23621
1 23663 23665
1 23674 23676
1 23679 23681
1 23692 23694
1 23701 23703
1 23707 23709
1 23710 23713
1 23765 23767
1 23767 23769
1 23782 23784
1 23800 23802
1 23815 23817
1 23871 23873
1 23881 23883
1 23894 23896
1 23903 23905
1 23942 23944
1 23946 23948
1 23984 23986
1 24031 24033
1 24064 24066
1 24069 24072
1 24112 24114
1 24117 24119
1 24200 24202
1 24223 24225
1 24228 24230
1 24275 24277
1 24313 24315
1 24338 24340
1 24356 24358
1 24369 24371
1 24398 24400
1 24416 24418
1 24421 24423
1 24442 24444
1 24444 24446
1 24524 24526
1 24565 24567
1 24613 24615
1 24621 24623
1 24627 24629
1 24636 24638
1 24678 24680
1 24720 24722
1 24740 24742
1 24744 24746
1 24812 24814
1 24887 24889
1 24915 24917
1 24931 24933
1 24959 24963
1 24976 24978
1 24989 24991
1 25026 25028
1 25086 25088
1 25101 25103
1 25109 25111
1 25214 25216
1 25249 25251
1 25251 25253
1 25282 25284
1 25293 25295
1 25315 25317
1 25320 25322
1 25324 25327
1 25352 25354
1 25358 25360
1 25373 25375
1 25425 25427
1 25436 25438
1 25439 25441
1 25452 25454
1 25500 25502
1 25539 25541
1 25574 25576
1 25581 25583
1 25628 25630
1 25678 25680
1 25691 25693
1 25698 25700
1 25702 25704
1 25730 25732
1 25766 25769
1 25854 25856
1 25857 25859
1 25865 25867
1 25913 25915
1 25915 25917
1 25920 25922
1 25948 25950
1 25950 25952
1 25970 25972
1 26016 26018
1 26041 26043
1 26045 26047
1 26055 26057
1 26072 26074
1 26075 26077
1 26092 26094
1 26101 26103
1 26130 26132
1 26150 26152
1 26173 26175
1 26187 26189
1 26211 26213
1 26230 26232
1 26235 26237
1 26264 26266
1 26287 26289
1 26307 26309
1 26310 26312
1 26324 26326
1 26337 26339
1 26353 26355
1 26383 26385
1 26403 26405
1 26444 26446
1 26465 26467
1 26475 26477
1 26481 26483
1 26492 26494
1 26541 26543
1 26594 26596
1 26603 26605
1 26616 26618
1 26668 26670
1 26678 26680
1 26714 26716
1 26720 26722
1 26732 26734
1 26876 26878
1 26893 26895
1 26931 26933
1 26938 26940
1 26972 26974
1 26997 26999
1 27022 27025
1 27045 27047
1 27056 27058
1 27070 27072
1 27082 27084
1 27107 27109
1 27137 27139
1 27142 27144
1 27164 27166
1 27167 27169
1 27193 27195
1 27284 27286
1 27311 27313
1 27314 27316
1 27355 27357
1 27387 27389
1 27394 27396
1 27398 27400
1 27411 27413
1 27425 27427
1 27429 27431
1 27480 27482
1 27534 27536
1 27595 27597
1 27604 27606
1 27639 27641
1 27646 27648
1 27660 27662
1 27667 27669
1 27771 27773
1 27775 27777
1 27809 27811
1 27840 27842
1 27867 27869
1 27942 27944
1 28012 28014
1 28020 28022
1 28024 28026
1 28046 28048
1 28078 28080
1 28081 28083
1 28084 28086
1 28103 28105
1 28150 28152
1 28153 28155
1 28229 28231
1 28236 28238
1 28251 28253
1 28266 28268
1 28275 28277
1 28298 28300
1 28316 28318
1 28466 28468
1 28537 28540
1 28551 28553
1 28559 28561
1 28577 28579
1 28590 28592
1 28620 28622
1 28630 28632
1 28664 28666
1 28758 28760
1 28777 28779
1 28791 28793
1 28820 28822
1 28912 28914
1 28933 28935
1 28941 28943
1 28943 28945
1 28956 28958
1 28976 28978
1 28981 28983
1 28994 28996
1 29011 29013
1 29069 29071
1 29073 29075
1 29113 29115
1 29117 29120
1 29124 29126
1 29142 29144
1 29145 29147
1 29158 29160
1 29212 29214
1 29281 29283
1 29293 29295
1 29296 29298
1 29313 29315
1 29339 29341
1 29359 29361
1 29449 29451
1 29491 29493
1 29501 29504
1 29511 29513
1 29527 29529
1 29546 29548
1 29575 29577
1 29633 29635
1 29640 29642
1 29643 29645
1 29647 29649
1 29650 29652
1 29695 29697
1 29701 29703
1 29747 29749
1 29760 29762
1 29838 29840
1 29872 29874
1 29906 29908
1 29909 29911
1 29933 29935
1 29952 29954
1 29986 29988
1 30024 30026
1 30032 30034
1 30042 30045
1 30057 30059
1 30122 30124
1 30146 30148
1 30162 30164
1 30165 30167
1 30177 30179
1 30211 30213
1 30283 30285
1 30334 30336
1 30361 30363
1 30404 30406
1 30423 30425
1 30429 30431
1 30473 30475
1 30485 30487
1 30495 30497
1 30515 30517
1 30517 30519
1 30526 30528
1 30528 30530
1 30536 30538
1 30558 30560
1 30577 30579
1 30579 30581
1 30595 30597
1 30612 30614
1 30685 30687
1 30690 30692
1 30722 30724
1 30726 30728
1 30751 30753
1 30810 30812
1 30827 30829
1 30845 30847
1 30876 30878
1 30896 30898
1 30955 30957
1 30977 30979
1 30991 30993
1 30999 31001
1 31045 31047
1 31102 31104
1 31133 31135
1 31155 31157
1 31162 31164
1 31165 31167
1 31214 31216
1 31229 31231
1 31318 31320
1 31320 31322
1 31329 31331
1 31376 31378
1 31379 31381
1 31410 31412
1 31466 31468
1 31503 31505
1 31536 31539
1 31594 31597
1 31660 31662
1 31732 31735
1 31739 31741
1 31849 31851
1 31872 31874
1 31876 31878
1 31879 31881
1 31896 31898
1 31905 31907
1 31970 31972
1 31972 31974
1 32052 32054
1 32084 32086
1 32121 32123
1 32145 32147
1 32151 32153
1 32184 32186
1 32230 32232
1 32259 32261
1 32285 32287
1 32288 32291
1 32300 32302
1 32335 32337
1 32379 32381
1 32416 32418
1 32431 32433
1 32447 32449
1 32455 32457
1 32471 32473
1 32474 32476
1 32500 32502
1 32528 32530
1 32530 32532
1 32535 32537
1 32542 32544
1 32563 32565
1 32587 32589
1 32608 32610
1 32629 32631
1 32633 32635
1 32653 32655
1 32657 32660
1 32670 32672
1 32675 32678
1 32678 32680
1 32709 32712
1 32735 32737
1 32753 32755
1 32881 32883
1 32896 32898
1 32909 32911
1 32953 32955
1 32977 32979
1 33014 33016
1 33037 33039
1 33078 33080
1 33120 33122
1 33143 33145
1 33169 33171
1 33182 33184
1 33187 33189
1 33194 33196
1 33212 33214
1 33218 33220
1 33235 33237
1 33237 33239
1 33257 33260
1 33265 33267
1 33326 33328
1 33376 33378
1 33408 33410
1 33429 33431
1 33440 33442
1 33444 33446
1 33474 33476
1 33513 33515
1 33533 33535
1 33535 33537
1 33562 33564
1 33580 33582
1 33592 33594
1 33608 33610
1 33610 33612
1 33620 33622
1 33639 33641
1 33644 33646
1 33651 33653
1 33690 33692
1 33693 33695
1 33702 33704
1 33741 33743
1 33800 33802
1 33809 33811
1 33818 33820
1 33820 33823
1 33830 33832
1 33832 33835
1 33930 33932
1 33978 33980
1 33981 33983
1 33985 33987
1 34059 34061
1 34125 34127
1 34204 34206
1 34283 34285
1 34292 34294
1 34318 34320
1 34376 34378
1 34404 34406
1 34408 34410
1 34431 34433
1 34453 34455
1 34494 34497
1 34525 34527
1 34534 34536
1 34567 34569
1 34601 34603
1 34638 34640
1 34658 34660
1 34682 34684
1 34686 34688
1 34693 34695
1 34800 34802
1 34834 34836
1 34847 34849
1 34868 34870
1 34905 34907
1 34921 34923
1 34952 34954
1 34959 34961
1 34983 34985
1 34990 34992
1 34999 35001
1 35035 35037
1 35043 35045
1 35083 35085
1 35099 35101
1 35108 35110
1 35127 35129
1 35134 35136
1 35138 35140
1 35187 35189
1 35194 35196
1 35228 35230
1 35264 35266
1 35274 35276
1 35277 35279
1 35293 35295
1 35299 35301
1 35303 35305
1 35353 35355
1 35376 35378
1 35403 35406
1 35443 35445
1 35479 35481
1 35482 35485
1 35523 35525
1 35597 35599
1 35628 35630
1 35649 35651
1 35695 35697
1 35712 35714
1 35722 35724
1 35724 35727
1 35753 35755
1 35773 35775
1 35777 35779
1 35795 35797
1 35828 35830
1 35882 35884
1 35890 35892
1 35907 35909
1 35913 35915
1 35922 35924
1 35924 35926
1 35960 35962
1 35963 35965
1 36191 36193
1 36195 36197
1 36226 36228
1 36259 36261
1 36266 36268
1 36296 36298
1 36325 36327
1 36327 36329
1 36349 36351
1 36361 36363
1 36376 36378
1 36410 36412
1 36436 36438
1 36501 36503
1 36654 36656
1 36687 36689
1 36720 36722
1 36744 36746
1 36753 36756
1 36809 36811
1 36827 36829
1 36840 36842
1 36858 36860
1 36863 36865
1 36888 36890
1 36921 36923
1 36964 36966
1 36982 36984
1 37034 37037
1 37038 37040
1 37050 37052
1 37082 37085
1 37092 37094
1 37129 37131
1 37133 37135
1 37142 37144
1 37195 37197
1 37198 37200
1 37204 37206
1 37210 37212
1 37325 37327
1 37394 37396
1 37413 37416
1 37435 37437
1 37518 37520
1 37556 37558
1 37603 37605
1 37644 37646
1 37665 37667
1 37671 37673
1 37674 37676
1 37759 37761
1 37795 37797
1 37849 37851
1 37852 37854
1 37856 37858
1 37860 37862
1 37866 37868
1 37922 37925
1 38004 38006
1 38068 38070
1 38102 38104
1 38122 38125
1 38187 38189
1 38208 38210
1 38212 38214
1 38223 38225
1 38231 38233
1 38239 38241
1 38273 38275
1 38295 38297
1 38333 38335
1 38337 38339
1 38376 38378
1 38398 38400
1 38418 38420
1 38438 38441
1 38447 38449
1 38454 38456
1 38542 38544
1 38554 38556
1 38672 38674
1 38785 38787
1 38804 38806
1 38850 38852
1 38884 38886
1 38891 38893
1 38967 38969
1 39004 39006
1 39022 39024
1 39037 39039
1 39071 39073
1 39074 39076
1 39078 39080
1 39081 39083
1 39096 39098
1 39128 39130
1 39140 39142
1 39146 39148
1 39171 39173
1 39184 39186
1 39212 39214
1 39251 39253
1 39326 39328
1 39343 39345
1 39357 39359
1 39373 39375
1 39417 39420
1 39440 39442
1 39442 39444
1 39488 39490
1 39512 39514
1 39724 39727
1 39754 39756
1 39763 39765
1 39775 39777
1 39788 39790
1 39798 39800
1 39826 39828
1 39830 39832
1 39832 39834
1 39841 39843
1 39960 39962
1 40017 40019
1 40057 40059
1 40077 40079
1 40143 40146
1 40148 40150
1 40200 40202
1 40224 40226
1 40236 40238
1 40258 40260
1 40267 40269
1 40277 40279
1 40282 40284
1 40296 40298
1 40341 40343
1 40382 40384
1 40412 40414
1 40421 40423
1 40437 40441
1 40445 40447
1 40447 40449
1 40458 40460
1 40467 40469
1 40471 40473
1 40498 40500
1 40566 40568
1 40576 40578
1 40604 40606
1 40608 40610
1 40646 40648
1 40651 40653
1 40667 40669
1 40677 40679
1 40693 40695
1 40707 40709
1 40720 40722
1 40801 40803
1 40816 40818
1 40825 40827
1 40827 40829
1 40851 40853
1 40872 40874
1 40879 40881
1 40882 40884
1 41017 41019
1 41028 41030
1 41068 41070
1 41080 41082
1 41130 41132
1 41144 41146
1 41157 41159
1 41170 41172
1 41175 41177
1 41221 41223
1 41251 41253
1 41276 41278
1 41313 41315
1 41323 41325
1 41351 41353
1 41407 41409
1 41410 41412
1 41414 41416
1 41417 41419
1 41457 41459
1 41461 41463
1 41490 41492
1 41502 41505
1 41562 41564
1 41601 41604
1 41625 41629
1 41643 41645
1 41653 41655
1 41681 41683
1 41738 41740
1 41742 41744
1 41773 41775
1 41789 41791
1 41803 41805
1 41819 41821
1 41851 41853
1 41868 41870
1 41898 41900
1 41914 41916
1 41935 41937
1 41955 41957
1 41986 41988
1 42007 42009
1 42014 42016
1 42074 42076
1 42082 42084
1 42130 42133
1 42182 42184
1 42193 42195
1 42199 42201
1 42238 42240
1 42243 42245
1 42255 42257
1 42271 42273
1 42321 42323
1 42338 42340
1 42354 42356
1 42374 42376
1 42392 42394
1 42412 42414
1 42419 42421
1 42447 42449
1 42464 42466
1 42469 42471
1 42504 42506
1 42508 42510
1 42512 42514
1 42540 42542
1 42544 42546
1 42554 42556
1 42583 42585
1 42592 42594
1 42711 42713
1 42720 42722
1 42783 42785
1 42786 42788
1 42872 42874
1 42881 42883
1 42888 42890
1 42900 42902
1 42906 42908
1 42909 42911
1 42924 42926
1 42929 42931
1 42977 42979
1 42980 42982
1 43005 43007
1 43071 43073
1 43092 43094
1 43098 43100
1 43125 43127
1 43148 43150
1 43227 43229
1 43245 43247
1 43313 43315
1 43317 43319
1 43340 43342
1 43349 43351
1 43400 43402
1 43453 43456
1 43466 43468
1 43469 43471
1 43484 43486
1 43526 43528
1 43612 43614
1 43666 43669
1 43682 43684
1 43698 43700
1 43724 43726
1 43735 43737
1 43792 43794
1 43835 43837
1 43850 43852
1 43857 43859
1 43892 43894
1 43916 43918
1 43920 43922
1 43933 43935
1 43953 43955
1 44010 44012
1 44012 44014
1 44026 44028
1 44043 44045
1 44067 44069
1 44081 44083
1 44083 44085
1 44110 44112
1 44122 44124
1 44135 44137
1 44160 44162
1 44189 44191
1 44220 44223
1 44237 44239
1 44275 44277
1 44311 44313
1 44354 44356
1 44382 44384
1 44395 44398
1 44404 44406
1 44424 44426
1 44439 44441
1 44442 44444
1 44512 44514
1 44531 44533
1 44534 44536
1 44586 44588
1 44608 44610
1 44682 44684
1 44750 44752
1 44784 44786
1 44805 44807
1 44818 44820
1 44970 44972
1 44974 44976
1 44983 44985
1 45013 45015
1 45019 45021
1 45057 45059
1 45081 45083
1 45101 45103
1 45123 45125
1 45359 45361
1 45370 45372
1 45373 45375
1 45403 45405
1 45411 45413
1 45431 45433
1 45500 45502
1 45517 45519
1 45538 45540
1 45615 45617
1 45658 45660
1 45680 45682
1 45709 45711
1 45712 45714
1 45715 45717
1 45780 45782
1 45785 45787
1 45791 45793
1 45805 45807
1 45823 45825
1 45828 45830
1 45856 45858
1 45880 45882
1 45919 45921
1 45958 45960
1 46000 46002
1 46012 46014
1 46014 46016
1 46029 46031
1 46036 46038
1 46130 46132
1 46150 46152
1 46169 46171
1 46203 46205
1 46287 46289
1 46302 46304
1 46343 46345
1 46375 46377
1 46377 46379
1 46398 46400
1 46518 46520
1 46534 46536
1 46536 46538
1 46561 46563
1 46592 46594
1 46597 46599
1 46606 46608
1 46636 46638
1 46657 46659
1 46660 46662
1 46681 46683
1 46689 46691
1 46704 46706
1 46717 46719
1 46744 46746
1 46747 46749
1 46749 46751
1 46844 46846
1 46905 46907
1 46929 46931
1 46968 46970
1 46978 46980
1 46986 46990
1 47010 47012
1 47014 47016
1 47063 47065
1 47074 47076
1 47100 47102
1 47108 47110
1 47114 47116
1 47125 47127
1 47142 47144
1 47180 47182
1 47188 47190
1 47214 47216
1 47222 47224
1 47231 47233
1 47253 47255
1 47270 47272
1 47296 47298
1 47306 47308
1 47323 47326
1 47352 47354
1 47366 47368
1 47384 47386
1 47392 47394
1 47409 47411
1 47432 47434
1 47461 47463
1 47490 47492
1 47516 47518
1 47580 47582
1 47608 47610
1 47687 47689
1 47710 47712
1 47747 47749
1 47768 47770
1 47775 47777
1 47785 47787
1 47793 47795
1 47803 47805
1 47807 47809
1 47868 47870
1 47900 47902
1 47903 47905
1 47932 47934
1 47961 47963
1 47999 48001
1 48009 48011
1 48019 48021
1 48029 48031
1 48031 48033
1 48060 48062
1 48087 48089
1 48096 48098
1 48117 48119
1 48166 48168
1 48174 48176
1 48237 48239
1 48250 48252
1 48257 48259
1 48281 48283
1 48292 48294
1 48311 48313
1 48320 48322
1 48338 48340
1 48347 48349
1 48353 48355
1 48376 48378
1 48416 48418
1 48420 48422
1 48430 48432
1 48506 48508
1 48511 48513
1 48544 48546
1 48577 48579
1 48582 48584
1 48587 48589
1 48649 48651
1 48674 48676
1 48695 48697
1 48721 48723
1 48737 48739
1 48758 48760
1 48760 48762
1 48765 48767
1 48771 48773
1 48777 48779
1 48828 48830
1 48888 48890
1 48962 48964
1 48968 48970
1 48983 48986
1 49022 49024
1 49058 49060
1 49064 49066
1 49082 49084
1 49086 49088
1 49098 49100
1 49136 49138
1 49196 49198
1 49215 49217
1 49270 49273
1 49286 49289
1 49292 49294
1 49336 49338
1 49495 49497
1 49500 49502
1 49523 49525
1 49535 49537
1 49550 49553
1 49568 49570
1 49615 49617
1 49626 49628
1 49653 49655
1 49756 49758
1 49780 49782
1 49807 49809
1 49857 49859
1 49872 49874
1 49892 49894
1 49908 49910
1 49945 49947
1 49954 49956
1 49972 49974
1 50028 50030
1 50036 50038
1 50062 50064
1 50086 50088
1 50174 50176
1 50180 50182
1 50263 50265
1 50275 50277
1 50318 50320
1 50323 50325
1 50420 50422
1 50426 50428
1 50446 50448
1 50476 50478
1 50627 50629
1 50674 50676
1 50717 50719
1 50750 50752
1 50761 50763
1 50775 50777
1 50809 50811
1 50811 50813
1 50869 50871
1 50890 50892
1 50934 50936
1 50940 50942
1 50947 50949
1 50967 50969
1 50984 50986
1 51005 51007
1 51007 51009
1 51021 51023
1 51068 51070
1 51103 51105
1 51107 51109
1 51135 51137
1 51200 51202
1 51205 51207
1 51221 51223
1 51265 51267
1 51302 51304
1 51320 51322
1 51336 51338
1 51387 51389
1 51422 51424
1 51427 51429
1 51434 51436
1 51438 51440
1 51446 51448
1 51475 51477
1 51496 51498
1 51532 51534
1 51539 51542
1 51684 51686
1 51698 51700
1 51708 51710
1 51711 51713
1 51725 51727
1 51734 51736
1 51742 51744
1 51766 51768
1 51770 51772
1 51800 51802
1 51819 51821
1 51827 51829
1 51910 51912
1 51917 51919
1 51932 51934
1 51943 51945
1 51991 51993
1 51994 51996
1 52009 52011
1 52012 52014
1 52016 52018
1 52030 52032
1 52149 52151
1 52187 52189
1 52243 52245
1 52246 52248
1 52250 52252
1 52271 52273
1 52313 52315
1 52404 52406
1 52449 52451
1 52467 52469
1 52488 52490
1 52514 52516
1 52527 52529
1 52560 52563
1 52568 52570
1 52591 52593
1 52608 52610
1 52645 52647
1 52673 52675
1 52714 52716
1 52734 52736
1 52739 52741
1 52753 52755
1 52803 52805
1 52813 52816
1 52848 52850
1 52924 52926
1 52945 52947
1 53024 53026
1 53026 53028
1 53084 53086
1 53091 53093
1 53119 53121
1 53142 53144
1 53250 53252
1 53252 53254
1 53260 53262
1 53275 53277
1 53307 53309
1 53313 53315
1 53371 53373
1 53388 53390
1 53401 53403
1 53436 53438
1 53442 53444
1 53461 53463
1 53463 53465
1 53471 53473
1 53486 53488
1 53512 53515
1 53527 53529
1 53558 53560
1 53588 53590
1 53599 53601
1 53603 53605
1 53618 53620
1 53624 53626
1 53642 53644
1 53683 53685
1 53690 53692
1 53700 53702
1 53722 53724
1 53779 53781
1 53794 53797
1 53797 53799
1 53805 53807
1 53818 53820
1 53829 53831
1 53851 53853
1 53892 53894
1 53919 53921
1 53932 53934
1 53959 53961
1 53980 53982
1 53985 53987
1 53999 54001
1 54033 54035
1 54050 54052
1 54053 54055
1 54075 54077
1 54077 54079
1 54089 54091
1 54097 54099
1 54116 54118
1 54153 54156
1 54160 54162
1 54172 54174
1 54219 54222
1 54254 54256
1 54317 54319
1 54323 54325
1 54347 54349
1 54386 54388
1 54390 54392
1 54400 54402
1 54461 54463
1 54589 54591
1 54595 54597
1 54626 54628
1 54642 54644
1 54654 54656
1 54657 54659
1 54728 54730
1 54738 54740
1 54765 54767
1 54796 54798
1 54852 54854
1 54854 54856
1 54885 54887
1 54894 54896
1 54922 54924
1 54942 54944
1 55015 55017
1 55024 55026
1 55037 55039
1 55069 55071
1 55077 55079
1 55112 55114
1 55139 55141
1 55145 55147
1 55174 55176
1 55177 55179
1 55204 55206
1 55223 55225
1 55355 55357
1 55386 55388
1 55407 55410
1 55425 55427
1 55430 55432
1 55452 55454
1 55480 55482
1 55528 55530
1 55545 55547
1 55551 55553
1 55582 55584
1 55616 55618
1 55642 55644
1 55676 55678
1 55714 55716
1 55726 55728
1 55784 55786
1 55811 55813
1 55831 55833
1 55879 55881
1 55889 55891
1 55897 55899
1 55917 55919
1 55929 55931
1 55934 55936
1 55939 55941
1 55957 55959
1 55984 55986
1 56051 56053
1 56112 56114
1 56115 56117
1 56169 56171
1 56178 56180
1 56209 56211
1 56218 56220
1 56229 56232
1 56282 56284
1 56296 56298
1 56301 56303
1 56303 56305
1 56342 56344
1 56366 56368
1 56371 56373
1 56379 56381
1 56381 56383
1 56472 56474
1 56578 56580
1 56600 56602
1 56603 56605
1 56667 56669
1 56680 56682
1 56686 56688
1 56698 56700
1 56741 56743
1 56749 56751
1 56760 56762
1 56786 56788
1 56788 56790
1 56790 56792
1 56832 56834
1 56854 56856
1 56914 56916
1 56940 56942
1 56955 56957
1 56963 56965
1 56987 56989
1 57012 57014
1 57104 57106
1 57125 57127
1 57142 57145
1 57160 57162
1 57189 57191
1 57272 57274
1 57366 57368
1 57374 57376
1 57397 57399
1 57412 57414
1 57453 57456
1 57466 57468
1 57491 57493
1 57509 57511
1 57518 57520
1 57563 57565
1 57572 57574
1 57621 57623
1 57710 57712
1 57743 57745
1 57756 57758
1 57788 57790
1 57818 57820
1 57868 57870
1 57884 57886
1 57920 57922
1 57957 57959
1 58024 58026
1 58050 58052
1 58054 58056
1 58067 58069
1 58100 58102
1 58117 58119
1 58191 58193
1 58195 58197
1 58205 58207
1 58226 58228
1 58229 58231
1 58266 58268
1 58305 58307
1 58311 58313
1 58326 58329
1 58354 58356
1 58389 58391
1 58394 58396
1 58407 58409
1 58413 58415
1 58428 58430
1 58454 58456
1 58470 58472
1 58601 58603
1 58609 58611
1 58662 58664
1 58668 58670
1 58690 58692
1 58726 58728
1 58731 58733
1 58759 58761
1 58778 58780
1 58820 58822
1 58897 58899
1 58903 58905
1 58965 58967
1 59000 59002
1 59011 59013
1 59028 59030
1 59031 59033
1 59052 59054
1 59056 59058
1 59092 59094
1 59107 59109
1 59174 59176
1 59187 59189
1 59208 59210
1 59244 59246
1 59274 59276
1 59296 59298
1 59299 59301
1 59332 59334
1 59433 59435
1 59531 59533
1 59564 59566
1 59592 59594
1 59602 59604
1 59631 59633
1 59657 59660
1 59663 59665
1 59671 59673
1 59682 59684
1 59693 59695
1 59702 59704
1 59743 59745
1 59784 59786
1 59807 59809
1 59833 59835
1 59844 59846
1 59879 59881
1 59883 59885
1 59896 59898
1 59903 59905
1 59989 59991
1 60013 60015
1 60039 60041
1 60046 60048
1 60064 60066
1 60096 60098
1 60116 60118
1 60123 60125
1 60125 60127
1 60131 60133
1 60159 60161
1 60170 60172
1 60227 60229
1 60266 60268
1 60298 60300
1 60302 60304
1 60315 60317
1 60346 60348
1 60362 60364
1 60367 60369
1 60376 60378
1 60391 60393
1 60458 60460
1 60464 60466
1 60475 60477
1 60508 60510
1 60522 60524
1 60524 60526
1 60530 60532
1 60532 60534
1 60553 60555
1 60595 60597
1 60633 60635
1 60647 60649
1 60685 60687
1 60727 60729
1 60759 60761
1 60789 60791
1 60792 60794
1 60802 60804
1 60819 60821
1 60822 60824
1 60839 60841
1 60857 60859
1 60926 60928
1 60966 60968
1 61043 61045
1 61084 61086
1 61092 61094
1 61097 61099
1 61192 61194
1 61227 61229
1 61273 61275
1 61276 61278
1 61296 61298
1 61321 61323
1 61357 61360
1 61360 61362
1 61367 61369
1 61369 61371
1 61383 61385
1 61398 61400
1 61403 61405
1 61438 61440
1 61450 61452
1 61476 61478
1 61479 61481
1 61488 61492
1 61492 61494
1 61583 61585
1 61623 61625
1 61641 61643
1 61649 61651
1 61693 61695
1 61705 61707
1 61750 61752
1 61892 61894
1 61902 61904
1 61913 61915
1 61939 61941
1 61962 61964
1 61978 61980
1 61988 61990
1 62003 62005
1 62036 62038
1 62053 62055
1 62164 62166
1 62230 62232
1 62238 62240
1 62246 62248
1 62255 62258
1 62263 62265
1 62284 62286
1 62298 62300
1 62381 62383
1 62410 62412
1 62448 62450
1 62452 62454
1 62474 62476
1 62484 62486
1 62490 62492
1 62515 62517
1 62531 62533
1 62586 62588
1 62602 62604
1 62623 62625
1 62651 62653
1 62695 62697
1 62770 62772
1 62775 62777
1 62781 62783
1 62796 62798
1 62829 62831
1 62861 62863
1 62972 62974
1 63006 63008
1 63014 63016
1 63043 63045
1 63067 63069
1 63121 63123
1 63139 63141
1 63155 63157
1 63176 63178
1 63181 63184
1 63258 63260
1 63264 63267
1 63267 63269
1 63276 63278
1 63292 63294
1 63315 63317
1 63336 63338
1 63343 63345
1 63374 63376
1 63402 63404
1 63405 63407
1 63415 63417
1 63441 63443
1 63476 63478
1 63491 63493
1 63547 63549
1 63568 63570
1 63575 63577
1 63598 63600
1 63606 63608
1 63608 63610
1 63614 63616
1 63618 63620
1 63753 63755
1 63770 63772
1 63792 63794
1 63796 63798
1 63819 63821
1 63883 63885
1 63908 63910
1 63912 63914
1 63925 63927
1 63942 63944
1 63968 63970
1 63975 63977
1 64004 64006
1 64021 64023
1 64044 64046
1 64046 64048
1 64060 64062
1 64079 64082
1 64114 64116
1 64167 64169
1 64194 64196
1 64209 64211
1 64223 64225
1 64236 64238
1 64255 64257
1 64285 64287
1 64304 64306
1 64309 64311
1 64312 64314
1 64314 64316
1 64331 64333
1 64341 64343
1 64366 64368
1 64387 64389
1 64393 64395
1 64413 64415
1 64415 64417
1 64457 64459
1 64489 64491
1 64508 64510
1 64525 64527
1 64543 64545
1 64635 64637
1 64704 64706
1 64710 64712
1 64719 64722
1 64726 64728
1 64746 64748
1 64763 64765
1 64815 64817
1 64922 64924
1 64930 64932
1 64940 64942
1 65002 65004
1 65036 65038
1 65062 65064
1 65067 65069
1 65134 65136
1 65142 65144
1 65169 65171
1 65181 65183
1 65185 65187
1 65192 65194
1 65230 65232
1 65263 65265
1 65269 65271
1 65284 65286
1 65299 65301
1 65339 65341
1 65354 65356
1 65386 65388
1 65432 65434
1 65493 65495
1 65526 65529
1 65558 65560
1 65598 65600
1 65624 65626
1 65642 65644
1 65670 65672
1 65678 65680
1 65688 65690
1 65761 65763
1 65802 65804
1 65833 65835
1 65862 65864
1 65901 65903
1 65917 65919
1 65982 65984
1 65990 65992
1 66018 66020
1 66024 66027
1 66033 66035
1 66085 66087
1 66106 66108
1 66117 66119
1 66159 66161
1 66243 66245
1 66262 66264
1 66319 66321
1 66365 66367
1 66370 66372
1 66405 66407
1 66408 66410
1 66439 66441
1 66474 66476
1 66502 66504
1 66530 66532
1 66533 66535
1 66636 66638
1 66656 66658
1 66732 66734
1 66734 66736
1 66751 66753
1 66755 66757
1 66787 66789
1 66819 66821
1 66821 66823
1 66827 66829
1 66839 66841
1 66890 66892
1 66948 66950
1 66970 66972
1 66979 66981
1 66984 66986
1 67015 67017
1 67018 67020
1 67023 67025
1 67025 67027
1 67030 67032
1 67044 67046
1 67062 67064
1 67096 67098
1 67102 67104
1 67117 67119
1 67123 67125
1 67137 67139
1 67145 67147
1 67157 67159
1 67178 67181
1 67185 67188
1 67233 67235
1 67252 67254
1 67295 67297
1 67302 67304
1 67349 67352
1 67358 67360
1 67400 67402
1 67448 67450
1 67482 67484
1 67500 67502
1 67519 67521
1 67589 67591
1 67599 67601
1 67614 67616
1 67620 67622
1 67636 67638
1 67691 67693
1 67716 67718
1 67719 67721
1 67768 67770
1 67793 67795
1 67808 67810
1 67818 67820
1 67829 67831
1 67876 67878
1 67911 67913
1 67961 67963
1 67991 67993
1 68164 68166
1 68169 68171
1 68176 68178
1 68219 68221
1 68227 68229
1 68245 68247
1 68290 68292
1 68310 68312
1 68314 68316
1 68318 68320
1 68324 68326
1 68380 68382
1 68402 68404
1 68421 68423
1 68428 68430
1 68431 68433
1 68436 68438
1 68480 68482
1 68612 68614
1 68625 68627
1 68693 68695
1 68720 68722
1 68726 68728
1 68728 68730
1 68758 68760
1 68772 68774
1 68780 68782
1 68806 68808
1 68835 68837
1 68849 68851
1 68856 68858
1 68868 68870
1 68889 68891
1 68905 68907
1 68914 68916
1 68921 68923
1 68938 68940
1 68955 68957
1 69016 69018
1 69057 69059
1 69082 69084
1 69152 69154
1 69163 69165
1 69176 69178
1 69186 69188
1 69244 69246
1 69278 69280
1 69288 69290
1 69295 69297
1 69298 69301
1 69308 69310
1 69319 69321
1 69322 69324
1 69381 69383
1 69391 69393
1 69411 69413
1 69431 69434
1 69438 69440
1 69499 69501
1 69509 69512
1 69549 69551
1 69555 69557
1 69571 69573
1 69576 69578
1 69604 69606
1 69612 69614
1 69662 69664
1 69679 69681
1 69704 69706
1 69721 69723
1 69726 69728
1 69761 69763
1 69768 69770
1 69794 69796
1 69817 69819
1 69828 69830
1 69839 69841
1 69868 69870
1 69873 69875
1 69893 69895
1 69913 69915
1 69924 69926
1 69959 69961
1 69962 69964
1 69965 69967
1 69972 69974
1 69974 69976
1 70020 70022
1 70025 70027
1 70033 70035
1 70164 70166
1 70212 70214
1 70253 70255
1 70274 70276
1 70304 70306
1 70348 70350
1 70356 70358
1 70361 70363
1 70364 70366
1 70399 70401
1 70414 70416
1 70468 70470
1 70494 70496
1 70505 70507
1 70546 70548
1 70549 70551
1 70615 70617
1 70645 70647
1 70732 70734
1 70746 70748
1 70768 70770
1 70799 70801
1 70809 70811
1 70835 70837
1 70852 70854
1 70885 70887
1 70891 70893
1 70900 70902
1 70967 70969
1 70971 70973
1 70995 70997
1 71047 71049
1 71071 71073
1 71120 71122
1 71122 71124
1 71150 71152
1 71215 71217
1 71218 71220
1 71223 71225
1 71236 71239
1 71243 71245
1 71247 71249
1 71258 71260
1 71280 71282
1 71308 71310
1 71314 71316
1 71355 71357
1 71403 71405
1 71497 71499
1 71546 71548
1 71562 71564
1 71580 71582
1 71589 71591
1 71653 71655
1 71705 71707
1 71713 71715
1 71757 71759
1 71774 71776
1 71796 71798
1 71810 71812
1 71846 71848
1 71872 71874
1 71888 71890
1 71892 71894
1 71904 71906
1 71919 71921
1 71933 71935
1 72011 72013
1 72037 72039
1 72046 72048
1 72064 72067
1 72160 72162
1 72170 72172
1 72195 72197
1 72215 72217
1 72218 72220
1 72229 72231
1 72268 72270
1 72270 72272
1 72288 72290
1 72307 72309
1 72319 72321
1 72348 72350
1 72362 72364
1 72395 72397
1 72420 72422
1 72445 72447
1 72455 72457
1 72494 72496
1 72500 72502
1 72547 72549
1 72611 72613
1 72637 72639
1 72643 72645
1 72655 72657
1 72673 72675
1 72677 72680
1 72709 72711
1 72735 72737
1 72765 72767
1 72785 72787
1 72789 72791
1 72847 72849
1 72866 72868
1 72884 72886
1 72903 72905
1 72916 72918
1 72958 72960
1 72970 72972
1 73004 73006
1 73016 73018
1 73076 73078
1 73113 73115
1 73119 73121
1 73145 73147
1 73219 73221
1 73245 73247
1 73252 73254
1 73275 73277
1 73301 73303
1 73309 73311
1 73359 73361
1 73379 73381
1 73400 73402
1 73440 73442
1 73468 73470
1 73476 73478
1 73526 73528
1 73553 73555
1 73583 73585
1 73585 73587
1 73588 73590
1 73639 73641
1 73657 73659
1 73711 73713
1 73722 73724
1 73737 73739
1 73793 73796
1 73831 73834
1 73875 73877
1 73915 73917
1 73956 73958
1 73972 73974
1 73986 73988
1 74103 74105
1 74106 74108
1 74146 74148
1 74168 74170
1 74179 74181
1 74227 74229
1 74230 74232
1 74239 74241
1 74256 74258
1 74273 74275
1 74290 74292
1 74321 74323
1 74333 74335
1 74390 74392
1 74402 74404
1 74527 74529
1 74543 74545
1 74549 74551
1 74555 74557
1 74561 74563
1 74608 74610
1 74612 74615
1 74640 74642
1 74700 74702
1 74702 74705
1 74708 74710
1 74710 74712
1 74722 74724
1 74729 74731
1 74737 74739
1 74754 74756
1 74762 74764
1 74767 74769
1 74789 74791
1 74821 74823
1 74861 74863
1 74898 74900
1 74945 74947
1 74952 74954
1 74961 74963
1 74967 74969
1 74985 74987
1 74998 75000
1 75028 75030
1 75055 75057
1 75070 75072
1 75154 75156
1 75188 75190
1 75194 75196
1 75225 75227
1 75242 75244
1 75250 75252
1 75254 75256
1 75261 75263
1 75274 75276
1 75310 75312
1 75365 75367
1 75371 75373
1 75451 75453
1 75453 75455
1 75484 75486
1 75505 75507
1 75549 75551
1 75566 75568
1 75606 75608
1 75635 75637
1 75681 75683
1 75687 75689
1 75729 75731
1 75731 75733
1 75737 75739
1 75774 75776
1 75815 75817
1 75906 75908
1 75977 75979
1 76067 76069
1 76075 76077
1 76081 76083
1 76103 76105
1 76275 76277
1 76283 76285
1 76313 76316
1 76347 76349
1 76349 76351
1 76374 76376
1 76412 76414
1 76442 76444
1 76448 76450
1 76478 76480
1 76523 76525
1 76529 76531
1 76535 76537
1 76540 76542
1 76545 76547
1 76561 76563
1 76596 76598
1 76665 76667
1 76678 76680
1 76698 76700
1 76705 76707
1 76715 76717
1 76751 76753
1 76761 76763
1 76769 76771
1 76792 76794
1 76824 76826
1 76827 76829
1 76837 76839
1 76855 76858
1 76859 76861
1 76889 76891
1 77030 77032
1 77043 77045
1 77168 77170
1 77196 77198
1 77213 77215
1 77232 77234
1 77267 77269
1 77297 77299
1 77366 77368
1 77374 77376
1 77406 77408
1 77421 77423
1 77464 77466
1 77577 77579
1 77581 77583
1 77638 77640
1 77653 77655
1 77659 77661
1 77664 77666
1 77680 77682
1 77698 77700
1 77700 77702
1 77704 77706
1 77759 77761
1 77789 77791
1 77815 77817
1 77844 77846
1 78011 78013
1 78022 78024
1 78029 78031
1 78072 78074
1 78123 78125
1 78241 78243
1 78292 78294
1 78297 78299
1 78362 78364
1 78385 78387
1 78390 78392
1 78438 78440
1 78488 78490
1 78535 78537
1 78544 78546
1 78594 78596
1 78604 78606
1 78622 78624
1 78660 78662
1 78664 78666
1 78684 78686
1 78711 78713
1 78771 78773
1 78801 78803
1 78847 78849
1 78874 78876
1 78921 78923
1 78970 78972
1 78983 78986
1 79037 79039
1 79071 79073
1 79081 79083
1 79150 79152
1 79205 79207
1 79229 79231
1 79306 79308
1 79332 79334
1 79355 79357
1 79371 79373
1 79374 79376
1 79482 79484
1 79486 79488
1 79495 79497
1 79498 79500
1 79529 79531
1 79562 79564
1 79584 79586
1 79711 79713
1 79732 79734
1 79754 79757
1 79775 79777
1 79785 79787
1 79819 79821
1 79833 79835
1 79853 79855
1 79881 79883
1 79973 79975
1 80020 80022
1 80090 80092
1 80095 80097
1 80104 80106
1 80142 80144
1 80217 80219
1 80220 80222
1 80232 80234
1 80242 80244
1 80262 80264
1 80269 80271
1 80271 80273
1 80298 80300
1 80324 80326
1 80351 80353
1 80373 80375
1 80388 80390
1 80398 80400
1 80416 80418
1 80479 80481
1 80509 80511
1 80557 80559
1 80578 80580
1 80618 80620
1 80638 80640
1 80722 80724
1 80727 80729
1 80730 80732
1 80736 80738
1 80772 80774
1 80774 80776
1 80843 80846
1 80856 80858
1 80870 80872
1 80882 80884
1 80889 80891
1 80918 80920
1 80932 80934
1 80935 80937
1 80969 80971
1 80997 80999
1 81016 81018
1 81033 81035
1 81040 81042
1 81042 81044
1 81107 81109
1 81121 81123
1 81126 81128
1 81134 81136
1 81147 81149
1 81163 81165
1 81176 81178
1 81310 81312
1 81448 81450
1 81478 81480
1 81488 81490
1 81516 81518
1 81556 81558
1 81640 81642
1 81665 81667
1 81713 81715
1 81756 81758
1 81774 81776
1 81817 81819
1 81837 81839
1 81843 81845
1 81855 81857
1 81868 81870
1 81899 81901
1 81934 81936
1 81960 81962
1 82017 82019
1 82059 82061
1 82097 82099
1 82101 82103
1 82105 82107
1 82113 82115
1 82130 82132
1 82207 82209
1 82278 82280
1 82289 82291
1 82299 82301
1 82365 82367
1 82367 82370
1 82371 82373
1 82373 82375
1 82379 82381
1 82401 82403
1 82404 82406
1 82442 82444
1 82469 82471
1 82559 82561
1 82597 82599
1 82602 82604
1 82621 82623
1 82662 82664
1 82689 82691
1 82695 82697
1 82709 82711
1 82728 82730
1 82730 82732
1 82824 82826
1 82833 82835
1 82976 82978
1 82980 82982
1 82986 82988
1 83004 83006
1 83011 83013
1 83086 83088
1 83189 83191
1 83212 83214
1 83222 83224
1 83286 83288
1 83298 83300
1 83351 83354
1 83364 83366
1 83401 83403
1 83447 83449
1 83522 83524
1 83571 83573
1 83582 83584
1 83588 83590
1 83610 83612
1 83612 83615
1 83617 83619
1 83631 83633
1 83647 83649
1 83659 83661
1 83680 83682
1 83699 83701
1 83733 83735
1 83743 83746
1 83818 83820
1 83820 83822
1 83834 83836
1 83847 83849
1 83851 83853
1 83873 83875
1 83900 83903
1 83909 83911
1 84008 84010
1 84048 84050
1 84094 84096
1 84172 84174
1 84195 84197
1 84210 84212
1 84220 84222
1 84389 84391
1 84410 84412
1 84423 84426
1 84447 84449
1 84484 84486
1 84500 84502
1 84523 84525
1 84533 84535
1 84541 84543
1 84546 84548
1 84598 84600
1 84665 84667
1 84669 84671
1 84715 84717
1 84733 84735
1 84735 84737
1 84780 84782
1 84789 84791
1 84848 84850
1 84895 84897
1 84920 84922
1 84964 84966
1 84966 84968
1 84980 84982
1 84997 84999
1 85021 85023
1 85113 85115
1 85138 85141
1 85152 85154
1 85164 85166
1 85178 85180
1 85224 85226
1 85232 85234
1 85264 85266
1 85284 85286
1 85287 85289
1 85315 85317
1 85341 85343
1 85360 85362
1 85396 85398
1 85468 85470
1 85515 85517
1 85534 85536
1 85565 85567
1 85590 85592
1 85614 85616
1 85680 85682
1 85707 85709
1 85714 85716
1 85739 85741
1 85764 85767
1 85771 85773
1 85791 85793
1 85805 85807
1 85854 85856
1 85861 85863
1 85871 85873
1 85875 85878
1 85930 85932
1 85952 85954
1 86034 86036
1 86036 86038
1 86054 86056
1 86110 86112
1 86120 86122
1 86158 86160
1 86203 86205
1 86236 86238
1 86268 86270
1 86296 86298
1 86333 86335
1 86351 86353
1 86491 86493
1 86554 86556
1 86558 86560
1 86563 86565
1 86565 86567
1 86585 86587
1 86616 86618
1 86627 86629
1 86724 86726
1 86751 86753
1 86766 86769
1 86824 86826
1 86827 86829
1 86832 86834
1 86862 86864
1 86870 86872
1 86874 86876
1 86909 86911
1 86976 86978
1 86992 86994
1 86999 87001
1 87003 87005
1 87068 87070
1 87103 87105
1 87107 87109
1 87125 87127
1 87143 87145
1 87224 87226
1 87239 87241
1 87344 87346
1 87360 87362
1 87384 87386
1 87392 87394
1 87425 87427
1 87431 87433
1 87449 87451
1 87511 87513
1 87524 87526
1 87563 87565
1 87580 87582
1 87687 87689
1 87779 87781
1 87807 87809
1 87848 87850
1 87869 87871
1 87920 87922
1 87965 87967
1 87968 87970
1 87971 87973
1 87993 87995
1 87998 88000
1 88012 88014
1 88033 88035
1 88059 88061
1 88089 88091
1 88154 88156
1 88168 88170
1 88183 88185
1 88272 88274
1 88286 88288
1 88319 88321
1 88359 88361
1 88395 88397
1 88416 88418
1 88428 88430
1 88445 88447
1 88456 88458
1 88460 88462
1 88475 88477
1 88531 88533
1 88565 88567
1 88572 88574
1 88584 88586
1 88601 88603
1 88620 88622
1 88623 88625
1 88644 88646
1 88704 88706
1 88736 88738
1 88780 88782
1 88815 88817
1 88821 88823
1 88876 88878
1 88940 88942
1 88958 88960
1 88975 88977
1 88999 89001
1 89002 89004
1 89054 89056
1 89196 89198
1 89204 89206
1 89232 89234
1 89239 89241
1 89250 89252
1 89253 89255
1 89273 89275
1 89315 89317
1 89322 89324
1 89358 89360
1 89368 89370
1 89379 89381
1 89455 89457
1 89541 89543
1 89558 89560
1 89583 89585
1 89604 89606
1 89645 89647
1 89647 89649
1 89677 89679
1 89692 89694
1 89726 89728
1 89735 89737
1 89742 89744
1 89801 89803
1 89826 89828
1 89830 89832
1 89873 89875
1 89875 89877
1 89926 89928
1 89936 89938
1 89969 89971
1 89974 89976
1 89986 89988
1 90017 90019
1 90031 90033
1 90070 90072
1 90088 90091
1 90104 90106
1 90152 90154
1 90186 90188
1 90200 90202
1 90220 90222
1 90231 90233
1 90234 90236
1 90244 90246
1 90266 90268
1 90273 90275
1 90281 90283
1 90347 90349
1 90362 90364
1 90367 90369
1 90411 90413
1 90426 90428
1 90436 90438
1 90442 90444
1 90485 90487
1 90516 90518
1 90575 90577
1 90592 90594
1 90628 90630
1 90661 90663
1 90715 90717
1 90731 90734
1 90746 90748
1 90751 90753
1 90766 90768
1 90801 90803
1 90833 90835
1 90835 90837
1 90914 90916
1 90937 90939
1 90939 90941
1 90966 90968
1 90968 90970
1 91031 91033
1 91033 91035
1 91098 91100
1 91166 91168
1 91171 91173
1 91263 91265
1 91296 91298
1 91312 91314
1 91321 91323
1 91332 91334
1 91425 91427
1 91469 91471
1 91478 91480
1 91505 91507
1 91550 91552
1 91613 91615
1 91624 91626
1 91636 91638
1 91655 91657
1 91728 91730
1 91739 91741
1 91742 91744
1 91761 91763
1 91765 91767
1 91795 91797
1 91855 91857
1 91859 91861
1 91907 91909
1 91922 91924
1 91927 91929
1 91932 91934
1 91943 91945
1 91970 91972
1 91995 91997
1 91997 91999
1 92060 92062
1 92076 92078
1 92086 92088
1 92115 92117
1 92147 92149
1 92186 92188
1 92192 92194
1 92245 92247
1 92268 92270
1 92308 92310
1 92323 92325
1 92348 92350
1 92371 92373
1 92399 92401
1 92406 92408
1 92477 92479
1 92494 92496
1 92569 92571
1 92584 92586
1 92591 92593
1 92615 92617
1 92699 92701
1 92708 92710
1 92722 92724
1 92759 92761
1 92792 92794
1 92796 92799
1 92810 92812
1 92824 92826
1 92853 92855
1 92877 92879
1 92895 92897
1 92915 92917
1 92957 92959
1 92963 92965
1 92974 92976
1 92988 92990
1 92990 92992
1 93050 93052
1 93120 93122
1 93134 93136
1 93142 93144
1 93147 93149
1 93233 93235
1 93240 93242
1 93267 93269
1 93296 93298
1 93320 93322
1 93329 93331
1 93332 93334
1 93377 93379
1 93442 93444
1 93482 93484
1 93527 93529
1 93535 93538
1 93549 93551
1 93563 93565
1 93610 93612
1 93629 93631
1 93653 93655
1 93695 93697
1 93707 93709
1 93720 93722
1 93725 93727
1 93751 93753
1 93779 93781
1 93782 93784
1 93790 93792
1 93798 93800
1 93834 93836
1 93856 93858
1 93922 93924
1 93972 93974
1 93982 93984
1 93993 93995
1 94011 94013
1 94025 94027
1 94045 94047
1 94049 94051
1 94055 94057
1 94078 94080
1 94116 94118
1 94119 94121
1 94149 94151
1 94156 94158
1 94187 94189
1 94212 94214
1 94265 94267
1 94275 94277
1 94292 94294
1 94317 94319
1 94399 94401
1 94428 94430
1 94456 94458
1 94524 94526
1 94527 94529
1 94553 94555
1 94574 94576
1 94581 94583
1 94587 94589
1 94589 94591
1 94593 94595
1 94626 94628
1 94650 94652
1 94693 94695
1 94769 94771
1 94787 94789
1 94819 94821
1 94832 94834
1 94841 94843
1 94846 94848
1 94862 94864
1 94884 94886
1 94926 94928
1 94934 94936
1 94953 94955
1 94957 94959
1 95006 95009
1 95017 95019
1 95073 95075
1 95076 95078
1 95096 95098
1 95175 95177
1 95186 95188
1 95189 95191
1 95197 95199
1 95208 95210
1 95211 95213
1 95244 95246
1 95257 95259
1 95270 95272
1 95290 95292
1 95298 95300
1 95310 95312
1 95314 95316
1 95336 95338
1 95375 95377
1 95388 95390
1 95391 95393
1 95414 95417
1 95464 95466
1 95469 95471
1 95480 95482
1 95522 95524
1 95552 95554
1 95580 95582
1 95596 95598
1 95606 95608
1 95670 95673
1 95693 95695
1 95698 95700
1 95711 95713
1 95714 95716
1 95741 95743
1 95757 95759
1 95770 95772
1 95818 95820
1 95869 95871
1 95970 95972
1 95983 95985
1 96003 96005
1 96018 96020
1 96031 96033
1 96039 96041
1 96176 96178
1 96181 96183
1 96238 96240
1 96265 96267
1 96282 96284
1 96287 96289
1 96289 96291
1 96313 96315
1 96343 96345
1 96348 96350
1 96357 96359
1 96364 96366
1 96397 96399
1 96435 96437
1 96472 96474
1 96484 96486
1 96502 96504
1 96532 96534
1 96537 96539
1 96619 96621
1 96635 96637
1 96650 96652
1 96663 96665
1 96665 96667
1 96672 96674
1 96685 96688
1 96691 96693
1 96695 96697
1 96712 96714
1 96719 96721
1 96747 96749
1 96760 96762
1 96805 96807
1 96841 96843
1 96862 96864
1 96869 96871
1 96918 96920
1 96926 96928
1 96941 96943
1 96950 96952
1 96953 96955
1 96972 96974
1 97004 97006
1 97016 97018
1 97036 97038
1 97096 97098
1 97118 97120
1 97146 97148
1 97215 97217
1 97261 97263
1 97264 97266
1 97269 97271
1 97287 97289
1 97312 97314
1 97319 97321
1 97358 97360
1 97369 97371
1 97418 97420
1 97443 97445
1 97462 97464
1 97537 97539
1 97563 97565
1 97583 97585
1 97595 97597
1 97602 97604
1 97613 97615
1 97625 97627
1 97634 97636
1 97690 97692
1 97721 97723
1 97791 97793
1 97817 97819
1 97828 97830
1 97832 97834
1 97847 97849
1 97934 97937
1 97955 97957
1 97957 97960
1 98003 98005
1 98006 98008
1 98027 98029
1 98046 98048
1 98089 98092
1 98123 98125
1 98184 98186
1 98186 98188
1 98208 98210
1 98323 98325
1 98328 98330
1 98330 98332
1 98352 98354
1 98371 98373
1 98424 98426
1 98432 98435
1 98466 98468
1 98502 98504
1 98520 98522
1 98523 98525
1 98527 98529
1 98532 98534
1 98586 98588
1 98605 98607
1 98614 98616
1 98634 98636
1 98658 98660
1 98680 98683
1 98721 98723
1 98745 98747
1 98798 98800
1 98823 98825
1 98828 98830
1 98838 98840
1 98847 98849
1 98874 98876
1 98930 98932
1 98991 98994
1 99008 99011
1 99035 99037
1 99050 99052
1 99056 99058
1 99071 99073
1 99083 99085
1 99098 99100
1 99152 99154
1 99158 99160
1 99214 99216
1 99274 99276
1 99280 99282
1 99292 99294
1 99298 99300
1 99316 99318
1 99329 99331
1 99350 99352
1 99390 99392
1 99403 99405
1 99424 99426
1 99469 99471
1 99518 99520
1 99548 99551
1 99577 99579
1 99592 99594
1 99625 99627
1 99627 99629
1 99629 99631
1 99710 99712
1 99727 99729
1 99778 99780
1 99790 99792
1 99833 99835
1 99876 99878
1 99897 99899
1 99920 99923
1 99929 99931
1 100001 100003
1 100007 100009
1 100011 100013
1 100022 100024
1 100026 100028
1 100030 100032
1 100064 100066
1 100088 100090
1 100098 100100
1 100174 100176
1 100182 100184
1 100207 100210
1 100224 100226
1 100236 100238
1 100291 100293
1 100305 100307
1 100313 100315
1 100331 100333
1 100352 100354
1 100354 100356
1 100361 100363
1 100386 100388
1 100397 100399
1 100399 100401
1 100418 100420
1 100452 100455
1 100548 100550
1 100586 100588
1 100598 100600
1 100608 100610
1 100657 100659
1 100674 100676
1 100679 100681
1 100712 100714
1 100736 100738
1 100741 100743
1 100770 100772
1 100774 100776
1 100783 100785
1 100826 100828
1 100843 100845
1 100848 100850
1 100878 100880
1 100893 100895
1 100920 100922
1 100922 100924
1 100935 100937
1 100944 100946
1 100953 100955
1 100967 100969
1 100996 100998
1 101136 101138
1 101150 101152
1 101232 101234
1 101243 101245
1 101252 101255
1 101268 101270
1 101397 101399
1 101419 101421
1 101443 101445
1 101485 101487
1 101507 101509
1 101515 101517
1 101517 101519
1 101524 101526
1 101551 101553
1 101580 101582
1 101589 101591
1 101599 101601
1 101641 101643
1 101667 101669
1 101703 101705
1 101731 101733
1 101802 101804
1 101850 101852
1 101858 101860
1 101879 101881
1 101887 101889
1 101955 101957
1 102040 102042
1 102061 102063
1 102075 102077
1 102102 102104
1 102144 102146
1 102167 102169
1 102290 102292
1 102299 102301
1 102308 102310
1 102312 102314
1 102328 102330
1 102341 102343
1 102433 102435
1 102474 102476
1 102491 102493
1 102495 102497
1 102504 102506
1 102511 102513
1 102536 102538
1 102563 102565
1 102633 102635
1 102658 102660
1 102663 102665
1 102775 102777
1 102804 102806
1 102853 102855
1 102864 102866
1 102883 102885
1 102888 102890
1 102923 102925
1 102925 102927
1 102962 102964
1 102978 102980
1 103022 103025
1 103035 103037
1 103058 103060
1 103112 103114
1 103115 103117
1 103164 103166
1 103167 103169
1 103190 103192
1 103211 103213
1 103223 103225
1 103231 103233
1 103246 103248
1 103261 103263
1 103304 103306
1 103313 103315
1 103414 103416
1 103451 103453
1 103458 103460
1 103463 103465
1 103467 103469
1 103495 103497
1 103507 103509
1 103528 103530
1 103679 103681
1 103708 103711
1 103712 103714
1 103752 103754
1 103799 103801
1 103829 103831
1 103839 103841
1 103849 103851
1 103857 103859
1 103862 103864
1 103900 103902
1 103906 103908
1 103946 103948
1 103952 103954
1 104003 104005
1 104010 104012
1 104067 104070
1 104072 104074
1 104096 104098
1 104111 104113
1 104129 104131
1 104149 104151
1 104191 104193
1 104215 104217
1 104243 104245
1 104290 104292
1 104304 104306
1 104317 104319
1 104321 104323
1 104421 104423
1 104449 104451
1 104466 104468
1 104473 104475
1 104505 104507
1 104528 104530
1 104547 104549
1 104601 104603
1 104647 104649
1 104685 104687
1 104709 104711
1 104717 104719
1 104727 104729
1 104761 104763
1 104784 104786
1 104834 104836
1 104865 104867
1 104904 104907
1 104946 104948
1 104959 104961
1 104991 104993
1 105000 105003
1 105009 105011
1 105046 105048
1 105070 105072
1 105078 105080
1 105088 105090
1 105095 105097
1 105103 105105
1 105110 105112
1 105192 105194
1 105205 105207
1 105207 105209
1 105210 105212
1 105233 105235
1 105281 105283
1 105294 105296
1 105297 105299
1 105314 105316
1 105317 105319
1 105324 105326
1 105331 105334
1 105356 105358
1 105416 105418
1 105439 105441
1 105481 105483
1 105503 105505
1 105551 105553
1 105580 105582
1 105585 105587
1 105609 105611
1 105611 105613
1 105619 105621
1 105638 105640
1 105662 105664
1 105692 105694
1 105704 105706
1 105723 105725
1 105725 105727
1 105736 105738
1 105748 105750
1 105765 105767
1 105791 105793
1 105877 105879
1 105924 105926
1 105928 105930
1 105952 105954
1 105993 105995
1 105995 105997
1 106001 106003
1 106023 106025
1 106039 106041
1 106041 106043
1 106099 106101
1 106146 106148
1 106153 106155
1 106174 106176
1 106221 106223
1 106239 106241
1 106247 106249
1 106319 106321
1 106387 106389
1 106413 106415
1 106427 106429
1 106451 106453
1 106454 106456
1 106458 106460
1 106484 106486
1 106492 106494
1 106536 106538
1 106571 106573
1 106584 106586
1 106597 106599
1 106635 106637
1 106665 106667
1 106671 106673
1 106701 106703
1 106759 106761
1 106773 106775
1 106782 106784
1 106787 106789
1 106813 106815
1 106823 106825
1 106825 106827
1 106852 106854
1 106866 106868
1 106903 106905
1 106938 106940
1 106953 106955
1 106985 106987
1 106992 106994
1 107018 107020
1 107034 107036
1 107040 107042
1 107043 107045
1 107068 107071
1 107079 107081
1 107103 107105
1 107148 107150
1 107158 107160
1 107163 107165
1 107168 107170
1 107174 107176
1 107195 107197
1 107198 107200
1 107235 107237
1 107237 107239
1 107251 107253
1 107268 107270
1 107279 107281
1 107289 107291
1 107296 107298
1 107367 107369
1 107392 107394
1 107469 107471
1 107522 107524
1 107564 107566
1 107580 107582
1 107598 107600
1 107632 107634
1 107655 107657
1 107704 107706
1 107708 107710
1 107727 107730
1 107739 107741
1 107806 107808
1 107819 107821
1 107846 107848
1 107860 107862
1 107942 107944
1 107949 107951
1 107985 107987
1 108020 108022
1 108026 108028
1 108043 108045
1 108069 108071
1 108099 108101
1 108227 108229
1 108246 108248
1 108253 108255
1 108258 108260
1 108276 108278
1 108300 108302
1 108313 108315
1 108352 108354
1 108360 108362
1 108363 108365
1 108394 108396
1 108449 108451
1 108464 108466
1 108478 108480
1 108483 108485
1 108487 108489
1 108496 108498
1 108501 108503
1 108553 108555
1 108555 108557
1 108574 108576
1 108592 108594
1 108636 108638
1 108658 108660
1 108700 108702
1 108734 108736
1 108806 108808
1 108818 108820
1 108871 108873
1 108877 108879
1 108886 108888
1 108911 108913
1 108952 108954
1 108963 108965
1 109031 109033
1 109047 109049
1 109074 109076
1 109118 109120
1 109209 109211
1 109211 109213
1 109237 109239
1 109241 109243
1 109300 109302
1 109334 109336
1 109357 109359
1 109403 109405
1 109405 109407
1 109411 109413
1 109421 109423
1 109442 109444
1 109477 109479
1 109522 109524
1 109524 109526
1 109531 109533
1 109539 109541
1 109550 109552
1 109583 109585
1 109592 109594
1 109638 109640
1 109651 109653
1 109671 109673
1 109673 109675
1 109678 109680
1 109735 109737
1 109745 109747
1 109748 109750
1 109758 109760
1 109799 109801
1 109835 109837
1 109867 109869
1 109880 109883
1 109938 109940
1 109954 109956
1 109982 109984
1 109995 109997
1 110021 110023
1 110028 110030
1 110035 110037
1 110051 110053
1 110068 110070
1 110097 110099
1 110171 110173
1 110180 110182
1 110195 110197
1 110216 110218
1 110225 110227
1 110241 110243
1 110252 110254
1 110262 110264
1 110277 110279
1 110300 110302
1 110305 110307
1 110409 110411
1 110422 110424
1 110424 110426
1 110432 110434
1 110442 110444
1 110448 110450
1 110512 110514
1 110529 110531
1 110549 110551
1 110591 110593
1 110609 110611
1 110620 110622
1 110625 110627
1 110658 110660
1 110671 110673
1 110689 110691
1 110697 110699
1 110727 110729
1 110750 110752
1 110755 110757
1 110761 110763
1 110808 110810
1 110810 110812
1 110817 110819
1 110848 110850
1 110853 110855
1 110881 110883
1 110909 110911
1 110919 110921
1 110988 110990
1 110993 110995
1 110995 110997
1 111017 111019
1 111020 111022
1 111025 111027
1 111036 111038
1 111083 111085
1 111087 111089
1 111099 111102
1 111115 111117
1 111121 111124
1 111206 111208
1 111237 111239
1 111243 111245
1 111251 111253
1 111260 111262
1 111269 111271
1 111308 111310
1 111398 111400
1 111412 111414
1 111417 111419
1 111470 111472
1 111526 111528
1 111544 111546
1 111555 111557
1 111563 111565
1 111584 111586
1 111610 111612
1 111613 111615
1 111627 111629
1 111637 111639
1 111644 111646
1 111649 111651
1 111662 111664
1 111668 111670
1 111685 111687
1 111692 111694
1 111711 111713
1 111790 111792
1 111873 111875
1 111911 111913
1 111915 111917
1 111983 111985
1 111986 111988
1 112010 112012
1 112020 112022
1 112070 112072
1 112081 112083
1 112107 112109
1 112111 112113
1 112117 112119
1 112163 112165
1 112214 112216
1 112243 112245
1 112252 112254
1 112274 112277
1 112279 112281
1 112282 112284
1 112317 112319
1 112387 112389
1 112416 112418
1 112479 112481
1 112562 112564
1 112586 112588
1 112597 112599
1 112607 112610
1 112651 112653
1 112655 112657
1 112672 112674
1 112743 112745
1 112793 112795
1 112805 112807
1 112825 112827
1 112838 112840
1 112913 112915
1 112941 112943
1 112967 112969
1 112984 112986
1 112993 112995
1 113025 113027
1 113034 113036
1 113077 113079
1 113130 113132
1 113132 113134
1 113137 113139
1 113161 113163
1 113194 113196
1 113209 113211
1 113214 113216
1 113265 113267
1 113298 113300
1 113313 113315
1 113327 113329
1 113343 113345
1 113388 113390
1 113398 113400
1 113401 113403
1 113403 113405
1 113411 113413
1 113413 113415
1 113417 113419
1 113421 113423
1 113450 113452
1 113471 113473
1 113510 113512
1 113529 113531
1 113535 113537
1 113626 113628
1 113672 113674
1 113758 113760
1 113856 113858
1 113866 113868
1 113896 113898
1 113997 113999
1 114009 114011
1 114039 114042
1 114078 114080
1 114136 114138
1 114189 114191
1 114218 114220
1 114264 114266
1 114272 114274
1 114298 114300
1 114317 114319
1 114338 114340
1 114410 114412
1 114457 114459
1 114460 114462
1 114617 114619
1 114705 114707
1 114707 114709
1 114776 114778
1 114798 114800
1 114813 114815
1 114835 114837
1 114838 114840
1 114869 114871
1 114898 114900
1 114900 114902
1 114906 114908
1 114918 114920
1 114921 114923
1 114929 114931
1 114946 114948
1 114959 114961
1 114961 114963
1 114990 114994
1 114994 114996
1 115003 115005
1 115015 115017
1 115053 115055
1 115084 115086
1 115102 115104
1 115146 115148
1 115197 115199
1 115229 115231
1 115244 115246
1 115265 115267
1 115272 115274
1 115280 115282
1 115327 115329
1 115434 115436
1 115452 115454
1 115474 115476
1 115478 115480
1 115540 115542
1 115558 115560
1 115629 115631
1 115649 115651
1 115682 115684
1 115771 115773
1 115779 115781
1 115804 115806
1 115852 115854
1 115868 115870
1 115942 115944
1 115964 115966
1 115996 115998
1 116070 116072
1 116076 116078
1 116084 116086
1 116103 116105
1 116126 116128
1 116129 116131
1 116165 116167
1 116213 116215
1 116239 116241
1 116254 116256
1 116267 116269
1 116297 116299
1 116342 116344
1 116378 116380
1 116385 116387
1 116425 116427
1 116475 116477
1 116489 116491
1 116494 116496
1 116496 116498
1 116550 116552
1 116571 116573
1 116574 116576
1 116582 116584
1 116598 116600
1 116619 116621
1 116704 116706
1 116726 116728
1 116736 116738
1 116818 116820
1 116822 116824
1 116871 116873
1 116888 116890
1 116902 116904
1 116905 116907
1 116930 116932
1 116947 116949
1 116956 116958
1 116967 116969
1 117005 117007
1 117036 117038
1 117049 117051
1 117067 117069
1 117112 117114
1 117128 117130
1 117134 117138
1 117157 117159
1 117172 117174
1 117175 117177
1 117184 117186
1 117194 117196
1 117206 117208
1 117224 117226
1 117234 117236
1 117266 117268
1 117271 117273
1 117309 117311
1 117322 117324
1 117424 117426
1 117467 117469
1 117538 117540
1 117579 117581
1 117594 117596
1 117650 117652
1 117673 117675
1 117676 117678
1 117699 117701
1 117725 117727
1 117759 117761
1 117768 117770
1 117791 117793
1 117811 117814
1 117851 117853
1 117858 117860
1 117891 117893
1 117905 117908
1 117935 117937
1 117969 117971
1 117988 117990
1 118008 118010
1 118066 118068
1 118074 118076
1 118184 118186
1 118191 118193
1 118233 118235
1 118237 118239
1 118239 118241
1 118256 118258
1 118270 118272
1 118296 118298
1 118313 118315
1 118339 118341
1 118348 118350
1 118350 118352
1 118353 118355
1 118364 118366
1 118368 118371
1 118399 118401
1 118411 118413
1 118425 118427
1 118467 118469
1 118567 118569
1 118598 118600
1 118608 118610
1 118614 118616
1 118671 118673
1 118675 118677
1 118719 118721
1 118748 118750
1 118770 118772
1 118800 118802
1 118829 118831
1 118861 118863
1 118930 118932
1 118932 118934
1 118979 118981
1 118996 118998
1 119027 119029
1 119050 119052
1 119052 119054
1 119142 119144
1 119151 119153
1 119159 119161
1 119210 119212
1 119232 119234
1 119239 119241
1 119254 119256
1 119269 119271
1 119285 119287
1 119331 119333
1 119345 119347
1 119370 119372
1 119418 119420
1 119442 119444
1 119482 119484
1 119498 119500
1 119508 119510
1 119584 119586
1 119591 119593
1 119625 119627
1 119672 119674
1 119716 119718
1 119719 119721
1 119722 119724
1 119737 119739
1 119755 119757
1 119758 119760
1 119770 119772
1 119778 119780
1 119794 119796
1 119832 119834
1 119841 119843
1 119855 119857
1 119859 119861
1 119866 119868
1 119873 119875
1 119955 119957
1 119959 119961
1 120061 120063
1 120090 120092
1 120097 120099
1 120101 120103
1 120109 120111
1 120169 120171
1 120181 120183
1 120201 120203
1 120232 120234
1 120237 120239
1 120267 120269
1 120276 120278
1 120289 120291
1 120338 120340
1 120340 120342
1 120347 120349
1 120358 120360
1 120366 120368
1 120388 120390
1 120390 120392
1 120402 120404
1 120409 120411
1 120419 120421
1 120425 120427
1 120456 120458
1 120458 120460
1 120476 120478
1 120497 120499
1 120503 120505
1 120559 120561
1 120610 120612
1 120644 120646
1 120714 120717
1 120754 120756
1 120765 120767
1 120858 120860
1 120874 120876
1 120898 120900
1 120909 120911
1 120926 120928
1 120930 120932
1 120958 120960
1 121027 121029
1 121036 121038
1 121044 121046
1 121078 121080
1 121087 121089
1 121095 121097
1 121097 121099
1 121131 121133
1 121180 121182
1 121192 121194
1 121208 121210
1 121309 121311
1 121318 121320
1 121358 121360
1 121367 121369
1 121403 121405
1 121409 121411
1 121436 121438
1 121438 121440
1 121494 121496
1 121497 121499
1 121512 121514
1 121534 121536
1 121548 121550
1 121581 121583
1 121612 121614
1 121665 121667
1 121675 121677
1 121713 121715
1 121779 121781
1 121875 121877
1 121892 121894
1 121906 121908
1 121920 121922
1 121972 121974
1 121980 121982
1 122006 122008
1 122019 122021
1 122030 122032
1 122078 122080
1 122104 122106
1 122108 122110
1 122218 122220
1 122327 122329
1 122360 122362
1 122367 122369
1 122440 122442
1 122455 122457
1 122475 122477
1 122485 122487
1 122538 122540
1 122552 122554
1 122554 122556
1 122567 122569
1 122577 122579
1 122586 122588
1 122675 122677
1 122728 122730
1 122762 122764
1 122800 122802
1 122822 122824
1 122850 122852
1 122950 122952
1 122952 122954
1 122955 122957
1 122971 122973
1 123022 123024
1 123033 123035
1 123106 123108
1 123241 123243
1 123244 123246
1 123250 123252
1 123269 123271
1 123293 123296
1 123313 123315
1 123355 123357
1 123371 123373
1 123431 123433
1 123466 123468
1 123471 123473
1 123517 123519
1 123522 123524
1 123535 123537
1 123551 123553
1 123566 123568
1 123598 123600
1 123641 123643
1 123645 123647
1 123656 123658
1 123665 123667
1 123667 123669
1 123670 123672
1 123742 123744
1 123757 123759
1 123762 123764
1 123799 123801
1 123832 123834
1 123838 123840
1 123853 123855
1 123907 123909
1 123911 123913
1 123955 123957
1 123966 123968
1 123968 123970
1 123974 123976
1 124048 124050
1 124054 124056
1 124074 124076
1 124099 124101
1 124219 124221
1 124233 124235
1 124239 124241
1 124254 124256
1 124269 124271
1 124329 124331
1 124383 124385
1 124418 124420
1 124468 124470
1 124495 124497
1 124515 124517
1 124560 124562
1 124572 124574
1 124612 124614
1 124632 124634
1 124669 124671
1 124718 124720
1 124724 124726
1 124811 124813
1 124954 124956
1 124973 124975
1 124976 124978
1 124989 124991
1 125009 125011
1 125060 125062
1 125070 125072
1 125120 125122
1 125127 125129
1 125141 125143
1 125159 125161
1 125201 125203
1 125221 125223
1 125232 125234
1 125311 125313
1 125316 125318
1 125359 125361
1 125364 125366
1 125366 125368
1 125413 125415
1 125434 125436
1 125454 125456
1 125536 125538
1 125570 125572
1 125598 125600
1 125630 125632
1 125635 125637
1 125639 125641
1 125657 125660
1 125682 125684
1 125734 125736
1 125769 125771
1 125779 125781
1 125783 125785
1 125785 125787
1 125796 125798
1 125811 125813
1 125826 125828
1 125879 125881
1 125903 125906
1 125947 125949
1 125962 125964
1 125964 125966
1 125982 125984
1 125998 126000
1 126006 126008
1 126017 126019
1 126020 126022
1 126024 126026
1 126053 126055
1 126056 126058
1 126077 126080
1 126080 126082
1 126082 126084
1 126098 126100
1 126128 126130
1 126131 126133
1 126157 126159
1 126167 126169
1 126170 126172
1 126174 126176
1 126183 126185
1 126219 126221
1 126223 126225
1 126241 126243
1 126313 126315
1 126322 126324
1 126326 126328
1 126351 126353
1 126374 126376
1 126450 126452
1 126490 126492
1 126523 126525
1 126602 126604
1 126642 126644
1 126649 126651
1 126663 126665
1 126695 126697
1 126705 126707
1 126761 126763
1 126764 126766
1 126768 126770
1 126773 126775
1 126784 126786
1 126815 126817
1 126817 126819
1 126850 126852
1 126917 126919
1 126920 126922
1 126928 126930
1 126974 126976
1 126988 126990
1 126992 126994
1 126997 126999
1 127007 127010
1 127037 127039
1 127071 127073
1 127096 127098
1 127180 127182
1 127202 127204
1 127209 127211
1 127243 127245
1 127309 127311
1 127322 127325
1 127333 127335
1 127345 127347
1 127347 127349
1 127352 127354
1 127360 127362
1 127379 127381
1 127383 127385
1 127436 127438
1 127442 127444
1 127495 127497
1 127499 127501
1 127525 127527
1 127542 127544
1 127581 127583
1 127629 127631
2 52 56
2 958 962
2 1019 1023
2 1254 1258
2 2110 2114
2 2221 2225
2 3116 3120
2 4110 4114
2 4947 4951
2 4961 4965
2 5060 5065
2 5192 5196
2 5928 5932
2 6398 6402
2 6568 6572
2 6652 6656
2 7234 7238
2 7644 7648
2 12568 12572
2 13046 13050
2 13408 13412
2 13709 13713
2 14538 14542
2 14670 14674
2 14958 14962
2 17961 17965
2 19983 19987
2 20883 20887
2 20955 20959
2 21230 21234
2 21590 21594
2 22324 22328
2 23484 23488
2 24983 24987
2 25090 25094
2 26976 26980
2 27131 27135
2 28533 28537
2 28709 28713
2 28760 28764
2 30971 30976
2 31947 31951
2 32960 32964
2 36300 36304
2 37374 37378
2 37804 37808
2 39344 39348
2 40069 40073
2 40519 40523
2 41848 41852
2 42275 42279
2 43873 43877
2 44016 44020
2 44245 44250
2 45947 45951
2 46225 46229
2 46661 46665
2 48865 48869
2 51086 51090
2 51306 51310
2 52043 52047
2 53746 53750
2 54023 54027
2 54139 54143
2 54181 54185
2 54381 54385
2 55260 55264
2 56374 56378
2 57154 57158
2 57471 57475
2 58218 58223
2 58434 58438
2 61080 61084
2 62313 62317
2 62990 62994
2 63129 63133
2 64220 64224
2 64354 64358
2 65489 65493
2 66518 66522
2 67901 67905
2 68259 68263
2 68392 68396
2 69566 69570
2 70091 70095
2 70513 70517
2 75692 75696
2 77075 77079
2 77156 77161
2 78725 78729
2 79062 79066
2 80156 80160
2 81658 81662
2 81787 81791
2 82073 82077
2 82392 82396
2 82511 82515
2 84640 84644
2 84703 84707
2 85108 85112
2 85841 85845
2 86365 86369
2 87426 87430
2 87631 87635
2 87836 87840
2 88236 88240
2 88368 88372
2 88693 88697
2 90311 90315
2 91271 91275
2 92345 92349
2 92448 92452
2 92593 92597
2 92931 92935
2 94244 94248
2 94262 94266
2 94638 94642
2 96424 96428
2 97160 97164
2 97571 97575
2 100102 100106
2 100788 100792
2 101207 101211
2 102250 102254
2 104333 104337
2 104450 104454
2 105373 105377
2 105565 105569
2 106502 106506
2 106568 106572
2 109656 109660
2 110229 110233
2 111284 111288
2 111376 111380
2 111632 111636
2 111944 111948
2 112876 112880
2 113302 113306
2 114520 114524
2 115743 115747
2 116016 116020
2 116227 116231
2 117190 117194
2 119024 119028
2 119805 119809
2 126628 126632
2 127010 127014
2 127169 127174
3 16687 16693
3 22743 22749
3 28078 28084
3 37686 37692
3 59295 59301
3 65587 65593
3 76823 76829
3 105010 105016
