541
1 50 52
1 62 64
1 75 77
1 129 131
1 150 152
1 182 184
1 196 198
1 200 202
1 209 211
1 226 228
1 241 243
1 331 333
1 333 335
1 360 362
1 406 408
1 438 440
1 518 520
1 538 540
1 540 542
1 616 618
1 656 658
1 687 689
1 692 694
1 695 697
1 700 702
1 707 709
1 712 714
1 771 773
1 821 823
1 861 863
1 866 868
1 875 877
1 900 902
1 902 904
1 917 919
1 920 922
1 967 969
1 980 982
1 1027 1029
1 1061 1063
1 1083 1085
1 1086 1088
1 1112 1114
1 1135 1137
1 1137 1139
1 1147 1149
1 1152 1154
1 1159 1161
1 1216 1218
1 1220 1222
1 1223 1225
1 1251 1253
1 1254 1256
1 1303 1305
1 1310 1312
1 1319 1321
1 1361 1363
1 1391 1393
1 1401 1403
1 1464 1466
1 1495 1497
1 1554 1556
1 1577 1579
1 1581 1583
1 1615 1617
1 1640 1642
1 1689 1691
1 1698 1700
1 1703 1705
1 1707 1709
1 1742 1744
1 1777 1779
1 1791 1793
1 1798 1800
1 1858 1860
1 1911 1913
1 1947 1949
1 1955 1957
1 1966 1968
1 1973 1975
1 2023 2025
1 2025 2027
1 2031 2033
1 2093 2095
1 2098 2100
1 2165 2167
1 2197 2199
1 2225 2227
1 2253 2255
1 2286 2288
1 2291 2293
1 2350 2352
1 2387 2389
1 2411 2413
1 2471 2473
1 2493 2495
1 2499 2501
1 2527 2529
1 2537 2539
1 2542 2544
1 2552 2554
1 2557 2559
1 2591 2593
1 2603 2605
1 2626 2628
1 2654 2656
1 2786 2788
1 2809 2811
1 2842 2844
1 2874 2876
1 2925 2927
1 2930 2932
1 2963 2965
1 2969 2971
1 2977 2979
1 3005 3007
1 3109 3111
1 3118 3120
1 3122 3124
1 3142 3144
1 3161 3163
1 3219 3221
1 3355 3357
1 3409 3411
1 3416 3418
1 3449 3451
1 3463 3465
1 3501 3503
1 3529 3531
1 3552 3554
1 3566 3568
1 3602 3604
1 3610 3612
1 3637 3639
1 3691 3693
1 3696 3698
1 3700 3702
1 3703 3705
1 3763 3765
1 3804 3806
1 3808 3810
1 3810 3812
1 3813 3815
1 3815 3817
1 3836 3838
1 3874 3876
1 3892 3894
1 3911 3913
1 3923 3925
1 3948 3951
1 3980 3982
1 4009 4011
1 4020 4022
1 4027 4029
1 4036 4038
1 4056 4058
1 4065 4067
1 4117 4119
1 4119 4121
1 4148 4150
1 4167 4169
1 4191 4193
1 4256 4258
1 4259 4261
1 4295 4297
1 4298 4300
1 4300 4302
1 4336 4338
1 4388 4390
1 4391 4393
1 4423 4425
1 4470 4472
1 4502 4504
1 4557 4559
1 4569 4571
1 4622 4624
1 4644 4646
1 4652 4654
1 4669 4671
1 4675 4677
1 4682 4684
1 4738 4740
1 4809 4811
1 4834 4836
1 4848 4851
1 4878 4880
1 4884 4886
1 4921 4923
1 4941 4943
1 4961 4963
1 4979 4981
1 4985 4987
1 5003 5005
1 5026 5028
1 5053 5055
1 5057 5059
1 5129 5131
1 5168 5170
1 5171 5173
1 5189 5191
1 5202 5204
1 5212 5214
1 5228 5230
1 5301 5303
1 5303 5305
1 5344 5346
1 5387 5389
1 5434 5436
1 5439 5441
1 5452 5454
1 5460 5462
1 5535 5537
1 5608 5610
1 5610 5612
1 5614 5616
1 5639 5641
1 5694 5696
1 5706 5708
1 5738 5740
1 5785 5787
1 5814 5816
1 5858 5860
1 5881 5883
1 5999 6001
1 6017 6020
1 6103 6105
1 6115 6117
1 6285 6287
1 6366 6368
1 6400 6402
1 6471 6473
1 6474 6476
1 6503 6505
1 6569 6571
1 6587 6589
1 6610 6612
1 6761 6763
1 6784 6786
1 6816 6818
1 6826 6828
1 6829 6831
1 6844 6846
1 6866 6869
1 6894 6896
1 6899 6902
1 6904 6906
1 6914 6916
1 6977 6979
1 7047 7049
1 7057 7059
1 7143 7145
1 7211 7213
1 7233 7236
1 7238 7240
1 7318 7320
1 7363 7365
1 7471 7473
1 7617 7619
1 7643 7645
1 7647 7649
1 7656 7658
1 7711 7713
1 7874 7876
1 7894 7896
1 7905 7907
1 7928 7931
1 7934 7936
1 7958 7960
1 8031 8033
1 8089 8091
1 8133 8135
1 8164 8166
1 8166 8168
1 8213 8215
1 8226 8228
1 8236 8238
1 8240 8242
1 8249 8251
1 8263 8265
1 8295 8297
1 8329 8331
1 8350 8352
1 8356 8358
1 8383 8385
1 8388 8390
1 8403 8405
1 8430 8432
1 8436 8438
1 8467 8469
1 8552 8554
1 8635 8637
1 8657 8659
1 8664 8666
1 8688 8690
1 8701 8703
1 8704 8706
1 8718 8720
1 8725 8727
1 8792 8794
1 8809 8811
1 8827 8829
1 8851 8853
1 8888 8890
1 8891 8893
1 8911 8913
1 8944 8946
1 8946 8948
1 8962 8964
1 8978 8980
1 8990 8992
1 9009 9011
1 9039 9041
1 9074 9077
1 9077 9079
1 9088 9090
1 9145 9147
1 9171 9173
1 9202 9204
1 9231 9233
1 9264 9266
1 9280 9282
1 9321 9323
1 9438 9440
1 9450 9452
1 9510 9512
1 9513 9515
1 9518 9520
1 9520 9522
1 9527 9530
1 9563 9565
1 9580 9582
1 9664 9667
1 9715 9717
1 9738 9740
1 9744 9746
1 9760 9762
1 9768 9770
1 9775 9777
1 9856 9858
1 9862 9864
1 9867 9869
1 9876 9878
1 10012 10014
1 10043 10045
1 10068 10070
1 10083 10085
1 10093 10095
1 10121 10123
1 10156 10158
1 10168 10170
1 10200 10202
1 10206 10208
1 10230 10232
1 10368 10371
1 10374 10376
1 10381 10383
1 10395 10397
1 10413 10415
1 10434 10436
1 10465 10467
1 10493 10495
1 10524 10526
1 10546 10548
1 10622 10624
1 10640 10642
1 10694 10696
1 10742 10744
1 10774 10776
1 10776 10778
1 10779 10781
1 10792 10795
1 10798 10800
1 10819 10821
1 10830 10832
1 10876 10878
1 10892 10894
1 10899 10902
1 10905 10907
1 10950 10952
1 10976 10978
1 10992 10994
1 11010 11012
1 11013 11015
1 11056 11058
1 11098 11100
1 11130 11132
1 11198 11200
1 11202 11204
1 11211 11213
1 11213 11215
1 11290 11292
1 11300 11302
1 11342 11344
1 11347 11349
1 11357 11359
1 11360 11362
1 11381 11383
1 11423 11425
1 11446 11448
1 11474 11476
1 11480 11482
1 11495 11497
1 11515 11517
1 11536 11539
1 11558 11560
1 11611 11613
1 11632 11634
1 11637 11639
1 11643 11645
1 11683 11685
1 11730 11732
1 11776 11778
1 11790 11792
1 11850 11852
1 11852 11854
1 11873 11875
1 11879 11881
1 11912 11914
1 11927 11929
1 11977 11979
1 12030 12032
1 12074 12076
1 12076 12078
1 12098 12100
1 12118 12120
1 12186 12188
1 12188 12190
1 12200 12202
1 12213 12215
1 12216 12218
1 12223 12225
1 12258 12260
1 12261 12263
1 12268 12270
1 12305 12307
1 12309 12311
1 12329 12331
1 12342 12344
1 12379 12381
1 12449 12451
1 12453 12455
1 12537 12539
1 12612 12614
1 12618 12620
1 12630 12632
1 12761 12763
1 12774 12776
1 12817 12819
1 12855 12857
1 12858 12860
1 12884 12886
1 12899 12901
1 12903 12905
1 12919 12921
1 12925 12927
1 12929 12931
1 12931 12933
1 12939 12941
1 12969 12971
1 13013 13015
1 13061 13063
1 13087 13089
1 13132 13134
1 13172 13174
1 13210 13212
1 13260 13262
1 13264 13266
1 13308 13310
1 13321 13323
1 13393 13395
1 13400 13402
1 13484 13486
1 13498 13500
1 13504 13506
1 13507 13509
1 13510 13512
1 13527 13529
1 13683 13685
1 13709 13712
1 13736 13738
1 13738 13740
1 13792 13794
1 13804 13806
1 13834 13836
1 13839 13841
1 13847 13849
1 13926 13928
1 13942 13944
1 13970 13972
1 13999 14001
1 14020 14022
1 14026 14028
1 14050 14052
1 14052 14054
1 14070 14072
1 14102 14104
1 14161 14163
1 14175 14177
1 14193 14195
1 14204 14207
1 14338 14340
1 14479 14481
1 14498 14500
1 14539 14541
1 14550 14552
1 14608 14610
1 14639 14641
1 14663 14665
1 14711 14713
1 14746 14748
1 14777 14779
1 14780 14782
1 14789 14791
1 14792 14794
1 14797 14799
1 14861 14863
2 1337 1341
2 1394 1398
2 2107 2111
2 3940 3944
2 4221 4225
2 5601 5606
2 5789 5793
2 5849 5853
2 6944 6948
2 7145 7149
2 7158 7162
2 7416 7420
2 7801 7805
2 8058 8062
2 8127 8131
2 8150 8154
2 8529 8533
2 8964 8968
2 9694 9698
2 10895 10899
2 11722 11726
2 11904 11908
2 12504 12508
3 6429 6435
3 14445 14451
