185055004 646300469 195167236 658175600 301484579 180005827 84039242 454076452 309498606 168305819 697221335 150020834 231460083 486837033 164872163 959907109 146464711 814295625 196128353 69704382
268267575 60930746 892495757 381425179 9897488 664380765 890406963 712516254 74806348 342580715 279841088 379004367 806378183 276865802 48013452 943207534 740285410 715754256 443115780 782884945
53141211 358162736 790491554 970301487 144391580 753490416 483408092 299626044 459847857 293299510 173995318 383965491 213425043 398320456 851217538 551217903 678874525 453907503 915654771 340822306
928207374 19526410 65754967 113534481 552417460 656487705 751374038 546118268 694857101 408221724 615143763 512807195 154636219 596622922 258658635 964404992 246276053 812477868 119728828 742002102
165906 579315007 218997899 614539486 775196035 523055386 988291569 470404405 832464758 52219197 766330646 686170986 381867675 454109743 361664235 275507258 978571019 868647603 121608937 42354754
386705700 447745181 79863335 843225384 906478142 694449728 304294622 349138748 202280838 76318611 402139384 507563183 628461338 118959582 292195643 763647228 702116796 146669187 368814681 827531495
620111423 366208077 881860475 855742850 349408524 568026147 612006409 992901997 198691687 776218 189110830 372457213 888312962 778152196 627134582 896806732 390395452 687812280 220378375 516016830
478680754 685235247 205901124 474953315 928890500 855163952 340210537 463369663 366238756 108541665 11744564 931493764 504135514 840118799 956606136 422508920 856689456 452628259 957788673 830968012
966377937 753836839 643483568 694363314 735998689 260566260 832908380 154987392 727603792 182514227 842310454 417972027 46790895 966134963 142689165 32273778 738196927 94686346 80170911 408743054
90399773 859660542 167540088 987570360 955796138 34288708 393275685 458922013 932772771 664267748 478022783 453200993 893903449 939742889 473875858 599673165 560886221 647797502 602025428 602944913
864459923 227240752 136413305 220290183 485995425 330580582 63989241 132839070 726611299 822542190 448523777 123436582 579574701 417451733 567180342 276372083 876197375 157846908 229599565 800930206
363122522 287385595 932263687 177725142 820968513 849305947 786063890 310974133 349894791 385115119 839000049 444497273 375449689 775908228 943230342 468447396 382735286 121826197 286190353 271818333
972507260 188208274 761308509 426867797 60365899 318461967 612214310 380474292 315693648 816342044 232254152 443550747 248403636 325246401 149756627 867094374 450360458 244706459 28154467 192542045
90968665 113683767 947118946 686280640 748318634 810347749 625794679 129904239 762888730 214906553 645370095 860206211 655388026 644552424 117593240 790864765 428095567 886643589 818700715 452936082
861301036 853614623 815051678 273501013 809527343 950530164 633222069 245097976 126675388 962741207 437438678 471227756 172403061 715201442 773914776 231923314 666756878 316380123 687936236 605644806
662429352 98776220 66372195 495531663 685728175 121118333 267241412 584777709 204901769 405606005 281072063 524088342 197360610 531043508 458570203 781293682 912255241 209538774 805492371 182829566
407067176 644473312 869654630 949156395 737146701 776995806 84391620 684831118 827674408 112238586 655462031 132045753 567779587 164610657 298114625 55176624 840060041 79468112 729503999 490196961
10926198 202902360 396682673 740927046 272703040 244748063 346277305 533700060 259232117 352836108 348990677 963012147 210914448 176432383 174459323 802931548 71525435 570703496 1404124 963298896
569806380 972036274 205029440 465530125 683497986 959815734 912410326 157697204 705102197 409153331 956681369 25332754 940306177 444032537 306455504 613244387 396202650 392758539 543200277 73846632
322904250 133788916 904045250 583441888 268827226 382964097 301663124 369622080 194497071 271769513 380370042 90589195 756701886 730739892 835927351 377551987 356098318 815108596 907682385 886775331
