0
0
9985615464
56548757873
57853390214
12517214603
16149089522
56883891391
401416322
26355516633
3054185103
10276400678
6128497944
62939422111
4585826209
450876698
61788665695
33391346806
148962174759
196272983556
18876109695
95507309091
1100441447
26017150461
147133097488
77923655386
203806349341
919922516
15588430793
40441598262
69499677008
2461087075
133380351777
8090611533
32798882887
4529089299
29563279671
24836712852
60155839305
1916142860
12975580382
131379259
69252318653
52340947646
112559758213
130019024657
31165847984
67388842403
3378473407
110471064505
5302738023
77704604712
104065381652
49029375691
95616540604
5685017420
110344999191
5819424667
19908218521
35266821857
3564102261
129476018410
63331748369
13463865450
45775228794
50293990563
29442596842
16499913616
24685537407
64939083476
2604137974
1884078931
3267825751
35809134990
94438624442
20373582853
2521170126
134387605796
27330947571
53863145611
562273453
12391843283
5587558261
21760557731
272208125359
2594363565
9781411679
116376008120
30872928093
1503867880
2421539099
194996279
193752388833
14506591313
183265032797
11575403916
74303437834
194979602
7182609216
26110974645
13220667491
31725027523
3307493950
43381154628
57598646688
4574333409
5660151034
4838288598
115421927084
41063294764
36038221912
660687662
1173923245
52384966362
34004805601
54464991668
17111290604
5503010967
21579658615
50129303143
9506775849
3316333726
104754170352
31798393063
20935130076
152927029236
18585923161
3329360249
33486278815
15544803288
34546230638
77944114360
12183635758
2414698947
22524648185
75207426102
109096689665
48293805880
11241428943
11478210780
949969114
71477076969
8372995640
67737684364
2606696673
93487084516
8372946442
17446662537
85830992954
79683804472
82772373710
90844061551
109728159131
77835576086
8267472167
84023113138
91803809684
1740046308
6640671884
90098244139
25965373247
94501716020
894896162
67266091427
101608135669
16508651595
75678067775
1598508456
0
1667825236
1792869762
1647504046
0
9816467102
64295965971
1006933549
14987752770
30523287681
3207767752
18038288617
43467511746
149144400718
27527750840
43597742626
2404964954
8439926762
68495545040
1569893580
10855423276
124573182943
45670172043
25010262321
18439435664
64005129993
124877960470
83162672729
26929794329
11165596246
11740749450
14353140793
28003412614
34258104816
3631640897
4139261309
9305806334
26293567557
12643363539
32124966317
9730406447
68954379399
71101933040
90177875272
13823169892
16441424460
21327707428
109427013
1946517132
2386869438
4926325868
51152220166
12385348263
176932626537
114267713176
19625197150
36460600980
54514210203
36516378187
119570022450
0
127441933219
16417007727
31746784988
6466556875
48136997455
9675084345
10041553817
22243058947
32059875632
176973590195
15535314041
76901793422
3114841165
31862055063
33245146329
753938858
46067490968
106039809120
1063622967
41074228205
14005940116
133581988406
2912042957
5993591285
6358871277
21114988533
33947800012
119413856873
765043644
42192389756
28543711845
78461767970
0
6141829795
12743834734
30390683956
36645605610
0
44210137558
3187633859
2435876304
76074714190
2617399869
23385682672
92127974105
7758944271
64294361140
70479112770
90988478973
36947483001
118762729961
95110135071
95130637966
19875199535
114876235704
49730817146
129189835672
32773250720
4189146507
17088971817
1138575617
29849003958
11577717503
53624723693
58935195183
23453867815
5806703184
33155811573
17592714292
46607711547
