1308196983
14134843804
2921620033
6400869725
4250309077
485453261
668721334
1131852345
5704952638
2937800139
3540438167
21387510805
10556922956
14356574938
8859731608
8091105148
8925275439
2404191933
0
1199959527
5823769722
741997440
941236199
0
24012259570
0
18920605663
2707773116
390911772
0
4798319117
1397132110
2808545384
0
3783905773
3299258789
15607507333
22348416604
160906495
1800687638
0
122021473
6733740614
1746886324
3189916224
3501684096
1182625722
2875283937
3002610456
6204966708
4471099915
3712056434
3965256874
25336694458
2999430339
204797314
482782158
9819146764
2470584005
660803648
431937569
5013363837
745799616
17658405727
8863776601
160906495
13260447423
4702654108
324021738
1962394244
2724266332
1335448619
10557547688
241389523
3508545793
0
3891159128
618061916
468216475
3444770935
6315705754
160906495
17311413903
2819185902
3461399553
1013061599
938310300
4211191256
8330260005
25737221998
1429139788
0
5916483069
20101852272
1402789965
2099956443
0
0
5216082042
18222248487
1171134004
0
4355663871
11585054345
6298330222
2731626298
3287782105
1349022485
0
1789845961
3813528792
1995358651
4969566710
1993555844
5859347463
0
5470266763
894999939
1968326786
12035834118
2593269001
851501934
2321891303
1349022485
6774858334
587182878
8803463469
3013943245
13219538151
6835888154
3765971102
2609862352
0
4243196609
1859087616
18300175739
1276672956
1159814005
4287454117
17551611384
851501934
3690249265
7808672042
0
4442600375
1816450540
338013330
856204265
0
2980736013
0
818793442
1602039847
2221362506
851501934
2639865711
0
0
7965478080
123862180
4529453059
3898436118
11507174443
6212770850
160906495
0
5893897302
10796542309
851501934
8549549717
20550352701
204797314
5913372751
791513591
448906708
1760905089
3047466888
1264014509
2496224565
3452774555
2512896850
0
15537089096
20553700937
1692703834
4728935266
241389523
14196770695
2526956499
4009681353
678849560
9017766192
2980736013
0
15823074459
17357498343
5799902563
875214341
957474455
8979658050
0
1387894703
3489574719
0
263419161
660803648
939028236
2531883122
4006183819
0
7501598127
2003332636
1574451500
0
618061916
0
434672391
17496266402
20458960201
1229173987
6234748559
521264485
778968411
204797314
2450953880
2541984713
5316986055
27279851
3152888847
8254699858
2980736013
3133354945
468216475
0
1746798937
5852348924
4383525093
1567214894
5575244938
851501934
3280916228
0
23168413320
390911772
0
2150978291
14889198103
0
31684172042
8191669782
1361171020
3605219864
160906495
1113416200
14018575389
6342534638
4037035261
0
9025310264
5600339777
0
2914469168
969391498
0
0
6251423066
1513772453
660791640
2763561891
10313167343
12402355287
0
8684805756
1686295868
0
263419161
11338798487
160906495
1311959351
26241220885
11768887850
14024026684
1622966366
23200544735
678849560
10750395372
12658248626
23674389707
13834003685
11085174926
4194868607
14013001190
739024885
1878780007
4974813756
4765129324
6149178186
3357037446
1340813661
902903935
204797314
2240129044
1345220309
149301324
204797314
4860162046
0
418503205
0
10244862888
4834112329
8091105148
6904991977
26799556476
13404276358
1251971008
5910481094
3930224626
0
2203581231
7599716708
875214341
0
322778310
860690631
322778310
510176861
0
4860485572
1158720244
597823396
986922531
2081639525
3853164262
1599462614
0
4932231443
1044777822
3514495849
741997440
859451439
1848883668
1400626435
2368940833
1249405839
8126550160
2375367818
3469282591
9245856794
5725128087
2519891264
1622966366
0
1286174325
1411487154
1587963525
263419161
6966490794
2318889636
13251945521
2183236370
8741012889
8541925868
4217709609
689908040
0
2519891264
0
1570907633
19410697939
1449205097
0
2947637963
5929246794
660803648
71459492
7261703378
10799963841
71459492
3215189034
19793488195
0
1574451500
3832237947
0
10533410003
1955836339
1264014509
7681315841
2426530380
15793177696
8660753341
9920428708
0
2135191790
