693 299
154396385 640494892
528756314 434883274
318065817 264440383
659789618 608119380
648104886 725454492
696703872 543030428
663661241 890791532
108201617 428505484
322953841 119811886
691103781 306647414
549862303 176916719
909058873 455464665
307270852 584469329
722629344 875317523
629938578 244419357
781214571 196670271
304620506 633084214
842804670 567530398
381873604 560028831
7218488 861789186
144376611 625456810
780877709 589558486
134166195 414950796
721407803 553010676
955308712 381588618
132249153 739990894
349655326 541586881
148171213 459480021
458194372 711527040
805750860 225659487
923622443 616919641
541627397 189845338
545052261 705924883
701326769 360797562
153907112 153703898
312119366 610379669
633051912 179752937
356035806 857066210
510023591 487449327
911192542 522937781
366865481 175671834
3720978 958798378
537811759 487222100
451715496 514312094
913636470 134561869
695564572 532291996
942581883 651125279
371623644 124409048
63074409 599149591
243222915 423151881
252728019 259733480
643176870 401033745
139381338 251320507
149124069 414594572
331487170 269144629
189437148 248342016
963352507 406539487
845833861 755591984
896411913 346209706
599986364 192576280
339470265 91311827
674221024 82572049
432342321 906953259
996236456 898717035
293935165 823871256
241618062 426188561
552250086 602446372
326439607 36819590
716162337 182538448
877980489 234609344
970639971 96912084
154071711 720041811
241584077 888321423
204059422 444486812
306061339 405953440
718697236 185635311
544659198 175477372
385632117 74114210
281221796 749035961
69575118 403681059
477587443 276294863
344958619 247221529
256653852 88799826
390143236 215677770
69615948 421663553
829251360 473970282
477181979 395005915
204518014 819349760
65949543 849289623
779931868 351133755
458419083 60835260
97550050 14347775
568484557 889658732
259645750 554047063
633917840 869082275
25145202 819042066
236424238 62605193
647411619 963213705
550125447 754369251
97791696 503316297
263982840 622206694
583095009 633551381
82619261 28565500
11547033 546769678
794174956 544258177
607157917 974478438
105432269 44562564
650759972 725160370
205744623 56560140
163959671 788812018
759517421 870450851
786197016 332668941
280884397 896616998
354325647 78199529
380937488 27828123
792547136 344979556
606529988 854248606
694655265 98844756
675361365 540932136
720653472 638568586
259188592 477025351
199659792 923181961
932329453 657848015
785316592 876288044
568202700 711859964
835360371 264697884
888333017 729753828
973849298 368415357
195626385 789440908
599511876 6405002
933416559 56060135
326810209 692565033
898701472 315946986
911332405 784951414
556831371 37285994
754591964 89276725
738593188 993973134
784935040 181217910
778665739 994337227
332058128 762456137
24400816 386891485
904050172 182407666
636003295 108423720
375403885 843008606
967930133 163815973
457948521 638332658
600592576 963917028
156722720 359729359
560390519 235226467
568069677 797782114
239098409 685400425
510134243 577467057
50978806 752028766
164889533 217280532
710088560 522973050
850448895 695807095
512732494 744621933
765043645 5572719
749446522 370336434
988285031 981229809
180999314 787390629
687572861 811799398
791821787 162447801
552007490 767002401
673284107 246463401
802742189 157822377
155385501 806266306
219727204 683743955
593913332 353321718
367144079 404043218
95990640 981617024
76965016 480476399
888827419 996998470
451741022 505811216
175718445 336525214
727121310 700275843
466233565 300170578
450550347 983917278
806337610 574319764
862578966 528527440
80741175 433952228
948356385 483602916
110481352 360912431
716293558 408395904
975980921 201310302
856922975 866803513
952671463 379464049
19340825 131379259
118844758 727214231
593398052 332310973
660656055 563298067
965893604 826781249
169725639 623612468
142394567 509185528
613787529 889856071
889200712 454786811
115186978 192402414
56222205 263923656
390546877 953655006
216442069 217298606
919899059 843904262
903158973 20051664
485987174 741840499
30052411 482019313
853044666 225880642
348694203 778235197
258285783 384092381
866266221 882003969
364669394 443811758
990976338 256754480
191813219 906988660
500055850 942895402
655120523 746453207
881011222 643999571
344763660 856823540
776963781 292684135
854968296 499252687
766554126 290065702
3996942 576853977
871885397 742091261
834056714 156134329
828218676 177743881
393648807 283659587
253754844 187850026
863335113 7836256
54524481 637801774
33448392 777909553
119086714 774437681
566315031 549859515
937142967 72805571
535999830 106597600
705738352 537686293
991633663 698553902
186304139 770200706
993970424 860312486
438703963 332779127
115921193 851511173
447963124 313740650
460526404 684368942
100922948 398047100
573149774 416271313
459698573 197822958
682461440 972237693
310667100 325551420
120649949 481833527
134347179 214392111
8142693 337442283
284108800 593105379
370738804 705438259
352988444 270146933
58754955 555701636
462029674 452459592
308797554 443252150
873227114 338522359
377179610 702718479
911859661 876435283
717014586 279290297
111602235 260788208
601004930 906480973
805247350 322621782
678137339 564670127
797337845 621334574
99678643 355399364
400446957 710870139
37116960 210364435
800081945 313741470
253001776 792937040
164309298 455246050
887096773 141317752
814946363 957356140
481685113 750342074
883786335 869032217
50127023 660073647
76052831 292917825
10574671 48693590
526945682 714900352
44232029 202084007
166197939 95995740
341945490 399061487
78143285 669578165
924924838 136431237
189986489 751880184
943934692 874965297
357525862 382249882
688272447 510008719
911794181 397712909
855849114 322380958
928083340 961481039
362386984 992059188
499432461 598315995
799730844 805105450
539543511 642981871
374565667 412114382
808810447 775163486
738962012 821298553
567831823 149471018
329079066 521221433
175469752 425710284
435891353 474348188
940665861 306488085
117257541 631443539
30515321 624824684
950287213 220526650
150080690 559167220
458600898 379655987
89467029 105922509
281689702 547580917
553349955 363463478
350131285 634609869
646336729 709278192
814749954 162810808
685184956 463222523
902127716 268301282
131047255 842900648
589121211 14832332
629898749 67277966
175309578 658555203
58123356 354151062
558792931 903896941
876514641 501212618
816465457 228127237
931074841 841137513
287120196 795895896
98268741 785104745
555610858 43082330
769864307 704357619
484656340 41403223
858756493 602689028
493083362 239342127
754317103 594272498
562926441 622267958
548145968 83150379
249394875 401767148
754862686 471122517
222925576 257098825
167725287 510581431
563067321 358072894
76774586 871200174
205432411 94407660
872259936 307561716
744265363 799945399
739416000 315925136
473326366 662932794
3826793 255007173
859919833 695629691
424439047 723459843
757796289 716355287
940797768 420975804
176738588 683565708
964135097 503007916
246969223 603970731
91326270 128335809
636545952 906169138
237116438 507430597
512501528 501500896
365970654 815551892
118295099 559555237
140358821 488892788
935591391 967161676
263465867 547365544
521766573 40228036
634044717 211921935
199098653 958157530
273501231 773263914
349059616 151384939
180494174 693133521
383924189 746293521
1130743 412483339
884733790 511944621
56794724 529905378
626671572 474523998
523498635 260253481
128828207 246629295
509065324 78061514
899450084 127160113
399243106 34823060
757581440 265610777
783720084 81741852
983957578 547027558
128461670 400855851
841963270 763522948
524609981 133063463
752000661 721315491
436160970 372798560
418357542 750932767
472002400 100787292
368396443 427657485
515971496 206273974
631373249 823903730
240236286 717183311
712740500 325855784
123161507 435949678
755687437 469802856
608964295 265367081
714937309 383022513
921343023 125761063
658765598 150219478
708222102 957042181
374499415 656830068
85581494 277882372
730059919 927797441
502521248 330780039
878737294 480260771
724336725 567479253
294997729 906201314
158428823 199662339
954855702 426005213
632497705 382550400
888216226 516605481
303479738 188114072
863896785 52703792
231739503 351945716
274277600 365861467
785704149 665905944
517633951 932595006
992962368 723393017
359186439 770561548
273035650 202871127
477390880 767972790
34365978 550386264
805731742 493679141
786266655 272831912
443745088 217035605
2449443 286650748
59468505 936140024
139310065 919981633
553417748 937472592
362256449 514707656
583510188 331953246
157262574 542057154
241844987 121364543
8955616 685640886
553472622 154689880
654393435 497122870
728248666 2348133
827652050 872841175
835498480 194119011
995991090 282779140
162377124 513212966
139801026 242294287
241344684 256724567
791479582 764123104
808450546 734213391
92167354 295491098
696086078 464540046
115285158 671417335
765370977 668988066
984432325 415821703
332380991 261912943
367831825 523454974
582729419 583057157
103794003 984764356
311862226 270998498
669033509 739516186
761574442 666159799
945173598 982323061
534921492 826283849
530039638 396845000
367781536 888044245
112401955 629876537
420436936 139184679
637157195 606049421
703785711 976149807
912533891 922537901
569280731 954422487
819817875 465308629
476233343 584463896
848290571 553683157
456101256 856202925
989781587 693396101
439027135 856124868
123194261 584805911
320208435 756008602
373924153 929798062
677015562 421018259
50368591 623572337
203940997 103057027
239198737 508049638
104342505 310853922
113252987 944635098
135164746 513269418
918552950 410981779
385895601 722031859
583110435 543667217
841421380 238361441
223700715 890286355
401834256 692531391
67493543 11842635
713645330 581971736
976546505 95049090
980640036 743284383
207837746 993167071
209005719 857385467
194979603 573390965
595010494 74073361
295475939 418002823
506585161 332911131
972518854 866206243
167976045 303138913
884720019 721224867
591394766 553671443
218631294 370788288
990547099 228560740
58650735 118176142
47201282 146594371
70553138 439715589
718726701 414262154
592933914 739758408
619795594 435019886
512935104 898747808
728501409 299352457
630371685 290141714
421869538 920169714
437738228 162405767
77599929 646451262
88752541 395793380
492544840 214849554
228943379 343654680
827983492 275912146
957359628 309540280
593371426 294340139
294402598 968501955
521608227 760744527
797074141 915885648
977601399 409242716
538733908 297066999
487859751 683929095
636425185 194012695
667620249 845663344
116804549 53190451
159241785 117849961
314481380 299687377
243293725 388065037
260221332 464442668
502695402 784194755
638463960 960584700
430109398 29960196
847099297 466371140
7255279 83629503
397721665 500988902
255576464 979826457
93001058 704852403
242382125 936827179
514670153 830716438
834970521 163631244
950668350 842668116
657897257 16452949
46520423 819290383
198926196 311209297
355659363 12032775
17912803 803747911
473675355 760840502
338698319 569342678
58754980 22308373
846921919 872013297
366373594 613003307
952388421 848991234
156105968 366478531
493100255 346496303
114555290 639691010
74625395 754440001
263711710 248991088
288370039 151566900
973978219 696903946
433095980 386213578
131623774 592869589
423122792 159898471
64813048 113659185
163792828 25015857
336523723 984007222
823671607 679280113
129669267 136987917
675164476 754349826
733537687 372704445
224587174 756698955
892509734 865133509
722047264 994685969
678352534 392290290
157403068 278667563
233824670 857313198
506983765 610609597
245978548 57378030
196697485 684451868
730717648 568390239
579476018 938494856
366104981 868518932
954445890 895316965
728405044 818475984
281173736 843816722
722031908 269305089
76671055 424233075
631414869 627537733
977021060 730527662
910873620 174722858
816879694 194854216
25537709 17415336
710804835 442014601
16897258 701100030
188960039 842611355
702451879 593791949
668586236 212367895
727056238 183343740
295644896 269894353
451181443 845929042
514900194 836900558
165956399 617892719
966563742 842580909
649917179 769501529
186631875 730129551
175579232 838585159
166154426 753938858
216703116 660986677
502741378 958132876
885747762 820781494
619530248 843712361
615782716 617326581
535578089 945424168
676515155 339805571
771136769 413371084
135180954 868153135
281168887 661733162
475686485 629145088
553638544 777928744
51226324 436078198
725741167 298959993
797289400 379600
93521365 292971908
450876699 481186980
422615122 62877798
307389039 678564186
179123683 615825315
214089692 115353634
632101164 755114848
803748060 987107433
264039154 596583530
448368493 271047782
124994223 46952281
882846377 268697650
334155405 839782562
119002174 438604084
797723825 848980692
140611928 211696929
206301253 669747987
61880419 112886438
557525752 798913344
938780070 887021661
759217004 346471545
223351515 745734154
404493578 79125178
196132277 423235045
296208284 171047238
289357192 378877135
692524874 777984013
882580395 38750166
812091266 845955343
246240804 774063449
520714356 282137368
659726789 922719144
151340285 525536600
847909051 327142707
681682132 584498240
720198897 723137805
808787322 473408786
935413899 580170546
410670779 716252067
206153712 868306792
394463540 542409636
845005515 757429698
346524801 664699983
324983324 860373216
892505338 757306633
289593880 147609453
624614535 227052668
297901388 617351809
542344996 214856123
343448932 569056562
161627714 692806751
497984914 605711720
98512745 914446915
769716982 355980693
651910263 492354658
342672555 487623275
413475645 293931297
211486159 940458705
206114388 628302653
782869045 938442083
174872770 60933775
615517881 624975271
720386983 933975310
825396220 335893376
261831921 525998013
701297185 275516956
419304197 616733872
272 218
218 211
211 329
329 99
329 178
272 164
99 268
211 644
272 20
20 378
272 200
218 396
644 350
218 313
268 498
178 499
378 601
20 310
350 686
268 545
498 32
268 603
32 539
396 517
396 201
350 623
350 389
329 183
603 72
601 303
201 36
164 531
211 274
211 203
499 267
178 29
200 645
268 684
203 308
396 383
603 2
498 524
268 505
267 391
329 588
539 248
588 421
499 554
99 278
378 471
644 163
72 240
396 409
211 399
471 63
471 557
278 139
471 205
63 412
29 98
29 405
645 672
2 115
29 428
623 543
471 507
623 569
115 335
507 140
399 68
63 276
329 48
389 88
499 647
240 6
623 400
554 259
396 242
524 207
6 224
507 266
98 338
507 541
541 298
644 502
686 370
278 149
338 535
471 673
338 102
308 65
603 277
645 89
378 155
88 27
499 360
396 386
554 675
207 616
115 214
644 299
412 216
214 322
499 85
421 388
163 95
115 212
211 172
303 438
400 548
48 504
378 135
383 264
278 453
278 132
543 529
541 250
248 334
517 583
27 620
224 251
623 509
267 424
310 523
264 271
251 415
102 371
212 551
539 397
48 170
539 28
412 126
201 385
616 550
274 626
543 522
313 476
644 690
405 41
388 573
172 429
41 344
6 589
89 239
68 269
569 53
271 184
391 595
95 610
690 457
184 180
397 442
322 295
405 348
595 94
32 478
250 107
550 671
200 380
673 538
396 192
535 612
539 228
471 187
505 208
2 4
424 500
399 445
505 254
164 247
557 284
85 460
523 434
595 125
383 358
409 147
65 282
550 51
438 287
409 462
612 234
589 82
360 634
412 1
212 5
539 233
335 66
172 249
63 472
132 166
502 491
690 141
140 165
178 609
378 35
149 382
412 470
250 119
399 236
119 169
535 337
172 150
350 461
550 680
239 475
386 454
522 578
1 393
274 469
298 678
472 381
107 134
254 148
334 229
141 190
382 526
371 13
523 608
276 227
460 222
475 590
569 600
63 238
299 191
386 501
282 508
32 356
20 444
550 552
187 494
274 71
396 263
236 19
148 527
53 328
335 10
508 314
634 232
383 436
287 511
616 643
148 567
462 480
276 423
190 50
276 171
524 124
178 106
205 215
526 455
511 52
272 351
250 653
98 364
588 661
385 349
41 77
329 419
276 689
396 189
647 40
538 568
445 174
184 631
505 683
400 113
334 466
187 602
434 629
412 565
499 197
491 572
224 359
250 167
228 154
391 8
505 58
539 300
557 555
338 530
207 25
567 361
349 157
466 563
501 339
645 354
224 76
472 293
457 152
620 244
154 188
29 425
590 561
272 655
480 477
690 483
6 11
293 658
85 321
460 12
50 121
218 606
608 692
191 432
434 296
6 404
227 357
85 44
530 281
126 74
95 636
623 108
454 312
644 103
563 579
233 586
476 362
303 398
678 226
157 367
391 129
442 604
19 553
272 662
557 621
578 331
147 186
661 439
554 392
391 576
8 177
154 547
662 97
276 143
453 649
66 482
149 142
563 669
603 410
85 60
300 637
28 625
606 14
680 605
359 79
454 346
400 411
684 628
689 336
555 463
364 255
79 260
432 542
621 137
557 306
511 592
530 599
388 564
364 130
362 118
147 485
189 230
95 209
608 420
71 198
232 670
552 540
60 657
184 38
125 497
334 343
13 225
359 151
251 283
419 120
530 390
661 279
608 18
188 575
601 161
606 691
428 611
411 46
502 261
538 47
167 484
12 479
623 467
378 668
119 503
505 375
392 175
690 219
621 257
132 515
58 273
405 323
167 373
572 327
462 109
680 413
415 433
229 316
273 87
19 75
463 93
147 618
94 162
201 245
553 533
382 289
547 449
590 615
348 656
449 584
4 241
108 252
672 319
48 558
600 326
226 37
18 352
380 687
139 512
328 101
671 520
370 486
501 682
293 577
74 426
645 55
469 395
396 253
115 243
192 100
483 513
339 492
343 660
485 286
115 384
281 571
18 587
93 446
106 403
321 204
287 185
312 514
579 534
395 648
180 376
289 474
102 69
278 297
514 290
445 104
497 42
362 633
239 59
154 654
177 301
621 652
423 221
633 332
449 160
323 674
378 122
152 536
52 133
313 302
611 585
303 574
129 614
139 598
135 288
598 630
132 91
35 112
515 528
542 632
8 114
530 582
606 667
671 237
142 613
482 123
41 182
484 451
454 320
339 406
409 70
692 676
403 495
281 366
250 496
276 450
204 21
538 179
572 153
150 324
187 607
595 83
266 291
310 430
598 315
94 176
211 464
661 213
587 39
157 62
259 666
572 23
162 639
319 81
631 635
666 408
297 560
618 305
636 231
611 128
83 311
633 580
8 570
175 355
390 158
58 202
129 173
94 309
28 78
583 414
165 456
310 210
38 651
574 427
479 353
21 581
296 96
311 265
528 559
403 368
264 549
140 521
456 448
469 193
338 144
134 110
662 340
501 619
676 465
356 136
52 333
326 459
83 145
218 292
250 307
653 624
237 638
218 518
37 127
474 593
554 330
279 181
540 67
164 640
350 168
118 525
215 325
573 416
47 54
575 377
598 417
610 56
287 256
475 363
433 64
375 537
592 481
427 627
465 435
471 597
512 317
110 617
399 394
79 0
517 258
110 156
590 117
602 146
157 304
632 431
671 642
462 206
597 516
237 441
23 195
104 7
72 159
633 105
533 275
476 473
607 194
211 217
129 407
334 61
474 681
492 341
469 679
376 365
570 489
167 440
689 488
520 487
221 17
597 591
148 31
580 402
547 646
32 270
617 663
254 387
407 665
10 220
691 490
160 45
321 246
444 379
627 92
642 138
202 43
308 90
558 318
518 374
41 622
117 544
672 566
238 196
378 15
376 235
542 437
356 347
237 452
243 9
101 34
435 664
387 443
230 650
560 677
257 519
324 131
639 49
339 84
496 447
631 294
483 22
531 458
174 372
61 659
599 223
456 493
595 30
60 506
163 16
244 24
198 116
677 262
99 685
583 468
343 199
638 33
508 546
229 562
259 641
466 596
228 57
637 556
368 594
341 342
286 532
227 86
394 369
382 401
535 688
303 345
443 285
235 80
580 280
467 73
110 510
431 26
610 111
37 3
325 418
330 422
1 208 280571386 198185861
1 168 271835337 890454097
1 304 805467854 796165484
2 118 388 286034334
1 65 821377565 14256229
1 670 599572587 835367393
2 111 455 975506673
0 330 422 85 422
0 85 422 319 422
0 319 422 396 422
1 269 526617255 549662771
2 98 455 828192526
2 179 377 925566158
0 396 422 159 422
1 115 866395470 506706019
0 159 422 512 422
2 477 364 599527228
2 566 634 183791713
2 94 516 408845042
0 512 422 672 422
2 237 18 5599761
2 414 315 105509337
1 130 945842509 315615429
1 126 462612772 319819718
1 355 356062110 50343981
1 584 449515697 325893414
0 672 422 198 422
2 442 101 484068224
0 198 422 387 422
0 387 422 592 422
1 422 543698305 374224595
2 623 430 141593360
2 373 234 379313930
1 323 998103513 975981482
1 641 852971048 142013733
1 628 423498723 844152675
1 586 951847954 692460797
1 577 766798650 948546508
2 279 602 469615080
0 592 422 272 422
1 320 72820673 261093694
2 193 225 756962591
1 432 778747465 559774642
0 272 422 456 422
0 456 422 191 422
1 544 133175307 756287490
2 334 183 10070670
2 661 501 367682372
1 330 812746413 638986226
0 191 422 588 422
0 588 422 358 422
2 370 252 217691048
2 5 671 772146375
1 140 177124123 592672947
0 358 422 2 422
0 2 422 634 422
1 350 726472900 956813241
0 634 422 232 422
2 107 198 543451092
2 509 337 170598191
1 242 556709179 107318894
2 354 654 432443249
1 64 650330887 696262063
0 232 422 32 422
2 463 296 230551225
2 215 197 510016136
0 32 422 124 422
1 649 851150233 15266338
0 124 422 378 422
0 378 422 254 422
2 510 300 105886847
1 267 177051121 729098685
2 94 452 677592017
2 650 36 477128571
2 127 150 194144768
0 254 422 479 422
1 327 378338340 563355549
0 479 422 343 422
0 343 422 501 422
1 205 524342743 716139583
0 501 422 690 422
0 690 422 10 422
1 451 406874913 453394962
0 10 422 293 422
1 128 964708524 858577924
2 264 445 466487959
2 321 407 333063232
2 592 413 266054034
2 560 43 551061945
2 431 553 379676384
1 198 259431680 177023720
1 567 748714229 433741804
1 54 312717082 470808389
2 357 570 97992488
1 313 579784435 625459757
1 538 305007206 456075062
0 293 422 326 422
2 314 293 377560276
1 463 909699921 755821674
2 592 415 96168941
2 354 583 457920510
0 326 422 189 422
0 189 422 178 422
0 178 422 474 422
2 531 72 602467940
1 50 389692191 541052995
2 483 135 801825834
1 225 834475565 485817387
2 319 230 960524131
0 474 422 555 422
2 172 267 666976734
1 569 493410297 794634746
0 555 422 201 422
1 553 738293307 468125625
1 209 86492019 540656057
1 30 792554622 580261630
1 41 499484267 97949
1 612 573433463 630715365
0 201 422 214 422
2 135 444 678066808
1 688 369394397 982705352
0 214 422 167 422
0 167 422 569 422
2 63 608 268538935
2 88 421 729965638
1 591 445725084 261781671
2 647 427 926118237
1 217 60984776 592393543
1 447 99332559 315747764
1 18 126195126 175880009
2 281 432 350475828
1 612 41520247 488139029
2 219 635 48200408
2 127 121 535439906
0 569 422 377 422
0 377 422 289 422
2 493 177 604134825
0 289 422 378 422
1 396 622828407 739667836
0 378 422 553 422
0 553 422 621 422
1 335 941970118 772402166
2 347 40 836506662
0 621 422 141 422
1 547 340387837 347875765
1 106 763683289 903080069
1 540 993385676 26013339
1 287 273216615 135854495
0 141 422 95 422
2 380 470 317452457
1 430 529304615 124299503
2 379 629 119124888
2 256 42 619377280
1 411 747069060 446021402
0 95 422 58 422
0 58 422 321 422
2 384 559 812707770
1 36 256459414 425122379
0 321 422 557 422
0 557 422 227 422
0 227 422 381 422
2 595 430 594434119
1 460 74918381 709822109
0 381 422 470 422
2 352 316 242641038
1 688 474800538 493086683
0 470 422 425 422
1 265 974442703 570132589
0 425 422 589 422
0 589 422 70 422
0 70 422 590 422
0 590 422 580 422
1 309 332911584 466296116
0 580 422 158 422
1 660 939706200 347701306
2 560 20 405730539
1 289 659585567 117950636
2 670 128 247795863
1 180 438017553 125608205
1 639 841131025 230618079
1 101 910585843 583519264
0 158 422 349 422
2 200 480 621329740
0 349 422 635 422
0 635 422 612 422
2 160 411 496705579
2 0 417 593069190
1 199 144708536 666521169
0 612 422 323 422
1 524 639464952 248847386
0 323 422 102 422
2 437 299 661263876
2 0 317 602079551
2 189 249 430319382
0 102 422 319 422
2 334 271 172254404
2 483 641 259417361
2 522 558 90812347
1 25 118817983 786188588
0 319 422 47 422
2 459 145 965610207
2 573 17 193544097
0 47 422 378 422
1 71 120977417 778598505
2 450 482 846906656
0 378 422 386 422
2 136 95 381055827
1 502 502470538 846529173
0 386 422 138 422
1 9 169512956 505545621
2 639 530 824129897
2 341 556 285688747
2 332 230 818005014
2 71 286 773615957
0 138 422 597 422
0 597 422 277 422
2 602 631 968930229
2 48 440 942807641
2 660 441 249402321
1 236 331394984 45341406
2 99 460 596891439
1 592 305625472 463359013
2 345 69 994614642
2 632 372 210261034
2 638 137 158030331
0 277 422 643 422
0 643 422 343 422
1 171 959524630 176849314
2 402 152 953683862
2 548 233 476235423
0 343 422 186 422
0 186 422 164 422
1 382 672147414 269147
0 164 422 117 422
0 117 422 494 422
1 551 156252862 884815280
0 494 422 542 422
0 542 422 102 422
2 676 336 462934048
0 102 422 625 422
2 477 678 169740984
0 625 422 334 422
0 334 422 633 422
1 117 818214959 23373158
2 596 352 39691609
1 559 483349494 166060254
1 346 373189894 334141542
2 173 108 229284408
0 633 422 637 422
2 504 394 985029338
0 637 422 642 422
1 21 865170496 536916520
1 5 546599763 529618038
2 125 598 858878192
1 393 739542359 361794212
0 642 422 329 422
1 155 49089741 3696304
0 329 422 239 422
2 538 198 366716026
0 239 422 316 422
2 344 4 393791239
2 36 249 347078021
1 99 478443549 284940426
1 668 640065042 90642998
0 316 422 622 422
2 672 367 285016879
2 491 257 934169646
2 83 326 792585506
1 214 523678427 126776374
2 648 556 925280877
2 603 403 685848086
2 621 188 495185586
2 453 209 873853476
2 224 522 364986261
0 622 422 147 422
2 365 380 844668499
0 147 422 691 422
0 691 422 623 422
1 358 909629645 581863223
1 318 145673511 906994171
0 623 422 382 422
2 44 580 985934158
0 382 422 167 422
1 597 456953225 563017707
1 649 293814053 534903017
2 488 566 513177694
2 112 93 31205071
2 304 197 676280280
2 398 368 837428461
1 584 709024071 629420456
1 544 146359098 603050178
2 387 103 186856984
0 167 422 61 422
0 61 422 200 422
2 557 478 963626599
1 448 266233858 861994381
2 500 230 586314410
1 287 159331974 337643657
0 200 422 539 422
