198 235
136987925 40280999
438515316 805152546
234164455 129099933
971852322 983937488
410134226 668461222
574343410 885417013
394300888 86086437
570981512 221329455
57893313 584381871
154204050 738660729
728257730 551666498
540440395 165573287
512342481 452470821
669622704 340240729
965382637 953292241
144902420 86035524
289571087 987645468
423893887 928104871
464748970 105872436
123582648 242780928
505538018 199537013
745991284 983136444
65304380 842202106
646596194 140145001
630412666 134706415
170189560 917006962
498351628 78228861
784928509 545206283
276287906 127534371
580361499 602636875
833497707 569752320
168745740 687931378
25556223 401296664
903079779 244718550
696658578 923575834
20801452 728508574
144327568 355924229
987918031 767675763
39770238 690017157
35094959 619519152
803294930 322191158
334280934 412368057
946079173 696252934
727024413 429649275
739609645 879769415
84017876 429336930
578822042 559811577
192014410 783587083
235524451 277645214
641105036 776026757
478219071 115129181
14794717 647713890
894892899 720571222
16609339 29190516
796633469 940732244
641040998 243193942
968755344 956678858
9273459 747543114
522400394 605708171
235611800 713122606
952769735 230441676
782661944 119932537
618863045 263420409
832590610 341598454
889752737 346283651
906815308 693782514
787563200 656787150
558988763 325699987
408388855 484659329
514686814 546683978
168335179 925036722
876453251 928472013
452720554 11844689
152089337 237462880
322160446 768682370
968998502 643437693
43682976 50514865
225072893 729100215
432384535 267319887
944916773 470850912
634063726 30265497
170224155 233237753
310521576 363661868
30383317 169764888
450267292 509435980
637917174 871736242
398793146 910647926
108164903 535373865
729080957 796833592
454223175 403988143
945062275 621479206
158107042 272551814
767759722 136585361
638455940 61417522
286340475 221735821
57584825 684185411
747165461 140519367
201499818 652532397
746971524 597836965
403721690 956715523
163056093 661594742
716321676 768003151
590039321 568646343
716350007 451084111
528630622 313480942
118564699 359276034
829011042 701887370
725160672 666415978
738132896 114167505
659739774 31924187
55285187 560410488
920735597 860283017
130521102 634454758
758692856 367621879
37543667 929265562
700477796 673784691
852411166 71823458
547390767 338428922
269296695 866684149
689572435 918907490
292588976 817571123
959281984 237458599
110596905 240580147
243465870 754150540
417951470 281530082
3734783 837883412
802111065 342905930
634546071 489807159
227640804 152130560
715231873 928498199
246388489 150318222
849120861 925374177
144892128 398434867
729447158 621850442
452366144 469546842
539193694 387659516
713639741 534692970
516992536 857296504
338125823 866018073
835065314 510544637
841323885 623928018
263447617 97154821
157189036 626682906
850977849 865147377
547354126 291373786
244996625 939186671
470490192 110958524
736419273 379219571
498680310 361856442
100482925 442510270
773429066 207078157
857344784 659400969
841728391 692474075
187583663 175274604
203919132 521450008
542450578 561050789
483834182 666635165
281236449 744939400
606001979 339209101
825332345 409340060
105053326 334942889
701010889 52772808
89618200 62382450
312651095 267282041
738280310 813796994
153189967 976016018
645498867 305360396
624826186 89137985
804282525 278984850
215551310 168847257
594398944 553423322
316656380 938695783
362188487 979254770
615808806 280079020
162058870 734380867
181183811 369453245
10097002 370504521
99611573 71283549
375804846 690139394
298702529 556804228
57525846 328898093
541889826 375688946
127439950 637860162
88758222 860742112
825399221 195532272
296560867 898263825
226507935 152656046
744845167 27581792
599790353 363219948
766909963 542625171
231657311 545144535
908129470 857808700
828842601 58937965
640541109 137921815
28350887 652508654
643869974 722021608
678993724 841257574
133264625 93113222
65 168
65 186
168 73
186 189
189 30
186 162
73 152
168 28
186 71
28 156
186 5
152 98
71 179
28 0
189 163
179 130
156 101
186 171
163 50
179 150
5 193
5 16
0 190
190 58
190 143
152 102
58 78
162 90
186 164
98 15
65 62
152 23
30 59
163 173
179 31
102 95
143 69
90 100
62 131
50 106
189 94
5 45
28 89
162 142
15 70
106 132
186 119
171 138
70 165
165 113
31 40
59 160
16 76
98 187
186 109
45 97
171 140
168 99
40 137
173 82
31 39
163 107
99 10
58 104
109 176
40 7
70 18
97 68
193 192
173 61
160 85
104 139
102 46
15 121
95 114
73 153
193 32
45 37
179 167
62 56
143 17
119 181
85 34
102 96
10 105
45 115
68 9
119 86
121 29
10 55
142 21
7 141
187 172
30 36
36 51
50 14
190 135
23 44
167 197
86 112
113 118
150 75
163 185
36 67
44 166
132 128
176 79
138 93
75 182
55 81
139 60
82 188
65 178
85 74
79 83
192 49
100 125
18 19
89 42
142 47
34 147
32 158
131 103
160 72
101 134
119 54
42 33
141 8
150 110
119 24
79 151
158 159
96 145
7 180
40 4
137 136
83 2
76 116
112 108
51 80
58 52
82 63
96 126
73 157
0 11
49 26
109 38
40 169
99 22
61 41
56 133
8 77
156 122
197 127
181 117
160 111
145 120
79 155
98 35
70 144
11 57
22 84
172 48
137 148
67 20
89 6
107 129
7 161
100 177
189 53
144 1
164 170
166 194
129 174
128 123
168 175
185 64
160 66
190 27
39 43
134 191
176 154
55 124
86 13
103 25
14 87
34 91
187 88
42 92
87 196
10 184
139 183
129 149
7 3
65 195
72 146
52 12
0 52 12 197 12
2 88 82 640263313
1 44 840592169 1497454
2 33 174 386617574
1 0 291020255 318554790
2 28 15 743402101
2 78 189 558711506
2 19 196 639620797
1 51 708843882 925044897
2 45 156 296901157
1 53 827868800 435384030
2 193 108 254914868
2 96 28 361262826
1 189 260278946 365764956
1 50 624776853 303886936
0 197 12 82 12
2 80 54 282226328
2 169 172 41286107
1 48 320030779 184913596
1 117 554302059 695132519
1 172 117868169 270053958
2 126 190 767149833
2 60 168 671912025
0 82 12 128 12
2 158 81 896048300
2 164 101 987654110
1 32 656290080 992357741
0 128 12 45 12
1 63 345049737 764563407
1 34 924757858 767271797
2 138 148 486722998
1 85 683615560 654504861
0 45 12 56 12
0 56 12 102 12
1 22 365573723 354787353
1 49 57523375 694331547
0 102 12 119 12
0 119 12 0 12
2 58 79 163891898
2 14 62 39546955
1 132 407240325 488427067
2 196 22 24383556
2 26 99 842501265
2 139 150 727082060
1 153 126624796 741115301
0 0 12 45 12
2 75 138 579587745
0 45 12 154 12
2 144 5 704612620
2 197 168 315098105
2 32 44 719226127
1 147 605073600 724820109
2 28 79 993429671
1 54 921250462 273032776
1 160 797700535 960899906
0 154 12 45 12
1 28 138192751 775798178
1 143 42555256 983120980
1 39 822016969 715987073
2 165 124 815937448
1 160 153256331 305417025
1 20 842087013 659078479
0 45 12 164 12
0 164 12 23 12
1 179 582561768 538929085
2 138 168 650308057
0 23 12 142 12
1 102 652668064 678065313
0 142 12 72 12
1 4 848811705 170548120
1 13 14597412 413462606
2 149 93 524711881
2 168 5 674004065
2 17 177 855179348
1 87 170437509 835244956
1 22 357330747 296842355
2 89 125 836878078
0 72 12 26 12
0 26 12 98 12
0 98 12 137 12
0 137 12 175 12
1 176 260996698 494933045
2 101 98 997354483
0 175 12 79 12
0 79 12 156 12
1 144 188767487 119626811
2 54 43 577967594
1 78 948502220 295922599
1 128 593377271 473570914
1 181 472369933 808785330
0 156 12 113 12
2 139 188 840362267
2 41 155 315806632
0 113 12 10 12
1 58 329992444 386451291
1 136 155540461 468601844
0 10 12 87 12
1 25 49964075 184329926
0 87 12 105 12
0 105 12 85 12
0 85 12 90 12
2 153 116 425341654
1 57 487872274 269087989
2 85 90 42176726
1 66 889017284 978315325
1 13 89979166 706923528
2 47 48 994882576
0 90 12 13 12
1 71 396295907 372093459
1 26 441829179 950601441
0 13 12 76 12
0 76 12 142 12
0 142 12 125 12
2 170 99 764611428
0 125 12 188 12
1 190 882299996 494672960
0 188 12 33 12
0 33 12 42 12
0 42 12 107 12
0 107 12 66 12
2 59 129 592067767
2 195 34 15140711
2 35 121 614445188
2 110 23 691250147
2 159 56 463986383
1 173 612675096 224184782
0 66 12 5 12
0 5 12 95 12
2 51 96 509768421
0 95 12 45 12
0 45 12 179 12
0 179 12 7 12
0 7 12 109 12
2 53 107 335712162
2 136 12 353500207
1 182 409438783 197106172
2 160 42 585454711
1 164 351346636 938492433
2 181 58 186670018
2 62 22 397783740
1 54 327759630 418317194
1 55 14131499 320652025
1 21 818391958 361742407
1 154 547184260 744341616
0 109 12 179 12
2 149 67 853757703
0 179 12 70 12
2 177 110 84358576
0 70 12 168 12
0 168 12 54 12
2 38 106 499455427
2 45 131 240359529
2 12 35 985605493
1 94 898491672 241876530
1 130 429014699 4469662
0 54 12 32 12
1 118 204147850 459468332
0 32 12 114 12
2 196 121 95935666
0 114 12 5 12
0 5 12 86 12
2 60 74 375683587
0 86 12 62 12
1 123 960316604 945346484
2 6 12 376408449
0 62 12 17 12
2 25 26 155587152
0 17 12 55 12
0 55 12 102 12
1 191 182081521 777516131
0 102 12 109 12
0 109 12 138 12
2 186 31 908287340
2 54 26 317389214
1 128 386149468 82805889
0 138 12 94 12
1 152 152336952 849677772
2 164 82 874506133
1 42 358840474 142908517
0 94 12 100 12
0 100 12 50 12
1 157 811665377 115203772
0 50 12 184 12
1 78 503758950 131902664
1 72 452407180 87822540
0 184 12 160 12
2 175 183 672559696
0 160 12 165 12
1 79 744637159 883090642
2 70 23 550367132
1 3 855767809 3693357
1 178 553356793 977290876
1 103 21377172 340544650
0 165 12 40 12
0 40 12 187 12
0 187 12 28 12
2 47 67 275503872
0 28 12 174 12
1 24 899863131 424910186
2 108 132 858135653
0 174 12 190 12
2 143 80 592265013
2 105 66 542280591
2 140 193 56816617
0 190 12 45 12
2 102 111 304076602
2 97 107 480837102
0 45 12 16 12
1 10 52573468 988242385
1 133 624447628 3290101
0 16 12 79 12
0 79 12 54 12
0 54 12 65 12
1 21 648740766 420579519
1 112 147185200 285855662
2 102 56 666591203
0 65 12 156 12
1 169 674704257 678423750
0 156 12 55 12
0 55 12 187 12
0 187 12 139 12
1 68 763171961 671609505
0 139 12 49 12
0 49 12 65 12
1 76 793695601 996467833
2 146 163 238688228
1 109 904418474 430945572
0 65 12 143 12
0 143 12 34 12
0 34 12 127 12
0 127 12 113 12
1 129 749383669 587950076
0 113 12 59 12
0 59 12 7 12
0 7 12 106 12
