88 395
2028038 288974909
111681589 291303632
155763713 177741457
164199419 280452914
745629016 727272894
383855816 451963117
263419162 854025925
625817845 903511050
636159791 788165373
442332845 275132246
358996391 239303569
23523748 398318281
935986354 142493592
695297771 499848367
7061288 551242323
622426889 79384002
19141561 513456960
313082158 130997331
463541290 120030523
986922532 112618850
230228301 678849560
504459523 679335110
334404236 867470925
674397137 958197434
404243925 86377174
618061917 863589554
791513592 435167767
915162679 71459492
341562699 951473804
52898443 401242089
794478015 364178763
453002786 706324970
720922659 653545259
112784413 626625485
423006840 483894301
669309743 618420173
342823401 63159789
669473698 552010351
785773595 78145328
581004065 943346726
856912693 227723599
266280592 128456734
832249498 530649785
552244093 760049622
285284865 907915613
571051695 550324427
172354130 844757180
27279852 835825143
711708324 241389523
601591619 95282135
388198170 895143571
122021474 420267989
870020618 207534299
532166636 503056550
66284176 660803648
200677820 118884818
741997441 706435381
66950057 578541378
975233885 175415879
620832441 628486949
510176862 446057125
926002846 368100055
867115954 621658024
257571541 500057709
658107226 864636173
955201486 957474455
167265453 399008442
497916597 550847494
458109740 758608226
568056530 253805046
617776916 860690631
433527491 86561732
438782171 532703055
330922634 464996346
459050660 396169942
448906709 277614808
853056580 626274617
597214910 510226327
461020002 180426754
43412192 868977854
542275937 209267734
120714503 386859145
84098971 314300240
161552224 119634118
30107400 809928697
130763530 549763654
582647217 556636623
622786609 123862180
51 68
51 46
51 86
86 74
68 49
86 37
74 47
68 59
37 32
49 24
46 11
11 45
24 29
49 60
11 0
60 17
86 81
24 75
60 16
29 55
37 21
45 35
11 2
16 87
87 58
21 8
0 63
46 14
17 5
11 36
87 4
74 44
51 33
74 65
21 10
2 6
46 70
8 30
37 31
60 77
86 26
36 76
47 79
21 84
30 3
70 67
49 28
5 22
65 64
3 48
79 85
79 61
6 66
84 83
65 18
14 56
16 82
87 7
31 52
4 34
75 54
66 12
47 39
35 23
31 15
35 78
48 80
10 50
22 38
0 1
64 62
37 57
21 27
46 40
54 25
55 43
2 72
26 19
15 13
43 71
61 20
1 53
81 41
21 42
26 9
59 69
67 73
0 67 73 16 73
0 16 73 27 73
1 79 986305866 72715382
0 27 73 87 73
1 14 455384570 274344623
0 87 73 37 73
2 74 32 284596920
1 83 330146609 533413148
1 44 9246294 518634012
2 77 39 348647640
0 37 73 47 73
2 22 15 798998019
1 81 240553646 261052324
0 47 73 26 73
0 26 73 30 73
1 85 763158412 970495810
1 27 898560072 319304770
2 77 19 663391954
2 45 43 869461847
1 70 578716139 76163112
0 30 73 65 73
0 65 73 10 73
2 55 47 443637556
1 47 400684389 574053282
0 10 73 24 73
0 24 73 16 73
2 17 83 895851276
0 16 73 26 73
0 26 73 2 73
2 62 38 518587755
0 2 73 47 73
0 47 73 47 73
0 47 73 16 73
2 57 75 742844587
2 49 55 618251865
2 9 62 608071386
1 69 57735656 260476618
0 16 73 47 73
1 61 16771651 327974806
1 69 322810005 442802927
1 62 488250818 205601782
2 50 79 895001824
1 84 26114518 725216553
0 47 73 5 73
2 68 10 611435427
0 5 73 46 73
0 46 73 11 73
0 11 73 49 73
1 41 839924222 131376520
2 25 55 59588081
1 3 998198890 444414348
2 55 63 393515271
2 48 81 571774243
0 49 73 74 73
1 73 426633441 292151786
2 3 15 70147847
0 74 73 51 73
1 78 621250235 992140983
2 46 47 841214656
2 84 36 261644220
1 84 159192546 450356301
1 80 183561276 182729218
0 51 73 26 73
1 10 630548470 373637382
2 18 44 720965021
0 26 73 5 73
0 5 73 4 73
1 43 114267293 941180525
1 38 505964068 271211267
2 11 42 306774272
1 51 77386952 378682755
2 38 23 694044872
0 4 73 57 73
0 57 73 49 73
0 49 73 18 73
2 70 85 669323327
0 18 73 14 73
0 14 73 64 73
0 64 73 37 73
1 20 881502302 245908593
0 37 73 7 73
0 7 73 50 73
1 26 652880395 359007647
2 71 35 545443505
1 34 682475088 81584420
2 79 10 770796680
1 27 112230374 740977150
2 26 65 82938852
2 45 72 50490392
2 82 61 769330344
0 50 73 15 73
0 15 73 0 73
2 60 58 288494966
1 15 314068723 370243858
1 47 913930704 563755869
2 8 56 696565029
2 85 56 561246603
0 0 73 16 73
1 22 957521005 421537295
0 16 73 74 73
1 53 774076874 183985956
2 10 31 322838698
2 2 3 747048967
1 77 184371912 664979797
2 37 67 556316945
0 74 73 46 73
1 3 321516066 882417804
2 6 23 398263015
2 27 17 831348881
2 9 18 529735745
0 46 73 38 73
2 48 47 950801488
2 15 13 319623627
2 11 29 769136867
0 38 73 81 73
1 18 879965706 838241018
2 53 28 954980109
1 82 459089972 108667097
1 56 243042282 250840088
0 81 73 74 73
1 71 554630040 992031137
2 69 32 537796772
1 32 405084590 474295775
2 58 64 662105272
0 74 73 17 73
0 17 73 41 73
2 58 34 279037785
0 41 73 84 73
0 84 73 11 73
2 46 58 402934418
1 1 965064131 437455251
2 31 56 13803840
0 11 73 60 73
2 26 29 755160840
1 39 982142701 141510978
2 31 59 272861427
2 3 82 917832099
2 14 30 287201390
1 25 270388797 661902701
1 38 798338446 649599845
2 29 57 982316512
1 8 428699978 181726585
0 60 73 16 73
1 22 825595060 535372429
2 17 66 71637757
2 84 5 652732796
2 71 2 579496577
1 61 561223184 920056113
1 69 140078054 837794599
2 67 16 306804400
1 55 86792989 954016546
2 8 37 634750662
2 77 54 280324455
2 66 68 171394420
0 16 73 79 73
1 41 610756117 137700306
1 45 282268719 184012728
1 80 158223416 746008461
2 14 23 608294155
0 79 73 21 73
0 21 73 68 73
2 40 13 299460902
2 4 47 725715884
2 67 84 495689088
0 68 73 51 73
0 51 73 0 73
0 0 73 12 73
1 13 913227687 931966778
0 12 73 11 73
1 68 998172643 330321016
1 82 810658605 832672516
2 29 5 310628583
2 74 86 205179617
0 11 73 31 73
2 85 21 693799072
0 31 73 20 73
2 3 52 407161648
1 13 711996486 287959681
2 21 16 184263009
2 47 35 856618326
0 20 73 84 73
2 13 41 635776378
0 84 73 42 73
0 42 73 45 73
0 45 73 30 73
2 58 6 869431296
1 7 332922776 878492331
1 58 836127388 871605418
1 45 913180421 803512469
0 30 73 54 73
0 54 73 31 73
1 20 76603267 818763474
0 31 73 68 73
2 50 51 683675776
2 18 75 202917157
2 73 27 47718146
0 68 73 52 73
2 76 24 106286083
2 86 68 111230645
0 52 73 81 73
1 32 196148908 797678300
1 78 709601332 941433872
0 81 73 14 73
2 82 51 793193811
2 77 43 479005036
0 14 73 70 73
2 9 53 220144981
2 31 50 290799714
0 70 73 74 73
0 74 73 21 73
2 87 57 646743529
2 40 3 799435338
0 21 73 16 73
1 5 438933769 326216449
0 16 73 15 73
1 68 246027039 299726108
0 15 73 66 73
1 39 102949689 4972244
2 22 34 660927431
0 66 73 65 73
0 65 73 12 73
0 12 73 74 73
1 33 193314970 398282223
2 62 59 136654792
1 83 672849247 729640561
0 74 73 29 73
1 4 71627257 719624015
2 81 63 810197549
1 65 95101764 915569162
0 29 73 87 73
1 16 962267577 544082122
1 77 123401378 645042074
2 26 36 25564785
2 8 63 494696193
2 44 22 347088778
0 87 73 8 73
0 8 73 87 73
0 87 73 5 73
2 17 4 408764350
1 80 368885796 112433766
1 50 107354691 96372575
0 5 73 24 73
1 48 420143852 765649476
2 78 45 722970293
2 54 58 839672984
1 54 561138832 222587696
1 14 151574816 237302229
2 82 36 617527293
1 74 89872119 705073504
0 24 73 21 73
1 30 330051120 256049755
2 59 85 528107801
0 21 73 52 73
0 52 73 26 73
0 26 73 11 73
1 82 814930717 344529707
0 11 73 11 73
0 11 73 37 73
0 37 73 46 73
1 82 169727022 315018065
2 10 32 275656207
1 84 691082177 519964581
1 78 889476279 5135366
0 46 73 56 73
0 56 73 24 73
0 24 73 14 73
1 38 207076605 888525614
1 65 251199892 271292862
1 67 966727214 255893313
2 78 58 907680236
2 54 36 449682450
0 14 73 3 73
0 3 73 18 73
2 52 13 910556920
0 18 73 85 73
1 41 688642307 94479851
0 85 73 21 73
1 5 52885914 782306199
1 44 245380516 860375814
1 1 724365511 159695447
2 78 41 318574773
0 21 73 42 73
1 29 293613171 435478502
1 49 670838967 889027000
2 1 4 490275549
0 42 73 4 73
0 4 73 51 73
1 66 529275094 689129941
1 15 263892125 363705329
1 11 909816971 566361738
1 72 148804628 386902605
2 8 73 610782336
2 59 32 495340011
1 59 164698407 919400680
0 51 73 53 73
0 53 73 59 73
0 59 73 16 73
2 31 58 381172293
1 15 817953966 934130652
0 16 73 6 73
0 6 73 15 73
1 21 748104208 629416556
1 42 828371161 765503291
1 21 605917349 233887514
2 26 84 83926899
0 15 73 26 73
0 26 73 75 73
2 72 11 56669171
2 39 7 504104212
1 9 927439121 437897106
0 75 73 49 73
1 62 604187408 947517201
0 49 73 79 73
1 50 924694289 312772012
2 67 44 218229204
1 68 853300501 653471871
0 79 73 75 73
0 75 73 1 73
0 1 73 47 73
1 65 345115979 881862374
1 31 432659910 854537597
0 47 73 53 73
2 0 54 442907334
1 82 995707890 976037751
1 58 610207058 444115172
0 53 73 16 73
2 80 8 737344159
0 16 73 86 73
1 84 247161934 19614120
0 86 73 21 73
0 21 73 21 73
1 49 865672614 85253253
1 16 352153249 379172820
1 74 882042750 254870483
1 84 648793428 366602199
0 21 73 71 73
1 29 611762958 614557306
1 19 683217886 946733506
1 61 801826546 803653440
1 64 155710895 848480456
2 25 13 175056657
1 77 445099977 475739093
2 64 19 812992409
1 58 101601122 101099911
0 71 73 30 73
0 30 73 54 73
0 54 73 26 73
1 71 673517507 100859869
0 26 73 68 73
1 62 107388114 812137591
2 27 76 734926627
1 56 306994233 416576813
1 79 872677865 346930845
1 21 746513333 107764785
2 81 68 328392748
0 68 73 0 73
1 25 602557109 183531961
0 0 73 86 73
2 43 41 959307896
1 53 602031288 119794106
1 32 974248461 52513003
0 86 73 7 73
2 67 66 913741834
0 7 73 15 73
2 34 87 916698716
0 15 73 65 73
0 65 73 65 73
0 65 73 31 73
0 31 73 11 73
1 74 239723012 240066133
0 11 73 86 73
0 86 73 5 73
0 5 73 11 73
0 11 73 46 73
2 28 32 133756143
2 0 80 828427184
1 83 946167270 288878051
2 10 12 128936585
0 46 73 17 73
2 74 65 812238706
1 41 760967640 272667682
0 17 73 49 73
1 45 125942056 315085674
2 6 26 724673856
1 14 120903255 929369889
2 84 84 747135483
2 9 87 750470243
2 72 47 990337858
0 49 73 10 73
0 10 73 77 73
0 77 73 0 73
2 84 83 94372190
1 80 115407995 152589133
2 84 19 481219418
2 10 78 682904113
