532 813
437019263 878914770
692819384 929176066
657049556 799637676
179913267 266003265
731227836 705323037
201246868 183631677
270611176 680342740
326297107 21564799
746492923 599870983
729200874 612278331
480645346 574356910
493730341 591363277
253325504 325980362
738703014 254741788
329123774 683907575
669740494 450885554
614018845 374077434
163113063 320936537
601029515 951620049
216328971 770681525
378142884 85032251
155899670 629223524
235246973 542322453
338915461 75174853
573887053 64213608
920497410 576086096
749498947 767197067
363475925 818309531
279080912 339033753
321770126 765774517
173557205 514849000
829916621 850709523
182362382 782663364
842602015 214140041
530278301 240708812
653573067 302927689
252074633 223654983
610761832 555859320
355822328 958417890
199402857 867137962
905986213 91242177
347675279 449364585
416436445 86842727
943981065 858527700
176373493 209770066
315153330 597307279
925549010 888137901
434772006 971860728
540722012 508879689
276569270 899815865
644228757 492316089
766480008 143772726
74583141 402265862
924734032 510463898
737656735 199740970
876483238 302775122
746517969 79257081
851523675 952372240
774957951 645014315
395646528 838098132
694970241 882381640
299219188 194059538
143048312 519832444
189284341 227491612
971522620 536705246
518293389 781912266
451008093 916363327
379872963 510606382
698548076 589361599
278705258 383112952
984382802 323952534
905975649 438699941
277623577 149001525
413099363 252031418
988861639 756861154
821558233 43108663
478472092 897190804
142238843 310887685
622789931 884147582
11776395 72340310
302339055 829404650
648598587 715960580
608591102 184389331
822129350 88501953
212306189 738892229
457529956 190845897
656970684 477965779
831791148 901802628
849278451 763726707
722255437 212762190
134484679 185931654
503003819 336406888
506820843 843374043
242719768 829345542
399710250 18316929
132876289 652680078
991071284 934062668
716379282 334307859
894537256 650497421
261521121 629193703
164897302 607106868
785569378 515946533
90993686 291104268
318102594 811382590
568786888 107419341
135908713 755143582
712306073 754250122
489546192 640259471
655918461 265991488
357878406 681113213
669444192 432251035
106885968 629061588
409573092 50381254
687024844 895022388
960006316 560844439
41515462 167917029
499799440 510643462
305623389 949635560
562391305 791047020
722231668 430725102
667434085 168118771
13656250 934765012
70893526 60874933
104607757 650374714
687045887 94740582
533755060 465656151
684313043 341719520
412508311 35661521
887144756 982432390
395259788 250662130
208013948 957758072
445716161 32461513
203198045 4302363
38081290 193842662
911976106 48613043
104781221 374172687
649171811 636639089
396975968 841242960
8038301 150970981
954687412 51928121
782406211 92903798
373657406 680528957
568719383 320203437
78837073 229695924
481447423 12201658
17676806 915536143
322135325 435510950
74130088 798551126
962918957 689824454
203165637 916771872
700254845 942481030
482471173 489133235
543164322 517388868
979063268 859572347
106389502 639821517
472061738 347078209
900869055 781417246
151820262 356281937
373794559 909579610
629587424 982727395
313206141 535886485
820756392 692459745
339603667 666027806
751752111 994842530
129469519 434280803
271407911 315702122
499590297 545523930
18756262 756328808
20371052 851127068
321514370 973051161
982917396 39683407
452956277 764563646
723103048 694848782
135161509 42071653
18148360 436410473
743399097 895533552
938443545 946304800
941441747 575543705
234905293 892343995
749361957 768438624
539411685 828972664
381905754 157033244
920769088 979829351
698939286 7228517
605599205 970270151
937356579 672701876
198121865 109941193
179382556 249165508
946994169 950798829
368329527 257594009
924941462 745458324
522256227 353094399
853263496 252021045
56399897 969199413
12045899 881004743
979708072 899815845
88049734 710121001
333221777 488618492
282050008 923359932
278215623 278855153
279637284 937620612
617917596 368903611
439923417 366110025
624381626 257628615
101291960 613556902
115034955 28272186
772531429 74344912
133999520 706478882
167851789 269073721
190483918 954826344
454052332 577064819
57365299 548893067
229504972 278079836
902016902 714422979
731069350 296275648
654906626 25705677
138454365 452571541
983045191 977656697
64471271 668958455
398735124 934602118
928137551 125879437
88392577 854344501
177614694 716533186
653296784 101831302
387243286 766529944
412466446 495194631
531329904 498334352
603142600 882787706
613823468 708490116
658038826 704943949
871681373 257744016
243499718 685843446
281478002 272853996
250401959 572621924
870477099 156038486
476805781 925779284
791476486 965279677
577657679 913962488
874643232 870125515
894680344 927394356
178706912 451172830
369735940 863494753
42195161 18976771
359055555 315303146
322118337 772379669
848728986 593518111
294397481 187677119
572326382 214489956
265652280 992226270
437447048 910245469
857443550 264109589
705470701 672455377
279928488 786525798
485213495 183796397
232342368 491391122
898608147 287994458
97430664 522269154
181476320 922360569
128495017 430061088
900598538 975324493
523511381 507790239
598948965 976119700
24116892 466581456
923204983 360632607
384218619 553397219
758743010 698094764
542425054 781479970
269291193 593927519
961966796 375700956
330001185 652791330
397940158 703367500
28520408 876732642
806420736 552167172
194461068 612072766
560264037 614191517
390634356 520864546
423962647 802760820
270689726 225343995
234711390 944254645
665474827 688740921
513390968 895104642
680278120 198923776
873650326 606723936
929901463 174259102
413855262 6284779
613258203 244587510
451710877 661805180
234985359 760986450
139032010 419376053
858413257 545443942
683639771 79626469
24543113 448207113
548081804 327821783
418328418 468438709
833023654 937563348
360504985 770518657
837242935 678072848
427995017 263635537
714597431 374540650
866321870 217774152
874783677 130771487
719640234 166739976
313798446 778142786
638052651 921358237
461061327 281313222
152772511 222435238
853965241 988023284
734468929 238655062
135780965 826774112
267461015 555076012
381271553 997135897
996323007 174336555
872809508 914196354
707951730 845450499
363489870 373758575
586283501 426920384
346673857 603678526
942340450 245417014
480093756 672281236
873543946 596275130
752345796 530792398
4499948 651027830
559108240 836305275
205270245 842845759
572613400 671326732
615380860 316829321
207698510 340315941
196602082 185588854
565087978 657065809
846992112 920954893
864712903 333997543
201688113 439404617
794912365 644288409
975597707 174316492
986073644 44711037
849065409 885868817
906765337 613050833
37658437 16428641
942909448 713183649
241318062 723385076
628233473 463381623
944451081 265055978
885512640 758779545
833228748 847948647
932789401 960031150
865257866 669387222
564721637 516777835
44225607 84584327
975458386 891380628
960696583 374754464
69982244 722382590
75319659 728662404
89429567 389788404
930636380 996372626
944228903 349712640
67518313 947029467
734162929 879324833
344396267 723519435
569879930 902288953
680583165 938537169
661571157 358832790
612455000 247115873
810179243 870938783
304238406 484551374
716926810 214626812
497096805 368453356
277767875 671188132
260115382 387979366
578151807 591608037
531010435 370997587
591245356 911795398
430605621 896140111
631767859 751691940
298968427 906274121
305776 522011588
204958764 581179957
972318630 283461815
241538942 777246182
884953834 167736521
148907590 137640131
611526483 848000854
873693596 905182039
287688101 934576171
326649834 95049208
714085691 694419796
251684352 692138098
109194362 861904981
871456620 963036169
836681012 981064076
55485178 787229414
314800769 635388018
326763330 352159210
409989877 183816967
661082672 668157656
166045474 340948950
933671703 470243905
576022663 510564025
993488634 820041064
235425911 199747221
173444821 769426454
86044551 510314560
692731483 987248335
322149048 774349711
418171957 369959252
442662573 761634595
840017573 103025771
480467948 470545559
810543859 565140568
673034054 668602899
94070563 183273316
386754049 284293196
84404439 922609320
117505739 143205985
784179907 133089099
605795936 298064717
332194865 78482131
519046242 465219319
29526462 583724615
696885891 746717536
382130371 953899337
175049832 234138909
521458313 41527967
30627671 958907615
660145647 571261028
28797756 43913694
277772395 333485050
121550758 532265423
419900847 945762614
493705673 163322861
351837621 495478912
778221315 30754390
921416897 697570572
520994036 102325092
642203814 365253789
770032627 655260439
696818603 984123347
727696772 734258759
471033858 234279716
952429040 58705798
765805003 131080009
445857436 598522462
851652435 833199421
853198940 491201585
775175618 174897110
117531830 120759843
733817704 723995440
636436236 501699647
84088146 422439541
585043625 834180967
698870194 910940590
915720680 539750838
898608043 97210529
357305023 337921245
169922901 217553569
569726105 627692750
407743171 877137369
478771058 454635327
725957566 185695538
785190570 721267180
254245319 764128280
190896111 615860881
74420747 922146957
143486817 13992082
308722632 58674970
565666587 687876735
129686128 611488057
113406246 37955267
515117405 189618688
939619148 521492626
970525541 659717941
558106398 930198567
847052677 586191041
931904905 205107734
30456859 79575160
3550911 293719888
155080394 806314842
625764382 668386318
772587884 266606038
281108642 867999826
625930917 765307878
339196766 237188131
528423500 963475113
209929508 610193677
582274783 682097116
534237706 81776621
930118291 437226630
521970671 958606874
11630121 457025201
707415358 339233133
280469902 566568059
643396028 353386344
419268122 583506485
308376519 886533958
898656983 644095608
668365588 116061415
743700129 651765810
350868617 243294344
491611940 813766283
617731392 40474985
608330990 489479834
623236365 4450364
32383516 973119154
493554487 244842258
162715184 788987487
168457304 400063443
434342445 34981129
998140903 857473436
105172668 907770893
142056213 547595968
946006142 685257946
158401212 957240123
786341987 714713833
42629316 468033219
292847206 848239397
20885450 533543682
436679165 330959208
361477753 692710640
194337140 408233487
795516884 587742322
220269762 268150824
557836665 115683896
215079653 987234801
803209010 779550058
675779271 639284596
569117001 905911180
942954273 69402262
209452291 8541287
474199215 327015078
822200118 903111168
344332856 516128251
446368964 971949912
36828532 193800217
379 323
323 299
299 205
205 180
323 406
299 452
180 283
299 268
406 98
406 37
379 269
406 440
440 321
406 459
269 310
323 17
283 59
452 151
205 472
268 297
459 296
321 105
268 362
98 158
268 2
2 480
440 58
452 73
452 293
459 129
269 82
73 333
452 356
205 157
269 254
480 267
17 243
243 423
157 495
472 384
205 517
268 76
157 112
267 275
423 344
440 164
243 128
323 409
297 139
76 351
310 178
333 508
180 228
178 77
205 225
297 229
243 511
362 479
480 251
73 21
344 188
188 54
508 492
472 309
362 438
76 215
384 510
293 477
254 6
409 490
269 298
511 192
480 181
139 18
309 36
479 84
205 161
275 496
492 172
228 407
164 241
296 44
84 107
495 473
225 26
323 279
128 421
178 160
423 393
298 183
275 285
496 469
157 149
492 342
508 476
321 136
136 11
21 373
21 227
362 170
6 182
178 364
477 482
160 78
139 187
267 266
473 16
228 123
362 429
296 219
128 167
36 415
351 289
452 303
170 126
511 117
296 122
379 8
215 135
58 278
342 390
180 354
129 81
268 70
58 294
384 186
269 292
243 210
81 428
406 90
469 217
77 357
354 68
406 244
508 507
293 358
482 197
278 62
285 371
364 529
278 396
170 27
37 245
70 175
180 402
197 34
293 71
269 455
205 518
292 118
161 326
480 199
495 147
167 28
243 224
178 372
135 280
358 195
71 263
455 253
354 9
263 522
8 256
123 111
393 72
147 282
84 467
123 523
21 204
282 442
373 433
78 386
372 35
35 106
323 352
107 481
118 486
459 330
106 209
326 89
245 249
82 41
482 125
266 189
9 262
182 408
330 397
469 97
215 503
289 49
438 50
122 359
415 96
415 412
323 350
77 222
129 395
84 448
125 502
197 213
199 498
384 424
473 499
326 348
209 418
125 360
294 264
70 420
256 514
204 120
54 190
195 88
210 108
507 144
197 446
249 184
222 485
412 240
188 235
408 281
136 478
164 272
342 22
224 274
245 302
268 218
151 57
135 110
477 100
227 416
11 388
107 457
11 347
280 141
81 425
310 449
333 339
157 304
467 436
136 173
473 403
17 340
393 154
293 127
428 332
120 325
35 83
182 413
78 419
21 66
192 381
362 165
58 20
2 207
189 319
184 451
144 515
332 519
158 132
364 233
481 271
283 64
356 288
98 85
28 389
135 468
82 301
403 42
397 437
6 460
413 257
217 166
83 528
357 447
406 91
254 370
495 55
21 365
278 334
122 45
390 367
253 252
175 159
235 400
49 497
330 200
285 374
347 63
503 516
352 211
55 119
275 382
147 500
495 526
452 255
415 194
406 131
252 387
173 355
21 140
96 38
84 426
81 305
36 331
438 30
498 196
323 314
507 113
187 39
166 520
436 489
180 114
213 31
472 470
118 208
31 312
400 458
82 93
323 308
141 462
508 171
480 5
252 398
301 311
365 92
119 315
358 525
523 212
321 524
426 505
289 4
72 349
233 152
173 7
167 237
8 223
365 15
194 306
39 432
172 193
28 23
165 56
255 52
144 491
352 337
154 259
149 236
523 203
219 376
190 61
194 313
319 99
472 48
70 454
418 258
215 383
11 168
359 341
151 65
294 422
132 206
236 94
271 74
486 86
57 494
86 404
502 427
244 32
34 410
208 463
522 234
11 335
192 116
258 29
330 401
210 104
136 260
402 329
423 504
212 75
347 0
448 191
26 394
159 179
135 377
519 33
452 121
299 317
39 441
429 414
97 444
313 450
8 202
360 238
217 226
360 162
147 445
452 273
503 353
480 322
238 239
397 512
131 417
419 488
209 369
123 155
74 284
149 361
523 46
444 443
6 527
400 380
495 13
70 291
68 320
127 434
511 521
492 69
32 146
441 60
182 461
317 138
175 346
461 133
205 14
222 327
72 148
258 130
253 530
192 277
204 134
255 242
236 513
353 163
26 177
146 483
279 198
163 378
136 221
384 47
29 316
241 115
133 345
396 338
129 10
360 95
490 156
266 501
492 247
194 143
193 124
401 12
127 435
498 475
486 201
469 295
29 456
422 324
482 484
193 43
330 392
194 399
435 176
480 185
161 366
114 150
293 363
266 270
68 145
355 487
42 214
161 137
412 19
253 307
292 506
346 430
200 248
155 453
339 465
469 336
478 87
260 466
370 343
168 493
94 391
209 265
314 385
282 101
95 290
361 53
89 474
82 103
355 471
527 232
225 109
301 368
151 67
435 216
290 411
59 1
9 3
369 25
469 220
288 250
235 328
353 276
308 153
277 40
479 24
309 231
247 300
402 375
414 439
129 464
224 318
178 79
182 169
226 431
25 531
0 261
118 142
443 102
467 405
424 230
213 286
118 509
393 287
511 80
330 174
16 246
301 51
1 256 651706942 775924179
2 210 75 1670706
1 409 146651107 227436995
0 301 51 206 51
2 339 472 41485444
0 206 51 492 51
1 470 949114034 554634394
1 523 996581653 331029263
2 0 89 976213258
0 492 51 370 51
0 370 51 64 51
2 213 151 256702777
1 197 513344526 477723737
0 64 51 492 51
1 187 889652909 848878307
2 44 523 358635051
0 492 51 275 51
0 275 51 141 51
1 322 527722549 183742462
0 141 51 73 51
0 73 51 56 51
1 201 882171589 922820086
0 56 51 6 51
1 332 929248148 159134165
1 76 527471146 552714083
1 384 856780801 951697076
2 51 259 204293491
1 385 300924120 607576711
1 181 129276138 143866839
0 6 51 29 51
1 43 418952768 660567069
2 160 309 967375158
0 29 51 83 51
2 21 218 946046025
2 98 324 27382223
0 83 51 255 51
0 255 51 253 51
1 522 784086931 258759939
2 78 103 332545811
0 253 51 6 51
2 305 463 175333135
1 357 786875586 372195809
0 6 51 358 51
2 305 88 319618936
0 358 51 149 51
2 272 152 336837125
0 149 51 310 51
0 310 51 314 51
2 490 254 806903323
2 297 460 707325496
2 326 236 637035585
2 382 397 978058974
0 314 51 444 51
0 444 51 355 51
2 80 261 904497833
2 290 294 614119450
0 355 51 90 51
2 104 486 246296324
0 90 51 138 51
1 433 412965800 970459693
1 128 75537517 447141225
0 138 51 224 51
1 156 514401118 437233476
2 201 69 483242344
2 398 105 65219740
2 421 418 423614307
0 224 51 358 51
0 358 51 235 51
0 235 51 393 51
1 230 81036335 376400663
0 393 51 212 51
2 212 173 420313645
2 362 291 985847134
1 35 898181497 173709373
2 9 380 92514928
2 124 521 878298869
1 258 442673319 689360142
2 232 254 813372817
2 104 371 4244030
0 212 51 365 51
1 117 771217805 771088473
2 82 329 236341103
1 260 902593418 790626597
1 370 530779432 565011768
1 302 444274880 971893992
2 56 108 836264024
2 21 239 223557553
2 198 467 927492262
0 365 51 338 51
1 234 486302179 252934204
1 250 823967936 960548335
2 85 367 17241269
0 338 51 279 51
2 325 232 559356584
1 467 466108767 162979212
0 279 51 508 51
2 172 528 608241416
2 163 310 464850852
0 508 51 326 51
1 389 155581148 981137795
1 251 541169752 445940213
2 308 504 775194105
1 311 22089251 76910011
1 344 768638627 802190029
0 326 51 225 51
1 488 621624578 726622662
1 183 802112082 334810909
0 225 51 208 51
0 208 51 292 51
2 267 195 419813188
2 204 398 327973063
0 292 51 193 51
2 498 18 313768574
0 193 51 58 51
1 467 47903043 41177957
0 58 51 391 51
0 391 51 452 51
2 282 379 906696096
1 51 116298307 316897298
0 452 51 492 51
2 258 164 256009745
0 492 51 197 51
2 255 515 480061836
1 348 498132872 38199894
0 197 51 6 51
2 130 313 244194084
2 94 194 111781024
0 6 51 373 51
2 415 56 545449340
0 373 51 275 51
1 455 834946947 380688840
0 275 51 476 51
1 501 863565855 235753748
2 96 424 912876038
0 476 51 240 51
2 100 341 460308016
2 226 405 511271424
0 240 51 510 51
1 157 988090786 851103562
1 187 699314011 593971994
1 519 107197531 810363864
1 86 905883526 924903677
2 220 459 477135302
2 60 335 918626718
0 510 51 193 51
2 327 237 992697109
2 408 485 551039628
2 267 56 93163100
1 508 419056764 338765139
1 209 808363895 25669809
0 193 51 353 51
2 32 472 623991866
1 42 670339078 827620432
1 227 942351807 834599786
1 383 902653993 465927816
2 59 531 389789385
2 527 25 391632413
1 81 497705754 99357709
1 207 603982598 669832650
1 329 893863627 810980806
1 379 301016380 653208219
2 274 280 250393938
1 487 75808604 30873395
1 114 461672465 665958334
0 353 51 130 51
1 150 163677652 424261427
2 449 335 850214676
2 322 351 894304692
2 161 139 920164628
1 38 398219489 94704793
0 130 51 367 51
0 367 51 143 51
1 90 337455675 470531819
2 494 482 918694977
1 485 951878017 766069895
0 143 51 352 51
1 67 584797332 48380078
2 236 428 378332369
2 335 335 750014371
1 58 158048360 801143623
0 352 51 360 51
1 420 554533291 797072036
1 58 80310071 6556177
1 427 890137724 85863166
0 360 51 294 51
1 77 909672963 847710932
2 209 97 125911246
1 53 960114573 141997987
1 150 342560951 293310055
2 146 167 477928979
0 294 51 356 51
0 356 51 467 51
1 356 344078570 224765447
1 211 542730403 503795336
1 47 471697133 24807857
0 467 51 451 51
2 285 163 508862875
1 471 137617085 105163922
0 451 51 59 51
0 59 51 182 51
1 19 758101824 621249895
1 92 506146204 876079210
2 413 444 690040272
2 96 188 507418756
0 182 51 373 51
2 256 259 257317056
2 36 238 849276299
1 380 63535383 49655444
2 8 131 901026064
1 238 617806951 466169767
2 182 0 715342790
2 161 445 562881649
2 519 461 816162013
2 413 426 157372547
2 149 410 841162482
0 373 51 176 51
2 81 328 890657318
0 176 51 296 51
2 294 27 6531763
1 383 128380142 810500028
0 296 51 344 51
1 218 153084978 734582471
1 277 477548977 234871887
2 316 439 790924716
1 306 349770451 211752735
2 309 341 737729005
1 424 705704695 579899678
1 55 79353397 23680630
0 344 51 277 51
0 277 51 357 51
1 69 13968318 923865863
1 127 424663828 235254368
2 181 351 750174297
2 398 97 465840410
0 357 51 516 51
0 516 51 374 51
2 378 24 746071732
1 243 773357884 633171173
2 176 206 607309181
0 374 51 482 51
1 477 314633582 129109551
1 500 328579095 225444310
0 482 51 226 51
2 427 452 330103514
2 5 405 843943906
1 254 130724517 161211746
2 478 129 363303506
1 526 717146772 504044080
0 226 51 15 51
0 15 51 472 51
0 472 51 408 51
2 384 197 763332993
1 66 464312003 607285128
0 408 51 492 51
0 492 51 169 51
1 383 729320074 849188305
0 169 51 400 51
1 426 399747853 676267241
0 400 51 365 51
1 339 729331210 48049188
2 192 197 172838881
0 365 51 93 51
1 348 316339288 213018857
1 500 813406025 974928873
1 166 804453867 629894969
1 302 81441320 712194950
1 82 401614591 109647381
1 152 135564663 660880372
2 441 306 507865119
2 87 312 373848416
1 126 819331237 150400993
2 442 253 765714010
0 93 51 490 51
1 152 92631476 412617422
2 38 409 106779788
0 490 51 184 51
2 130 181 370022103
2 476 93 848727693
1 249 485377120 341180052
1 305 368407538 782994376
2 435 375 757280173
2 487 167 367235117
0 184 51 241 51
0 241 51 2 51
1 102 271514950 243418868
2 506 54 205702358
1 261 917020999 689420012
2 507 138 487798079
2 368 280 27714740
2 2 267 234898166
0 2 51 528 51
2 419 520 599784581
2 351 399 11250296
1 425 513457855 400749825
0 528 51 498 51
1 159 201419999 783141936
0 498 51 72 51
2 62 141 326478537
1 482 201773320 17850747
0 72 51 355 51
2 1 503 294718654
1 166 522677716 698761971
0 355 51 82 51
0 82 51 67 51
1 42 689214123 253398310
1 386 67743691 324648688
0 67 51 369 51
1 67 840158851 528770607
0 369 51 63 51
2 234 405 248252557
2 96 397 291290907
2 36 101 743104804
2 94 147 107830519
2 298 235 330304462
2 350 69 875022217
0 63 51 26 51
0 26 51 42 51
2 386 87 987898094
2 154 461 965645172
0 42 51 278 51
2 351 95 698255289
0 278 51 136 51
0 136 51 99 51
0 99 51 357 51
2 278 328 563351839
1 101 652107733 15419788
2 269 283 402789528
1 219 58191257 654785955
1 404 736475953 186426204
2 490 132 747804975
1 188 641170898 446766094
0 357 51 298 51
2 236 485 410032342
2 273 407 12721574
2 64 138 838446023
1 268 638148750 89587111
2 373 465 413530663
0 298 51 470 51
1 210 222157010 177660675
1 508 637170442 962536237
2 134 204 32924955
1 215 426432841 132519231
0 470 51 136 51
0 136 51 493 51
1 58 408390652 184834331
2 18 122 317137282
1 306 151356325 297025841
0 493 51 409 51
1 455 341092246 373459153
2 364 148 549299466
2 133 194 340864466
2 325 277 353189233
0 409 51 400 51
0 400 51 182 51
1 497 399832566 409392410
1 516 862323209 275156412
1 394 531821536 384175120
2 302 180 932728211
0 182 51 415 51
2 500 225 460553225
0 415 51 122 51
0 122 51 330 51
2 219 470 13329514
0 330 51 77 51
1 70 347450652 446265650
1 463 32929507 292493126
2 175 512 870634074
0 77 51 228 51
1 349 598711931 64525102
0 228 51 253 51
0 253 51 113 51
2 348 291 658470017
1 349 801743467 850587176
0 113 51 369 51
1 313 686871686 150500760
1 136 718182727 68271926
1 318 558137060 959706777
2 238 26 899519018
2 380 85 824245791
0 369 51 528 51
1 296 40509332 873549533
0 528 51 411 51
0 411 51 415 51
0 415 51 446 51
1 425 962397934 20430532
0 446 51 129 51
0 129 51 231 51
1 215 70231271 146990479
1 20 144041981 650859378
2 453 240 585137066
0 231 51 144 51
0 144 51 245 51
1 3 115160096 310975212
2 479 62 838469385
2 140 174 543117453
2 114 254 795195527
0 245 51 279 51
2 289 244 62300970
1 349 871493206 506057933
0 279 51 372 51
2 383 528 783241313
2 457 26 553941862
1 345 994918090 343226932
1 342 166737759 563930628
2 66 277 311365847
2 219 60 917713737
1 328 835735754 488974618
2 446 279 647263948
2 493 213 428846399
2 180 266 173104093
1 369 43239876 943618571
2 246 435 292398486
2 46 7 673166501
2 285 418 922520127
1 444 653304484 824031647
0 372 51 258 51
0 258 51 443 51
0 443 51 29 51
1 156 331670988 518610141
0 29 51 42 51
2 214 162 43263918
1 152 189840155 578140703
2 305 174 597239241
1 52 751018573 957919630
1 329 282368829 205943551
2 233 186 365993022
2 390 173 900671567
0 42 51 49 51
1 382 837617939 997538681
1 202 76207406 534592392
2 215 472 189576897
0 49 51 459 51
1 278 706807680 995295049
0 459 51 269 51
0 269 51 360 51
1 236 649863815 782697902
1 35 503600549 904091003
0 360 51 379 51
2 85 44 88650079
0 379 51 76 51
1 36 482472984 733625077
0 76 51 441 51
1 265 97789946 444477471
0 441 51 477 51
0 477 51 67 51
1 158 857147792 920637450
1 419 347990437 946793701
1 313 201768458 828527800
1 331 555336572 266812980
0 67 51 215 51
1 88 316009780 644304549
2 37 160 952552952
1 442 847892768 564702601
1 449 791116930 842265180
1 198 720791786 202674131
2 500 471 752232176
2 235 499 40009055
2 4 484 307073275
2 259 291 434878186
0 215 51 482 51
2 415 231 563042643
1 26 673857729 178289519
0 482 51 290 51
2 86 401 178094029
2 105 175 679779366
1 225 227866887 536469151
1 466 33080886 653798567
0 290 51 81 51
0 81 51 57 51
1 500 446957777 923239662
0 57 51 184 51
1 160 874199516 680758109
0 184 51 462 51
2 298 47 113297535
0 462 51 280 51
2 107 58 502922019
1 266 326811313 229204598
2 439 155 443953184
0 280 51 342 51
0 342 51 478 51
1 187 236429334 748674125
2 298 500 848047865
0 478 51 167 51
1 453 229673558 584119975
1 287 763590254 556962632
0 167 51 527 51
2 284 236 711538083
2 392 132 875931481
0 527 51 299 51
0 299 51 226 51
1 432 626103878 26104267
1 378 977587883 322749680
1 369 469200346 157210926
1 286 859746310 620023610
2 445 122 602770566
2 492 277 551241325
2 361 342 638283024
0 226 51 136 51
0 136 51 331 51
1 214 898377930 571586297
1 386 836520892 864318450
1 263 768600113 310760468
0 331 51 192 51
2 456 316 185048642
2 233 498 238683007
1 173 816811123 538950115
2 237 53 52848041
1 448 633083059 532380413
2 188 264 843420206
1 516 480471694 861825905
1 51 543315329 143606820
2 318 233 208994965
1 378 46559006 894110481
2 162 40 252170216
0 192 51 406 51
2 488 9 850467227
1 357 96915266 737806137
1 472 485869329 93843499
1 34 576814969 828186644
1 387 154532517 810287579
2 409 428 40511678
0 406 51 141 51
0 141 51 440 51
0 440 51 141 51
2 22 8 198651986
0 141 51 457 51
0 457 51 344 51
0 344 51 353 51
1 475 763303520 804679485
2 49 170 211932976
2 161 15 232373934
0 353 51 236 51
0 236 51 254 51
1 491 190848323 412183167
0 254 51 182 51
0 182 51 144 51
1 496 93459145 187072157
1 463 232618613 297252881
1 204 893181831 832430490
1 199 878219650 334866522
2 305 402 205002453
0 144 51 263 51
1 520 541265856 864479427
1 382 172563734 422498955
1 514 242638502 294005792
2 478 321 778276797
2 346 455 760756030
0 263 51 526 51
0 526 51 16 51
2 220 131 699881470
0 16 51 410 51
0 410 51 282 51
0 282 51 194 51
1 336 659255110 473144618
1 463 190678125 380789065
0 194 51 497 51
2 502 335 588267124
0 497 51 527 51
2 137 344 934776761
2 287 32 889357800
2 330 140 708487864
2 63 252 807300226
0 527 51 423 51
0 423 51 498 51
2 82 379 197116333
1 122 171181680 461404378
2 465 215 455089629
1 290 937817814 883425555
1 523 858499177 155094724
2 513 387 729049417
1 477 951314630 517569415
2 269 465 776220107
0 498 51 344 51
0 344 51 31 51
1 462 974523416 45719597
0 31 51 402 51
2 153 153 49383994
2 203 79 149635945
0 402 51 353 51
2 398 227 211413638
1 236 682325621 936565861
2 204 408 712974813
1 368 69851738 422848385
1 413 262015082 729614555
2 505 473 154877391
2 126 152 572222415
2 363 308 598954004
2 530 165 139617825
0 353 51 448 51
2 410 403 404821049
0 448 51 243 51
0 243 51 390 51
0 390 51 60 51
0 60 51 158 51
0 158 51 406 51
2 302 261 988386122
0 406 51 205 51
2 495 255 883257595
1 270 759282053 936956269
1 469 819598106 684760449
1 63 565330395 707117826
2 296 455 879898891
0 205 51 97 51
2 476 230 507717685
0 97 51 187 51
1 162 145867677 940310939
0 187 51 293 51
0 293 51 526 51
0 526 51 239 51
0 239 51 149 51
1 212 722024417 245400791
0 149 51 359 51
1 387 479291815 178440592
0 359 51 511 51
1 288 683021354 297702115
2 279 367 612266813
1 167 532056106 998016169
2 267 494 744455626
2 45 105 581052834
0 511 51 136 51
2 21 370 156670234
1 521 498404162 682700919
0 136 51 115 51
0 115 51 500 51
2 116 342 287737313
1 113 737504147 726349464
1 275 832752025 592162948
0 500 51 25 51
1 160 639602039 22718157
0 25 51 161 51
1 44 612785157 631196995
0 161 51 347 51
1 144 108790418 328319689
0 347 51 438 51
0 438 51 523 51
2 70 309 329560511
2 373 319 125837220
2 287 135 715269776
2 290 268 738609694
0 523 51 80 51
0 80 51 275 51
0 275 51 180 51
2 464 16 206247975
2 145 142 691304204
0 180 51 54 51
2 441 276 11753693
0 54 51 76 51
1 472 463534533 116605883
2 459 237 34990657
1 242 170696899 34074424
1 306 962198888 880173551
0 76 51 489 51
2 508 83 97341460
1 434 325618129 614184744
0 489 51 161 51
1 131 754562752 229954869
1 126 7975255 753533228
0 161 51 164 51
0 164 51 481 51
2 323 465 123581224
2 215 229 591964802
0 481 51 295 51
2 252 135 766532989
2 18 324 952569304
2 349 7 41308965
2 299 312 36243333
0 295 51 372 51
2 423 23 538633525
1 445 440870001 484295679
2 322 84 857461306
1 249 712794054 884518669
1 59 463472102 192862315
2 151 209 997463734
2 121 20 23734869
2 193 311 144544657
0 372 51 389 51
1 500 92097528 451395673
1 411 508797680 365421957
2 315 88 588767273
2 343 517 996535126
2 219 160 119115295
0 389 51 28 51
0 28 51 157 51
2 24 52 867762851
2 462 130 642501975
1 312 428471868 798490999
2 308 68 531706501
1 382 779351827 869020890
0 157 51 129 51
2 354 18 834779999
1 387 303061276 725847360
1 458 622571571 630283709
2 518 387 49918743
1 325 27248303 520697048
2 514 225 10106889
2 466 262 194244640
0 129 51 520 51
1 428 815934752 88249045
0 520 51 283 51
0 283 51 369 51
1 227 850719455 606102547
2 99 78 6865078
1 79 617716162 172285626
0 369 51 393 51
0 393 51 384 51
1 77 341434247 403537775
1 432 305309096 742157172
0 384 51 526 51
0 526 51 258 51
2 304 11 47629525
0 258 51 457 51
1 385 293740199 679685770
2 377 510 900728588
1 218 607172961 934981203
1 296 269512135 455726794
0 457 51 301 51
2 319 212 322695519
0 301 51 213 51
2 191 374 217193310
2 83 145 159328086
0 213 51 95 51
0 95 51 214 51
1 335 501540707 869961398
2 194 2 780501950
0 214 51 119 51
0 119 51 364 51
1 100 89572334 432677212
0 364 51 71 51
0 71 51 480 51
1 161 2290838 880261018
1 193 556366103 356421419
2 464 477 995938715
0 480 51 354 51
1 187 175803390 126466796
2 185 169 572670604
1 56 955546982 803921696
2 329 530 16927327
1 71 715848768 835183392
0 354 51 288 51
1 454 194126399 517889036
1 184 17334361 493471151
1 330 445008214 722419045
2 441 244 748868787
0 288 51 480 51
0 480 51 333 51
1 320 747620060 634381073
0 333 51 49 51
0 49 51 317 51
2 260 498 121681737
2 300 270 443842460
1 99 770195058 156904961
1 441 542685199 984089626
0 317 51 340 51
2 479 230 97504678
2 495 514 161327142
1 383 449004377 424472267
0 340 51 42 51
1 69 50112861 91238058
2 58 373 366714641
1 514 268620350 67447388
2 44 180 344136330
0 42 51 198 51
0 198 51 400 51
0 400 51 210 51
2 434 113 91518644
1 86 92837657 899490
2 338 164 361068732
0 210 51 245 51
2 8 353 676582819
2 505 8 832248232
1 121 749816111 780637991
0 245 51 4 51
0 4 51 292 51
0 292 51 340 51
2 315 2 773352350
1 516 213630969 823802490
1 441 79958212 583837511
0 340 51 161 51
0 161 51 374 51
1 230 987571992 678886755
0 374 51 137 51
2 172 283 387936561
1 265 915331121 825053250
0 137 51 344 51
2 65 132 390563366
2 41 56 947647191
1 307 45080142 333256171
2 218 345 314098043
1 446 35801459 208132372
0 344 51 17 51
0 17 51 486 51
1 421 354588682 720561361
1 452 854329883 221374733
0 486 51 357 51
0 357 51 467 51
2 76 273 894530326
1 507 874190269 832371870
0 467 51 151 51
1 448 50382175 24103012
0 151 51 329 51
1 133 953637252 418909092
1 456 334574138 564080521
2 90 431 60343432
0 329 51 515 51
0 515 51 82 51
1 290 129147517 689539165
0 82 51 485 51
2 284 326 745753268
0 485 51 259 51
0 259 51 334 51
1 322 869568141 616952645
2 520 524 144160099
0 334 51 321 51
