193 239
841612626 594492394
841259019 581533827
570061399 728741094
498398682 984147412
115961325 995955785
96920368 943961736
864913389 601212881
773189831 352297773
303107437 986036707
547042134 275735038
251015392 616994042
498027184 5049993
35681905 440260100
11762355 376808026
289984423 13742633
885986766 358959447
601270139 589731394
846270168 211417053
147219567 584973237
71313960 395660575
233349022 620097780
610288650 132075402
216792162 144745659
602050331 862525129
811559595 955360221
694960025 201890519
263861545 838396732
147247908 216665692
906220188 411547781
984483540 428806304
249323242 871351947
462579334 586874682
401255041 14225073
640276172 910457950
624195281 295330117
460163415 459665198
138123497 639511923
787554166 572510503
681764831 449233214
620783240 589337736
288861446 423685358
192148945 409705114
452011285 238981689
616997101 814650001
277086553 40568464
598214081 813008469
724918829 606815504
759934456 30152845
133992641 572770052
912051854 583745788
978850303 424178379
125625457 709957311
104925524 756025231
359062323 177195346
553943861 471771665
295297662 53727889
314999409 779618518
348965736 623596181
781194599 64685694
780355373 893572259
914181600 84795053
684154211 677324081
532024708 608321563
749230363 897143677
299279166 226975385
982057304 267856919
11249321 590085445
857084342 886567373
33366655 594965556
806475630 455748159
463949181 232431249
114627489 656538921
671453682 14706148
390279726 958100392
713848111 23113979
945585031 243993012
385167901 870446834
729738809 557521155
894267877 964370630
169713506 417044881
355086070 444043429
755338400 140859065
228948942 293664033
863866278 626212347
293247547 456428454
132366898 330726041
889244176 825405380
667185226 718555318
594528172 80609925
447727451 857136760
937458458 744787823
486460475 232179238
941650380 763546152
423747217 756701047
326988975 283048052
199350707 6044793
749744123 201323395
83430403 62081984
686054333 67658953
192476480 508602600
329050716 113485424
349404247 139517260
965780963 614305213
332590816 219715122
897149945 59181828
399786814 753074445
234149221 348307971
469743859 271748676
218176930 927582448
86819505 841597641
550022567 291457299
67920180 883791235
279392113 96876625
711746594 527825971
959381529 583745129
396541122 327556078
716631383 188642535
521785471 493921957
706276929 49977827
242844015 523086140
81299518 686508238
551240524 491095767
191963105 282046215
137653948 504428952
94834522 864091054
167762729 603598611
434108244 544584487
142086767 375520308
922708612 284103821
821282569 709641618
691675497 838394734
294374000 648671114
666566234 32991932
912200880 218963625
345590697 998213922
18881525 961792690
332681351 552617781
343521702 637037191
535459534 283174969
87953508 917684929
116206885 855192543
307944447 700062013
409093547 714815837
721649735 838675563
777757011 116037323
929028398 627125445
419618208 753385702
289984886 841761984
743708958 236983443
331145460 597172857
713358494 932685094
952615866 840228764
420276104 351116295
750515234 50116611
995052500 799608
236985233 635561755
902625462 854493492
352760505 369709152
568180667 828254535
495634207 755483625
948564664 900302343
785177891 559220499
694905347 111389905
631878253 188492577
93098486 478866301
975097245 962918729
360843688 64502620
742247739 129212999
766799314 437536370
360414635 119410495
601933719 408234692
917593102 927987329
374248964 670812135
671085437 55264586
334141586 111372348
77515214 895955064
994330848 218312730
608830828 474112255
193946644 523932556
772835320 561591514
469435087 409615124
622176681 141159835
165000117 725661942
392146181 753821354
799170092 434772703
586956248 482245978
310903007 274399556
174453759 158382154
413505820 202735650
997809062 339043727
716966372 580133735
645786037 160034420
170481931 256695997
80 42
42 148
148 112
148 26
80 38
26 13
80 5
148 14
80 58
38 181
13 101
148 77
80 157
5 24
58 179
101 184
26 151
24 88
157 160
88 158
14 145
13 111
148 64
179 28
101 74
26 149
26 33
77 156
38 191
151 144
191 116
26 122
144 99
181 66
64 109
116 2
80 89
24 0
158 137
58 55
116 90
144 59
80 21
59 138
24 95
111 188
109 172
0 20
24 85
28 97
2 186
66 1
59 190
101 153
20 83
99 168
191 180
80 52
181 78
95 123
111 57
42 136
42 61
136 53
153 165
55 12
14 178
136 71
188 103
178 107
103 51
38 45
58 130
179 19
89 47
184 87
186 125
190 54
136 32
125 40
95 70
116 15
53 169
61 150
55 129
51 86
95 18
70 126
158 134
14 65
122 152
55 147
61 132
80 67
103 6
67 162
45 93
169 163
14 35
85 102
40 31
45 98
151 133
59 84
95 108
112 81
32 115
87 128
160 182
153 164
38 30
97 22
19 131
137 114
53 104
136 135
132 16
24 8
104 3
129 37
135 141
138 17
37 189
57 82
88 176
61 34
184 23
2 63
88 166
191 174
165 175
16 119
164 41
175 170
18 79
170 118
125 10
104 183
101 27
186 9
116 159
83 44
9 161
148 154
71 117
108 110
102 140
102 39
40 124
108 25
28 192
166 56
117 73
18 155
103 68
136 49
34 100
21 173
101 177
97 167
33 76
153 72
162 143
12 60
72 48
109 185
41 113
38 139
16 142
168 171
186 96
68 94
71 11
101 127
150 62
114 46
153 146
151 105
84 36
125 92
71 106
123 29
21 75
138 69
93 7
124 120
179 4
109 121
174 50
157 187
128 91
15 43
2 120 116 740828148
1 145 853151756 839103268
1 128 135358535 499610686
2 57 134 51678163
0 15 43 114 43
2 136 161 507638717
1 28 959950452 900558596
0 114 43 64 43
2 57 20 581796099
1 78 60625039 286780950
0 64 43 17 43
0 17 43 140 43
0 140 43 42 43
0 42 43 142 43
0 142 43 14 43
1 171 429654369 530516805
0 14 43 128 43
0 128 43 96 43
1 52 689133877 379531552
2 90 15 696041157
2 82 112 87214495
0 96 43 191 43
1 28 610551317 114031360
1 21 303276068 724601625
1 121 902723435 841588880
0 191 43 145 43
2 6 133 844084810
1 26 372601690 128651672
2 142 57 213417615
1 109 817609403 457249714
0 145 43 28 43
1 136 723254453 332945080
0 28 43 155 43
2 155 87 786064707
2 70 9 815565023
1 98 740977828 205310093
2 54 168 427944412
1 85 264465823 219928500
1 100 65350047 495315995
0 155 43 29 43
1 38 183439262 173875862
0 29 43 48 43
0 48 43 124 43
1 140 548111610 910278999
1 113 621067807 243663953
1 191 588148225 532532763
0 124 43 14 43
1 26 320893870 395653364
2 54 33 573502077
2 124 148 423431180
1 101 788214832 296622477
1 58 438901053 777362080
0 14 43 80 43
0 80 43 181 43
2 116 35 251690602
0 181 43 33 43
0 33 43 192 43
0 192 43 13 43
0 13 43 79 43
0 79 43 55 43
1 36 439540042 766784952
2 88 87 265955520
2 43 59 817043837
2 52 62 947247123
0 55 43 191 43
0 191 43 44 43
2 3 89 84136912
1 88 479959676 8685354
1 188 1415622 699653591
0 44 43 14 43
0 14 43 176 43
0 176 43 29 43
1 116 303442993 944542756
1 35 525888868 207180308
0 29 43 101 43
1 185 277074847 225418123
2 164 161 18838505
1 128 10338110 402064545
2 59 141 48860399
2 19 120 542399981
2 81 34 342839191
0 101 43 67 43
1 41 332866250 64606380
1 140 91584042 654722507
1 56 674519258 808142717
1 161 177432213 845573395
2 146 26 890606774
1 76 615585817 72565067
1 172 535794832 317088063
2 8 53 248342869
2 25 184 879477931
0 67 43 4 43
0 4 43 125 43
0 125 43 138 43
2 116 191 614583990
2 150 33 592759299
2 150 155 75165096
0 138 43 113 43
1 181 686656440 489610684
1 72 688479173 360932246
0 113 43 104 43
0 104 43 184 43
1 186 155457544 676777215
2 173 23 506821220
1 32 546013318 742108573
2 181 172 830574431
2 102 74 328141298
0 184 43 103 43
1 149 217720328 142517478
0 103 43 12 43
2 171 65 676786676
1 9 37166702 353853820
1 98 402527328 554977924
0 12 43 160 43
0 160 43 27 43
1 143 404968694 613852644
0 27 43 158 43
2 164 89 376802656
2 92 190 346122243
0 158 43 157 43
2 102 150 836210892
2 105 113 754907878
0 157 43 110 43
1 22 305216648 331057874
0 110 43 148 43
0 148 43 190 43
2 41 171 965283660
2 180 152 737333108
2 158 30 236467287
1 142 663214353 903618827
0 190 43 113 43
1 183 602689577 794787675
2 125 158 552897120
1 4 90458271 768685554
1 151 943317321 87247038
0 113 43 61 43
0 61 43 189 43
0 189 43 167 43
0 167 43 28 43
0 28 43 113 43
2 46 136 163380923
2 68 96 789496106
2 142 82 109538542
0 113 43 38 43
2 26 179 130919211
1 175 40620163 893071886
2 3 96 161392106
2 58 164 897247838
0 38 43 157 43
0 157 43 32 43
2 64 75 136956628
0 32 43 150 43
1 67 991271488 637853477
2 61 126 935252851
2 68 160 343449277
1 39 880672470 717633064
2 99 14 570551585
2 39 161 305122235
1 92 763015728 312156135
0 150 43 159 43
0 159 43 45 43
0 45 43 18 43
0 18 43 38 43
1 123 119799139 234553106
1 91 628152727 256830421
1 149 92483582 503203698
2 45 146 660015620
2 25 1 712643445
1 97 523647483 65123238
0 38 43 59 43
0 59 43 61 43
1 177 862106152 913341748
1 150 824666174 217228574
1 58 39207108 605551608
1 130 133179172 484721587
2 57 137 145206083
1 146 753962517 849061657
0 61 43 80 43
0 80 43 174 43
0 174 43 175 43
1 133 737877177 963798354
1 121 915914645 104040281
2 17 6 515029654
1 181 310681741 224489314
0 175 43 89 43
1 130 836891911 562844372
0 89 43 59 43
2 103 158 258925500
2 24 93 452451869
1 146 190238372 188814054
2 82 54 609074654
0 59 43 58 43
2 118 11 695279881
0 58 43 125 43
0 125 43 186 43
1 38 352272602 471066851
2 20 16 918851
1 169 304127021 625122721
0 186 43 28 43
1 23 358389566 667213025
1 3 246844276 704200432
1 82 411420822 412809156
2 18 82 243955684
1 169 801234310 86514339
0 28 43 113 43
1 116 314439602 620821147
1 81 601720892 365226334
1 19 982810478 675243960
2 174 186 133266199
2 97 22 237370678
2 66 180 638646647
2 4 159 950407367
0 113 43 144 43
2 192 59 847710741
1 192 972149410 574506364
1 13 865726846 492130733
2 15 157 983312717
0 144 43 71 43
2 104 80 532733260
2 174 192 468346625
0 71 43 11 43
2 120 78 780156043
1 149 369415211 46022510
2 103 94 440565560
0 11 43 2 43
2 99 174 699251155
0 2 43 181 43
0 181 43 27 43
2 103 174 984360064
2 109 43 337194079
1 18 167731083 661255712
1 101 394397136 602398616
1 121 50438610 204623208
2 96 140 136585887
2 23 95 521938980
1 92 938750692 202211284
1 136 145196139 599470102
2 142 173 839285512
0 27 43 53 43
