40 105
22 17
18 37
35 10
18 5
14 19
5 18
10 35
6 11
15 5
3 25
24 1
19 5
6 11
27 32
33 30
29 16
27 32
17 20
17 16
29 17
35 17
18 38
17 35
10 39
20 2
33 35
14 5
1 39
37 6
15 31
0 6
16 4
39 1
37 12
39 24
32 27
38 34
5 31
25 3
6 0
14 5
15 31
12 13
4 22
39 23
7 34
0 11
33 39
29 17
2 35
17 22
25 34
2 8
27 11
4 36
21 39
11 32
17 26
30 35
31 14
39 24
11 0
23 10
4 29
17 29
10 35
8 17
39 21
21 1
33 10
32 27
17 35
0 6
32 6
26 17
23 25
11 32
1 39
15 5
23 35
25 23
17 2
18 5
38 6
21 1
19 14
27 0
0 6
38 28
2 35
31 15
24 21
17 35
38 28
23 39
5 14
33 39
11 32
33 39
24 21
17 16
21 24
30 35
38 6
9 18
