198
120999146 136987924 40281000
438515315 805152546 234164455
129099933 971852321 983937489
410134225 668461222 574343410
885417013 394300887 86086438
570981511 221329455 57893313
584381871 154204049 738660730
728257729 551666498 540440395
165573287 512342480 452470822
669622703 340240729 965382637
953292241 144902419 86035525
289571086 987645468 423893887
928104871 464748969 105872437
123582647 242780928 505538018
199537013 745991283 983136445
65304379 842202106 646596194
140145001 630412665 134706416
170189559 917006962 498351628
78228861 784928508 545206284
276287905 127534371 580361499
602636875 833497706 569752321
168745739 687931378 25556223
401296664 903079778 244718551
696658577 923575834 20801452
728508574 144327567 355924230
987918030 767675763 39770238
690017157 35094958 619519153
803294929 322191158 334280934
412368057 946079172 696252935
727024412 429649275 739609645
879769415 84017875 429336931
578822041 559811577 192014410
783587083 235524450 277645215
641105035 776026757 478219071
115129181 14794716 647713891
894892898 720571222 16609339
29190516 796633468 940732245
641040997 243193942 968755344
956678858 9273458 747543115
522400393 605708171 235611800
713122606 952769734 230441677
782661943 119932537 618863045
263420409 832590609 341598455
889752736 346283651 906815308
693782514 787563199 656787151
558988762 325699987 408388855
484659329 514686813 546683979
168335178 925036722 876453251
928472013 452720553 11844690
152089336 237462880 322160446
768682370 968998501 643437694
43682975 50514865 225072893
729100215 432384534 267319888
944916772 470850912 634063726
30265497 170224154 233237754
310521575 363661868 30383317
169764888 450267291 509435981
637917173 871736242 398793146
910647926 108164902 535373866
729080956 796833592 454223175
403988143 945062274 621479207
158107041 272551814 767759722
136585361 638455939 61417523
286340474 221735821 57584825
684185411 747165460 140519368
201499817 652532397 746971524
597836965 403721689 956715524
163056092 661594742 716321676
768003151 590039320 568646344
716350006 451084111 528630622
313480942 118564698 359276035
829011041 701887370 725160672
666415978 738132895 114167506
659739773 31924187 55285187
560410488 920735596 860283018
130521101 634454758 758692856
367621879 37543666 929265563
700477795 673784691 852411166
71823458 547390766 338428923
269296694 866684149 689572435
918907490 292588975 817571124
959281983 237458599 110596905
240580147 243465869 754150541
417951469 281530082 3734783
837883412 802111064 342905931
634546070 489807159 227640804
152130560 715231872 928498200
246388488 150318222 849120861
925374177 144892127 398434868
729447157 621850442 452366144
469546842 539193693 387659517
713639740 534692970 516992536
857296504 338125822 866018074
835065313 510544637 841323885
623928018 263447616 97154822
157189035 626682906 850977849
865147377 547354125 291373787
244996624 939186671 470490192
110958524 736419272 379219572
498680309 361856442 100482925
442510270 773429065 207078158
857344783 659400969 841728391
692474075 187583662 175274605
203919131 521450008 542450578
561050789 483834181 666635166
281236448 744939400 606001979
339209101 825332344 409340061
105053325 334942889 701010889
52772808 89618199 62382451
312651094 267282041 738280310
813796994 153189966 976016019
645498866 305360396 624826186
89137985 804282524 278984851
215551309 168847257 594398944
553423322 316656379 938695784
362188486 979254770 615808806
280079020 162058869 734380868
181183810 369453245 10097002
370504521 99611572 71283550
375804845 690139394 298702529
556804228 57525845 328898094
541889825 375688946 127439950
637860162 88758221 860742113
825399220 195532272 296560867
898263825 226507934 152656047
744845166 27581792 599790353
363219948 766909962 998994843
542625171 231657310 545144536
908129469 857808700 828842601
58937965 640541108 137921816
28350886 652508654 643869974
722021608 678993723 841257575
133264624 93113222 542874974
243438394 898920791 87870406
571326178 595882116 80857923
669576241 881037234 751107033
508469231 307671666 507999416
520756793 745631224 52014389
230352221 525650738 660315723
503767010 204996751 276291222
664210989 151320875 599909212
925460171 408720654 240375864
829642972 167269687 511882952
651482680 361674598 595158463
843234786 901936204 785745601
501130119 423181627 966641926
366621967 608618061 936072923
771638072 796521561 282814429
707172910 649949343 222508650
870914963 453849073 301814341
446156727 275123659 405340167
639133553 908796254 624069801
989896706 739052214 367907667
419326829 798705655 949998258
404075252 381212131 844178043
667444605 85885665 866208269
221166146 963673720 431514131
572154241 589291507 484046819
76028159 331125923 943448848
963269306 950314008 454860216
671912499 631376617 421669678
686364693 493511239 243776851
33178914 771394023 705494254
780656564 950203751 401551809
911153562 222352670 713096229
4873554 522951161 898293861
876305539 713583463 169501974
692354474 590425869 138797943
423932057 89855279 953274952
36055194 583694890 284557381
125583279 109265482 517158976
679505068 899086402 30153827
152428854 400940805 814102623
387312147 863423383 522109048
930181370 411641248 441522917
638436687 157747928 462976947
602205583 324007774 608422755
241156717 927009838 525235778
26330288 350816998 324804571
64281672 458859964 757421185
484881735 231860715 741853638
100094374 413476035 861509036
466379692 737395667 473100878
485500327 883936894 566698677
853582737 771426223 335434232
892162908 637795835 374816021
216075739 255716655 839738026
818202475 636086218 292502907
760752795 323432900 319170371
627815219 116770363 270748788
848522386 566176918 269382539
760197523 716607965 269854969
452119349 216095588 551878800
561995103 605114428 347367664
585069043 796207312 976644437
168236723 526468099 39759610
169964459 665264332 85791247
322395252 811953378 920480820
