88
451794314 2028037 288974910
111681588 291303632 155763713
177741457 164199418 280452915
745629015 727272894 383855816
451963117 263419161 854025926
625817844 903511050 636159791
788165373 442332844 275132247
358996390 239303569 23523748
398318281 935986353 142493593
695297770 499848367 7061288
551242323 622426888 79384003
19141560 513456960 313082158
130997331 463541289 120030524
986922531 112618850 230228301
678849560 504459522 679335111
334404235 867470925 674397137
958197434 404243924 86377175
618061916 863589554 791513592
435167767 915162678 71459493
341562698 951473804 52898443
401242089 794478014 364178764
453002785 706324970 720922659
653545259 112784412 626625486
423006839 483894301 669309743
618420173 342823400 63159790
669473697 552010351 785773595
78145328 581004064 943346727
856912692 227723599 266280592
128456734 832249497 530649786
552244092 760049622 285284865
907915613 571051694 550324428
172354129 844757180 27279852
835825143 711708323 241389524
601591618 95282135 388198170
895143571 122021473 420267990
870020617 207534299 532166636
503056550 66284175 660803649
200677819 118884818 741997441
706435381 66950056 578541379
975233884 175415879 620832441
628486949 510176861 446057126
926002845 368100055 867115954
621658024 257571540 500057710
658107225 864636173 955201486
957474455 167265452 399008443
497916596 550847494 458109740
758608226 568056529 253805047
617776915 860690631 433527491
86561732 438782170 532703056
330922633 464996346 459050660
396169942 448906708 277614809
853056579 626274617 597214910
510226327 461020001 180426755
43412191 868977854 542275937
209267734 120714502 386859146
84098970 314300240 161552224
119634118 30107399 809928698
130763529 549763654 582647217
556636623 622786608 123862181
846344645 760720366 770611025
160906495 46147265 639857948
431937569 294403014 260015622
152536706 121038459 919321995
851501934 721753845 474964156
587182878 550621781 433177567
989881169 949027832 568805828
195162271 969391498 910191631
114548429 474202086 64884461
459208762 935590236 364830412
552865817 688217587 560792315
523106616 739024885 980716432
152225730 99227632 423647481
59551364 975997760 587481861
689797242 942223509 362895768
204797314 532352218 634094071
322778310 715453291 14371407
894999939 327962270 842741244
434672391 105983829 375024121
531433894 614069541 528901510
808264285 996866914 745140974
56268139 759836600 78552172
111933668 204658092 28006755
764401593 732123932 688293140
672712383 468924696 777760360
338013330 700743486 608345216
815071559 180352086 336664643
280134951 168859884 576353232
761089112 310076619 304003095
