14868 812 8830
11474 5559
6658 2003
172 562
9025 9915
8221 2195
13031 13524
9746 3455
5114 3591
14569 8251
8586 4321
9361 12479
4298 13989
3356 1981
6647 11725
14258 12060
14330 7225
10342 6745
4561 11018
10933 163
5909 13922
12388 5500
12053 12420
5061 4684
4712 11521
8272 12866
13268 10651
12239 4749
2741 14420
1492 14568
1484 3091
8461 5662
1161 10140
381 11468
3913 6792
13383 10999
3042 9576
14762 164
6798 617
4316 7527
520 6100
5714 7089
12175 465
10413 6181
11000 859
9033 7349
6585 9876
9657 3719
3126 3172
5894 4687
3994 3626
4773 13776
7673 14426
3088 11134
9003 5695
7380 10112
4936 14579
7442 892
571 14558
1932 2250
5724 6207
9922 12735
13417 5880
8086 5984
1957 13080
5429 9570
12730 5318
2274 7379
2359 10139
2964 9338
1285 1322
1406 12682
4950 5102
13802 5178
12548 7421
3795 12997
11969 2316
6597 6755
250 5065
12643 5051
11731 8235
10884 13810
2931 4806
6022 10600
14570 7643
7191 3846
6185 2048
7054 3123
10828 5265
8723 3623
3469 6539
8725 14132
5729 14373
13333 9740
7233 14142
5837 3432
5022 14399
11672 12682
8655 5519
1404 13632
7471 2693
13949 10335
8347 13135
14292 5859
5915 454
10955 13620
2219 8245
3735 14789
13797 5519
3334 12636
2536 10504
11116 8563
6126 2547
8377 8660
8373 12300
11834 8294
13491 6487
2514 14816
8342 9937
8626 307
12171 3314
2683 5824
4809 3676
9755 4873
10528 3558
9897 1715
5540 11279
4962 6001
8031 6480
10140 8805
8115 7225
4674 6518
3901 3133
14358 10925
13648 8628
3582 11962
14853 14607
9500 7846
8871 11350
8902 4036
5152 2684
7814 11524
5299 1953
4579 6614
2171 8189
9933 5929
11198 6117
11857 9982
5466 9596
6369 12498
4998 1822
5038 6050
3150 6499
6950 9368
2266 12965
10600 5739
5775 11036
11137 5401
8467 1359
4212 4286
11591 3342
9892 13925
11271 6249
7864 496
792 14112
722 6553
7884 5819
6948 12640
1252 7800
11097 8988
4671 615
14229 3173
12935 13796
9671 11554
7604 6536
4553 10523
14020 2541
3388 822
4761 2708
824 2815
1159 2357
6168 3893
3658 4295
10407 6565
2117 5673
3984 14844
12190 6844
11555 13444
11419 1467
13016 9545
11422 3769
6599 6071
8870 2890
9786 9444
10704 11167
802 14092
3533 2539
3955 4914
12683 14283
10588 12165
12871 3776
5377 9564
12693 5190
7033 230
14099 9606
334 1165
896 821
12133 11714
1167 4742
3865 7445
4504 4615
13167 3420
14791 1402
13291 13188
8233 5965
3420 7312
709 9206
881 11244
5286 1124
11562 13654
1364 9534
14597 6990
13816 4043
10804 6623
6622 14595
8801 6360
4099 194
9450 8896
5141 5017
7711 9768
14783 493
7012 1820
3214 2103
11230 10631
3689 3293
1689 8428
6865 7847
11878 1334
685 863
2194 11282
12890 11399
12770 7135
6905 11688
13856 2825
1357 9812
927 10132
14288 4383
13818 11235
5292 12322
3768 7519
13003 11040
3618 5565
2380 12247
8418 255
9988 13156
4509 7027
802 10262
10356 9661
14843 10589
11957 5898
6713 14711
13954 14439
5632 6293
8032 11158
11805 9707
5082 7158
3996 6268
6030 384
13769 6656
11189 6344
4198 7924
986 229
837 6409
4235 10711
12129 3765
11941 5332
7832 11905
4150 4624
12168 593
9270 2410
1485 14408
10452 9148
10783 5801
8 12077
1090 10538
3997 8094
6054 14776
2548 6976
5718 6756
4704 8598
2476 5657
11966 10795
1059 1922
3331 10829
6767 9836
14828 2496
4800 4594
10046 14689
1078 9787
12948 14601
12218 8899
10731 9590
4239 379
11492 3647
8983 8716
14203 11913
3877 10465
7286 3817
1873 4847
10253 14534
9703 1072
2121 9836
3993 12426
7116 2603
13760 2321
9240 10705
8004 11873
10247 4513
14509 119
5376 9335
11784 12010
6591 3737
4043 11111
10670 2441
2518 14308
10091 5190
10119 4177
9108 4358
3232 6179
12030 2410
388 5694
13044 8795
12434 2598
12544 12453
10781 1499
12272 11937
4586 1995
11641 5689
8188 3034
12497 1620
6806 4695
12385 6826
14495 3909
10958 12121
12796 6244
9964 9922
1188 2997
6246 9598
14565 7824
4994 14675
11560 12331
1186 9414
1332 847
818 10404
9578 13655
9545 10863
964 11307
6709 10149
2231 6013
5606 4841
13513 9797
14531 10066
14166 411
1444 43
14000 2025
5624 5434
340 9727
12402 11385
8277 8043
1033 6540
8953 10982
114 833
1514 13044
4871 4655
1752 10017
14294 13078
6721 10374
2034 5817
12025 5480
4214 9462
9877 3796
1046 12166
2112 14031
6839 9103
3124 8532
7971 9892
3179 7147
13463 10994
7256 12101
4627 10018
1892 9728
14412 10454
9896 9825
8898 1867
13919 8838
9044 6989
9264 2771
1121 12023
2493 11847
8834 352
6338 552
6473 3175
11549 4744
10911 5974
1247 3167
1518 100
11067 4574
14442 5114
14245 14799
11694 12598
5215 9445
11874 6600
7149 7604
10368 2559
14082 1622
13504 4282
5388 7012
165 5277
1010 7082
2003 1411
391 9799
10241 5832
4900 10735
1926 458
8009 1665
12114 7485
2139 9265
14294 9397
9763 11111
2864 5183
5457 10869
3752 5991
10673 6574
2535 12726
13039 11178
4257 2750
1245 4436
6817 5272
5326 10946
3545 14193
12095 3753
10732 14790
11288 6126
2705 4618
6285 12128
146 3866
5100 10448
14352 8986
10879 11757
6767 4409
12581 9923
4444 6656
13131 6290
2916 1821
13351 10899
4289 12822
14456 11966
3920 5833
9050 10269
1038 363
5590 8353
8274 12964
11238 13347
6731 13993
1315 4365
3806 14812
4617 4077
3206 9198
11802 13864
9905 3389
2413 8589
9339 12731
1561 6709
13254 12102
10966 7800
13075 13543
13984 10290
5256 8328
10019 2700
5771 5439
6505 9453
7834 5388
10300 8731
7993 7858
2870 5679
13399 2604
4811 1289
11238 412
8231 3771
6932 9920
10365 13530
699 4923
8290 10985
14531 7875
6949 12233
12796 2408
13944 11504
6515 9743
8147 3265
10280 10616
3732 11448
12856 6884
497 2167
4806 13684
9065 2376
7052 5920
5223 13486
7061 6822
1845 8704
2723 6711
11586 3267
1880 13683
5748 10265
2958 5603
9057 4074
12748 5890
14837 1243
9660 10213
12607 144
3205 6060
10805 12107
14785 10041
12383 807
10393 11477
14741 13350
4099 7560
878 2605
10392 11752
12168 3481
14540 12742
2182 10926
8203 9564
2939 3879
6949 10795
2401 614
3307 7931
3590 5955
6731 8794
8357 4304
12773 7036
10210 2538
4499 1987
8434 9544
11618 12964
6566 13964
12666 2789
11009 12723
13802 13135
2564 14143
10995 14467
13844 6201
9957 9111
11034 1116
13549 11453
14099 1303
554 8872
13469 11626
4515 12555
14393 1946
1841 6336
3770 13699
300 10943
8757 8932
10188 5031
7479 11777
5551 3635
1390 1446
2046 967
4588 8550
12026 12716
4430 1058
12351 14260
3341 355
7520 5052
5271 8956
4165 1395
12211 5700
7400 2520
12081 9892
1077 6935
11285 6319
203 9522
14198 9444
13241 8469
1664 12738
283 6622
12539 6655
8068 10782
3464 12187
1448 14603
8357 3333
12427 6044
3818 1372
1846 7837
14771 8590
3962 4778
2821 1076
7643 249
4847 8677
5149 9831
3285 11128
3686 13176
7585 9712
5988 12298
9596 2482
14596 13449
427 11549
14859 2307
1407 11680
9037 13522
6682 9443
4537 2855
4463 2474
6693 412
13619 8584
3731 12180
6565 6266
4767 7916
630 13164
8281 7321
4972 13116
7590 7272
6812 13485
4819 257
13907 8086
11022 4603
3246 4826
407 14223
1823 9186
7143 6503
2154 10445
9633 11109
14258 13148
13538 1602
8817 3054
10817 12267
12405 1392
3054 11888
7387 6888
13057 7222
11806 6220
183 11401
8488 10324
5271 4592
4787 10423
2941 13436
12451 10153
1086 2718
640 8583
9865 4021
708 6850
14653 8122
11360 13870
1886 7579
12431 11528
10258 12151
3140 4963
4961 2899
13409 1949
2427 8463
9209 7970
1703 6752
7252 11609
3613 3061
6354 685
12133 9576
12604 584
1303 27
3865 9144
7128 9430
13173 1781
12312 8294
3486 3967
4784 3079
2593 13695
12767 14490
6775 1055
2289 10939
12357 6131
11512 1530
10555 1429
12068 5455
8155 11396
10757 4643
8695 1419
6183 12703
4728 11116
12405 11070
3705 11936
6128 9872
2267 10083
2238 8882
6235 14569
7869 11134
2223 8981
4652 7833
3111 14854
112 4613
2434 2398
5360 9788
3777 76
5492 12739
8531 10315
11329 5080
8129 10708
7681 6791
14707 12776
1296 6383
9027 13828
10952 3521
5139 6497
7830 825
8476 1518
5112 12319
9145 2049
7914 12340
9754 9172
3866 12043
11542 6435
4582 8054
4744 1192
13 1326
10353 9381
8964 5360
8815 630
8982 1832
2402 1428
4405 5711
3738 9468
2932 1319
8918 8367
10995 7029
8285 4776
12398 6568
9571 9427
12584 4863
1043 923
10088 1660
4982 717
13890 7777
9408 12818
2173 5891
859 8965
13489 5859
11116 711
3206 146
1186 14408
4451 12238
9906 10880
2705 5019
14320 6182
4936 597
1307 3703
6914 3590
1026 9525
8301 11103
118 7886
9859 14542
7833 8198
13501 10709
4122 2442
5307 11049
8953 11249
2543 5299
9067 9135
12893 431
9095 8773
8476 13863
13948 9349
4852 14393
12863 7536
7045 8293
11652 11920
8101 11267
3780 5285
11107 13472
4168 14505
12071 3419
6543 12373
8156 5591
9123 10217
598 13408
9256 14198
1105 6568
6797 12790
2766 7238
2154 11327
5416 8020
12663 10714
11508 201
11441 3164
3958 14696
9720 14439
852 10930
14632 14789
3098 589
29 6762
5114 2543
5253 4395
14092 5709
194 672
6783 935
11038 12694
12525 11868
10461 1401
13076 10085
12138 9907
3891 166
3518 5016
4639 13099
13211 12855
1291 6674
9157 11753
