5582090902
5581596634
4770005976
9186627743
2427393149
5631092340
6039922641
6056834578
9813572298
7341005058
6431157155
5748450184
5746142215
4941367791
6508927192
4598119850
6145843885
9826251796
4410691675
11163547000
7211474124
12585118051
6507063187
7930043944
9629438621
7746633135
4349240433
6243243568
2794532058
6318951797
12276165440
5144069299
6955903764
5055273581
8099595694
5165444056
9279415246
8313306825
4886026948
7269105368
8495078060
10252323210
3274291482
5131376750
5094374378
4971294494
8831757047
7859499706
7930248832
10123370349
6821046139
7883753552
5423460136
9221443772
7009613505
4260724815
7266067330
8747129682
7902466222
8007090239
4211383096
9389046569
10822575011
9960534086
6378781555
6609062043
11122431639
5689395385
4146319495
10441237186
8030776673
12163246452
4702926911
3108304006
9182065539
4234084408
8566269181
8075933477
9597234211
2651417507
1127981039
5062110910
4740221727
3295126148
5167393653
8155119847
