3920551809
3838800711
3967308605
5557292784
401296664
6015374396
4123333280
3823371214
3431194371
3714218121
3471536809
2932737964
4777798606
767675763
5731510234
7066146692
6874584803
3907382284
5917570948
5447671574
4608398678
3894867669
6584131166
4122969195
2790404820
1749180960
3360387803
6165913557
4401907973
3962921984
7507013623
4299723237
2993963992
3291857786
6561851054
2636639446
3467868990
4039968079
4009644772
4801178044
6078880134
6455550410
5079310113
9569068933
4511342329
2110393584
6386303385
3899847542
4826708375
6166703593
5990707177
7133499961
3721437330
4820920774
5876756271
6765738333
7122366906
6102705601
8293549283
6070945692
2435098300
7928720827
3666134099
5031174662
4314318977
3095484867
6839724371
5646960361
3509032583
3029139234
8518723531
6030982835
5490185046
3925333663
6787598148
7316005091
5940958364
