4326259128
1582111094
2137584671
4467445311
3957232929
3778503499
3133705858
1582853203
3395415983
2068913313
2014717449
4254468024
5607022836
3708641385
3675703930
4049894821
3255843793
5680968937
4292280618
1375438421
1316796566
3355232156
4861424767
483894301
1944116716
4260715961
2170272337
4664252669
3988387346
5479727376
8936577197
6001056476
2958605306
4761620060
2716608638
2655504033
3886872147
4030781872
5136437310
3613296591
5070120758
3776697931
6586360894
2045389566
1374555621
2381200475
4039861579
5022313533
1901918812
5178498214
6933440398
6824589119
2730973527
5486904733
4854753945
1749224023
5187040478
1864806162
5389315635
3153278287
6694048414
4386555153
3713568069
885846049
6787882734
2244940470
3973348293
5514726442
5812988514
2109171503
4887830808
5952054177
8570050611
2985813931
4899995603
6797753751
2476278206
6005239810
7482532292
6512358644
7319451227
3247485420
5345048485
4697593370
5121604030
5859162615
4150588579
5980060529
6686822142
5429972644
6094587742
7852420590
6610809907
4644730773
10574533222
5254062665
4296422240
3476602542
10480429800
7193239368
5719995499
3794457236
7555427757
8836270292
11503179956
10613221242
10703068784
3590411067
14641229089
6408317796
7354152985
7250820057
2220173925
5003575248
2918473859
4468285629
4765542631
1755095976
3493728685
5298795242
6179475147
7998519409
3126146867
6403879990
3348197288
1448370005
7577548084
3810695701
11559472687
3288004244
3694987192
13498626419
12781914306
7463332931
1300526741
10466926827
1300526741
3386152224
14679667074
7166372966
