0
858057216
552748953
997180416
620732977
376953125
390150271
0
385545216
0
0
951003136
521693696
991305851
660831007
325719697
0
822265625
43794029
499000187
41983303
0
630496256
917715456
51227136
668004311
534439936
142578125
590742016
848635771
926517939
640723456
468087296
0
85771776
891370711
33203125
188571511
517578125
0
346880141
0
987796497
474361856
771484375
385888229
507503971
903934976
969855907
991174656
412583936
705611776
387415829
908293017
766245376
219886529
741090723
492678656
0
225647616
748572867
948558336
870921247
0
271484375
272807936
227545661
95703125
400864256
736167936
388668416
0
0
267736576
717967821
825711616
904296875
394501037
814153216
498046875
741956477
777043456
765630976
54538851
560546875
64998323
863497439
691088896
689099053
183904256
969785763
910744576
798132449
197267456
668291749
659982959
620185201
987748317
166526976
858756096
505859375
777517959
580665856
0
96370176
44921875
474838016
643147776
200985371
181789696
0
0
927734375
276599296
711159296
639576303
662109375
408423803
998798336
528052736
182443871
431810191
328177391
47758336
618578191
533717299
0
468463616
272886737
719177216
935546875
255251456
576736256
636011871
746410496
0
76213667
36994203
831973759
549436416
911564783
818359375
360413571
554489856
624137216
632190976
0
912109375
366464479
300811776
148722176
263622656
632569856
1953125
711410176
777092239
426528256
855076093
127392256
425908921
0
227927953
0
594395136
449471809
885216256
984034816
0
227744987
820022731
296644096
585942159
677734375
369432576
354833421
637459456
608486989
127361536
427434496
892023689
314453125
13592576
36297216
201991351
46667557
0
615755776
135894016
433074176
744885957
380513051
154052096
809860187
804297216
17340416
681450496
643936311
614558497
543133696
867109376
643621376
771091456
646442496
444190933
0
9765625
794446336
823730176
0
465347793
407208017
853298176
635436649
64208896
410911621
342513139
0
146484375
736328125
957476541
157815296
113550153
591796875
721555456
397177507
578633216
0
414583991
489140153
0
4770816
863900869
406398351
316271616
863369216
465325447
333654016
860563456
50201547
601390587
416387323
112116733
184247296
735663359
195012899
284635136
289271296
875795456
617011199
235283787
144062307
14109696
640843433
717065073
856541353
682001689
0
259765625
126639616
368528769
42770149
481903616
191021056
194861056
233273856
684687839
271123456
568359375
949106737
908368896
339273216
255433216
45910016
352080896
0
0
334696081
234496
154338816
92753809
51490816
838922517
410620416
935059291
767989461
184708096
0
336507353
310937459
968445527
0
12545507
0
820822016
715716096
799768611
418423296
947265625
457719751
56321536
0
0
0
341270016
805426609
219327937
216554496
677279701
50589696
422562816
245520896
565270273
13671875
123046875
909072896
0
473908736
71066697
451171875
0
0
146489856
0
935546875
0
811503657
628563456
707284459
639737856
710196961
553217536
0
907552463
452261376
267578125
833984375
251931136
0
509765625
0
849609375
270025216
148583999
142578125
815712256
439320576
861213696
612502016
870859063
607388003
126890496
673194496
749224429
243385951
37283717
708852583
983551373
327975936
0
0
611593216
663031296
299618816
534375936
0
974609375
594321933
415778816
252601856
3562509
38480347
165940971
907081216
906873856
155936147
973908827
150390625
737343359
982518827
373602697
153827029
896077429
0
0
994878729
900245141
108477599
579475456
771484375
32372736
330078125
794259499
360902656
125377536
233593856
455955456
166288896
542565837
328132101
470439936
47533093
342872576
93091423
879282493
23435776
555152896
87159296
716845701
197725696
275390625
306861817
186594816
356404736
410202399
722497536
0
447939263
266530816
111806849
243236319
88561497
583435341
949162496
151693503
179219456
770832896
399617536
430346923
379803136
638693203
57599133
268622336
99609375
667669021
990012416
572265625
197130449
892616719
566652209
535803547
587890625
734476627
155563981
306640625
124500473
894377197
911988757
106430976
942770176
0
103858176
612696576
408180736
494140625
293817856
362504041
195821837
140530091
67986117
724609375
129757696
958984375
667539456
0
0
0
578213376
395846656
0
583984375
411815936
726985216
0
213372416
348839936
926393161
0
55184896
861582336
15248896
645390336
166015625
242104549
0
152060416
969645819
966235136
880859375
982816256
211620369
722384896
248046875
931640625
801458176
678017536
309930093
714914816
0
103409973
57145856
785355776
111328125
598024493
732519936
936623616
547207681
419405617
0
668561753
281384393
975994687
81478656
197180416
703400417
237281483
541879296
0
49435959
849245696
808252091
435415283
525390625
985874837
897086976
0
896449536
471009643
0
788284416
307956736
430606336
58274816
641385819
77003776
53010731
79855401
509660839
21562437
389277696
247338496
593703936
690797167
252745057
40805376
485927936
0
524199149
447814656
668420096
287666471
622406737
833984375
639187511
903732736
341367296
616390533
496234737
213375443
652655616
724919931
874606287
0
354440001
251823616
0
963012096
964228096
722288709
984238871
431640625
407588657
400938496
605850353
837606077
525208576
705078125
607421875
763796789
155603729
0
714464467
418139136
761673837
0
6014976
639686559
404128256
650469376
595703125
198959616
951274496
286398209
466796875
804101813
954223616
620589056
218850816
415655936
659174601
0
826171875
513415549
927734375
0
278571473
468320256
150419456
847694479
758743389
378070169
442269551
234531639
306221056
188831397
49445376
613254656
905505961
421530981
15128576
832534971
385814016
68359375
929967616
671791616
684678656
784219136
109233593
0
985094656
0
737230336
881345536
998046875
768201216
377447936
863807913
0
180146176
255318681
0
102882816
914966016
675219456
27796769
855269803
856930816
513453056
151061261
884765625
504682496
286007296
37109375
861811427
106156791
923985033
554144256
962890625
943669787
466796875
164758016
1058816
0
9879531
63031296
935361721
296449536
328874496
98999311
745285259
191374336
0
675010147
649961017
675273319
434850816
416199603
248046875
645594331
737113153
236164753
738054656
693665381
322044416
563588096
100640256
479110656
538410603
895097856
295732929
0
65931776
65710979
0
310652416
866116096
734785536
536930707
865234375
216796875
530479616
907780096
868637696
677474861
451023457
986883589
455078125
8216329
599090859
275126871
60713687
693822976
147495936
988227277
331472987
306640625
158647296
847259136
283344117
802103296
955664503
556868096
854844416
914850816
755074417
889446459
698784256
798828125
308463616
986053901
309984256
263854783
614811249
70672896
0
718560277
376006656
912544256
98129167
946292736
262053376
927195136
0
87785881
154952123
522784256
507439616
856429056
606429696
0
107421875
0
837748843
37042731
272147241
924502016
144144896
847110656
0
419198976
326177283
112266543
44737536
882246897
833048576
372385803
828496896
0
938233856
0
667652529
997539819
175704576
246516736
313760256
568884793
124660627
699135591
28995033
213717863
634041177
500773097
217646611
0
56830976
470099456
774619629
705078125
0
889979763
684596736
640856927
971396743
437241856
627403776
522999853
451682816
514999296
945434497
133825773
44921875
0
732421875
0
927734375
649672113
818689536
730246656
321703936
886314451
667245056
625459459
25679059
580709376
705481216
806206976
903989669
82279936
387210149
27032576
0
509027219
107872793
196476416
617742919
537206793
186521797
618576053
878259317
617033216
302734375
0
296175616
204981693
650390625
310452736
897639936
604302189
603515625
196036096
848446976
441511039
504969216
0
590223969
501183621
65048576
940242977
458984375
918025216
968157696
956729856
123046875
0
208984375
623364096
145901056
0
455785189
819921373
859982963
167991611
888692736
591643136
635844096
400390625
1366016
495015936
157129216
416400896
859383296
296606019
403751743
580215459
481547776
496032256
877268833
636113381
419921875
514003456
936365056
316194816
313622016
231287296
277707489
566370816
0
511014037
102037931
868440173
135576576
222286336
449424896
688473337
230035456
804015616
127620096
456700927
145568256
0
117818197
115877376
119166976
413881856
897660416
863218176
0
634316291
163301551
220827136
250592256
867313609
456928909
617032547
565930496
632108073
572369111
473919279
193927459
423952896
658226176
827032576
188665856
52615627
308903936
447633059
126148096
735970816
307494587
504153469
341796875
298410001
947565056
465739481
560546875
925093376
263415477
913903616
586636007
595703125
478515625
0
762794496
111412736
741267456
64613376
643791537
494340096
394599671
0
343759289
497094656
263315456
634765625
214708736
313741083
64400896
858172416
33620771
926009856
442817536
630808576
522948096
166015625
66349056
466796875
501548781
276796416
0
0
298423296
0
322894307
745637371
421551616
407791616
730912141
163237376
256669696
929606656
149113856
694644736
366247289
321299456
900390625
678775296
220703125
633125376
686475776
947411456
482586281
367853221
708732416
87069696
0
346328787
290444921
0
198669027
559305521
71914496
