202654247
751084917
449199616
56982016
803736576
802734375
458984375
962908761
909741056
0
894701056
0
789408923
75287473
0
258114903
12937216
0
604417757
689180009
182203931
0
549840896
482421875
778868736
925208576
491862016
603885191
217207296
208603136
4371456
14336
25390625
58758656
526127616
699453959
126393856
0
740677537
563309056
238593536
244755456
734862191
771698137
341062656
633396736
789587456
292895569
503864851
661685147
204286976
338045529
328692833
182299977
44921875
130859375
782461379
0
752275456
803657216
0
935560461
892578125
766788273
0
572265625
111328125
311566336
538794496
268047059
454665169
904296875
0
0
535725513
846346139
118304256
359546619
256449389
861020001
675861791
761473536
785204736
0
690802847
392372599
312068169
101858816
706029056
783203125
740798976
87890625
74884129
923932021
309806339
991036416
513671875
213258181
530472529
337890683
685236736
536390269
0
269966336
190956377
870721536
1953125
0
0
0
524793856
628985063
328946176
0
970029056
0
793327991
0
151317141
267578125
153586333
0
423832576
995920896
443109376
459537727
357628439
488078336
27389239
742189056
590601216
369865216
940397056
998046875
840833391
701149696
288296581
676963309
75083021
43885056
167279591
997687296
296541991
906423047
271730176
960109056
103515625
0
364768256
230946793
967486976
582582691
351522137
921995776
918858809
588128256
54014481
556640625
26424097
383586816
845305856
63691776
576265117
704151651
275390625
619585536
449245696
550454331
603721216
404115456
901789696
247709029
927310336
914850816
868696007
147414901
0
947006976
100228096
168784896
0
319394816
938647217
54514176
521863347
505859375
817472123
213070336
396220401
640470016
109198336
0
162291283
351306897
789482496
56846336
50430976
0
521112576
779152093
905091407
249220883
675751936
697265625
973014449
126288227
571982336
546925056
0
999614051
94992653
378620099
125966423
717552987
97351077
697780736
787214336
962935296
813998393
172442067
643961856
401081856
45783779
494480896
134765625
823894016
946910699
405528453
123046875
166015625
588821871
917255049
907519293
142872576
0
793094656
271356416
393726976
367476736
0
935156047
224087743
859118067
298828125
146011136
179645607
582412881
279704576
772386816
534734336
0
767578125
592749056
595703125
133719493
224879616
521484375
0
0
0
65509376
187936256
500285651
0
329250816
167625899
705181696
176935307
727732736
853925179
332114641
761650176
836842496
1953125
425739067
467572736
303684096
662109375
183545343
151126323
793785791
469067776
695205376
715736576
627388416
0
273972736
318252657
123629747
671530496
704944571
0
327049216
0
66963456
275653807
938615057
112433011
610911047
190657997
555644471
593366016
973917696
19647197
606947623
604663296
253729183
22473216
315303936
281752576
456457216
572784669
158203125
413685089
494140625
763671875
785069056
664845219
933925376
785982687
317677056
668383239
0
892042367
796315136
373046875
0
410379776
0
689092096
34533376
0
161734991
564740793
978377216
306108416
405418129
926416896
446874661
602075136
694045696
314453125
322265625
843900416
987178496
249797357
500560896
766923791
169174141
407389696
260973056
517578125
936806539
844105216
901639597
131362371
717607939
699233937
176523776
988996096
693359375
193359375
56640625
447097856
896723231
48178176
127073211
49631039
519223203
594674417
626917376
398388736
400877056
306640625
46466863
0
251414016
367131136
414043136
914080256
572798976
613779119
670258176
186354176
90638547
0
773871616
523874816
182023127
211906241
36548941
308962816
777116559
42113536
205833216
43147776
539705856
481084416
356906496
430219097
0
55132003
95115776
23021056
891027201
345894031
550151747
329982976
490836061
746477056
731439616
972630687
20134499
362182656
0
736837811
814332409
113240576
826367943
49217536
327399936
433943733
116606976
836569629
542186496
708984375
319831109
958340096
369651283
723836416
841778176
0
44899917
442768896
421725696
852018176
0
965938176
591474176
388052073
404158619
960936079
775139353
814914363
878068736
768265781
479328256
950827403
661914761
568822063
214014249
513497003
0
404292096
698657091
554116096
445833883
378558976
373597313
447312901
845222847
742484137
551410867
87133696
401636397
748256256
544921875
0
330452201
806640625
15474176
33203125
433774513
738618081
114679296
453824011
760646656
724806789
104724493
701257713
280724529
417493379
391490469
625992633
861328125
699101441
669921875
820652649
0
723655641
873046875
419082481
672348219
879911936
625642311
412727671
890612736
716071707
536068096
13182976
236211121
447818241
125707776
855499776
823269376
80096256
152052736
358452537
710034421
631813001
650075136
813939899
628469623
458361856
522841329
912861837
278490089
927958016
613868289
851951616
0
568359375
732421875
699191353
0
188112896
120546301
235157869
139759616
300210176
126870016
447126016
895955407
739846656
236000113
796593493
233711091
263054336
737616229
825401856
52217421
661487616
976598077
861715456
534938213
0
652162771
797449233
660904981
583984375
794921875
81699403
0
781192669
803229241
945720123
598854177
420471296
841517779
837890625
146246656
664010707
173828125
893044736
288533563
947088896
273124353
789376951
0
370461696
623015936
0
45540199
0
878660129
0
778945536
440685056
271307121
950624256
232421875
278649856
789933056
193435136
491977216
654296875
426827776
0
209966491
137657856
557281719
201117696
162846307
188241753
0
420225536
349666816
906003559
832591181
143899136
16477696
0
466016256
211050496
298372096
415018457
678350336
142217216
156600737
79087616
711834329
89574251
501953125
755859375
392077299
137816576
919407041
72265625
383461376
172855296
896237056
0
0
962890625
835946831
142081536
870409216
44996096
244458496
116763136
692673913
437292301
969312256
902247257
674154496
431625216
258069813
769647563
28975616
212280837
380859375
241074176
544403456
713901056
0
838032896
44921875
276235776
0
725922816
56640625
506902016
912944223
237545911
101149467
576830557
152003503
558585856
777149359
0
822050816
233416533
0
230401536
908368349
121325056
0
705078125
207082496
0
699703296
716796875
345703125
937801216
0
227145216
816081369
138031616
743132851
812848811
69771776
783479296
784754176
688994816
741912563
13897707
39277056
634137243
419921875
314720256
732865536
516120576
633511027
200278016
734951936
271340993
899050496
514434581
860066829
474599936
872635411
0
606619136
743835136
976992256
888951296
864751616
169921875
532746697
904057856
432623173
999571456
0
126953125
541165056
427714569
242538877
551328256
22210047
990992896
390186496
337491456
348681427
956171776
836563456
0
77264993
531899733
804852736
687924736
279341787
715012096
276391933
25390625
32801033
261134336
501898079
168208896
453454421
659513463
195409121
516291511
0
321204603
263671875
852120576
31340497
742148096
593686371
548669087
474955776
422468096
394657583
987654656
816863227
25390625
868973056
512464999
75288576
59907729
15371776
72390656
931593216
779296875
265282627
347268096
365899776
0
439453125
139890417
499920896
119140625
621023443
0
848416256
79100416
497666567
197503283
392578125
193871739
415737856
641980416
884974571
224961536
810535936
697578496
808741376
0
882553856
900390625
551497273
41015625
848951296
231802021
755859375
0
914701337
832052736
953808681
816671979
0
165165056
874505216
0
610762001
168052736
577967616
587890625
255605099
400090813
873046875
478665527
428851617
41486336
283947061
909968896
257423709
16298496
0
0
999860736
191842816
641624117
604612096
350142976
0
82710016
106466816
905094656
110355456
749098496
528222219
497014913
506686976
0
0
394546176
858968673
719341353
601775616
722149376
982421875
720068096
342951333
318068736
919921875
382980096
904296875
519725056
0
0
911458816
351143936
714226341
237515141
101745377
197250299
955152017
309103616
917497856
55243776
482735616
462005899
37108736
535256576
99398529
72830251
178658527
0
502878557
528073216
6355456
590974976
34199231
426223616
0
407202816
926026259
549091039
11815936
397599181
193433749
810726359
256336896
393721856
145053763
715992576
0
217408827
0
26847899
351438336
281688001
842909696
595703125
0
486328125
451357696
874892363
749675641
806154579
683631616
552399497
662375936
232421875
732421875
87051776
855560653
603515625
843669973
986328125
403625739
400662379
781698833
540269056
232313856
968244736
176413696
958984375
942125697
173828125
594502127
766479193
446331061
171885399
51370496
0
121230336
0
667386957
780668416
769168896
783470101
363933696
0
396484375
511410176
0
668192256
767877529
776211456
122157281
956286347
251302691
161523773
256557056
560546875
0
957034496
183921199
346934309
557922816
527829963
881051136
637352193
209097216
922429193
0
946674176
267578125
115234375
510995456
10368103
40121856
933385216
615044096
731859807
588219741
0
0
595091619
358240256
164281856
963623936
868589056
804747769
192539811
243508736
582324736
0
280408576
268330941
854788096
0
438665216
918923776
685546875
70639616
953778176
0
868334453
913691136
42965749
293286521
857085391
337440827
0
583325696
0
418365833
