62999862
19715852
126821934
113435115
317425865
182572421
20509966
476720118
19544085
214744401
93684956
565753048
188193846
99540201
626094973
638514959
576985171
774501773
442646200
15360603
617151721
80995524
896902567
648433150
61809187
419114161
8001728
14629242
347066472
104728660
11379716
487857200
165858
216301426
5200958
184915218
421407588
64277635
6262013
60431292
506550544
83758612
249532016
2755600
172475443
279528388
350319460
473544704
5447432
149596843
118278159
10120239
217512581
180644361
127873305
161158445
35397928
390787303
72692951
389078376
35926901
144363061
60335661
159578750
501739326
539930819
206181467
205100224
282715751
4587943
17380915
208913841
320492319
21458493
178155910
632320134
5939798
318611196
497891241
760973996
107696352
44658747
53167636
186473758
797263546
67702040
102766334
148470064
1744192
269156743
511475281
344983255
324770095
192660129
204708511
420215173
444779076
322037776
277022459
314908213
41348434
440044517
7803889
215195325
15270689
255353407
387383091
287679400
40095616
50087658
57554522
233666638
693974250
23278974
310842527
361008019
52255825
193636453
16997359
6652269
29925478
217313195
68152707
114957723
60592296
13739371
407686705
147752146
22807458
196742248
135997240
43885093
56685556
662924245
377711671
694373501
248978974
464475425
17214859
88663248
111838865
76674296
24752919
280028130
293757341
141606268
38575165
106848414
67659520
99920953
236224080
657797236
735159800
352470552
26975329
38337568
753504651
244392136
72511864
893964004
327937335
469493997
265842576
752122053
186329143
324558280
683893288
295399373
83325856
476118430
42931374
667151445
276422052
378077192
158806981
2539555
271296496
807792253
232109515
332003980
126279536
171693865
3695851
845810582
151887952
58364551
176708944
575010176
195671116
112374812
116665396
204391348
36523827
487189675
582024325
468068936
184239405
355116539
452756522
240488196
778852472
377332056
61372128
527523795
23843186
19898404
80344463
531957123
769822471
167819295
147729313
179516962
631616817
94895978
60049663
40627978
301576100
14178971
161754931
183603844
136729976
311562455
372893814
24052851
25516400
21486145
355222356
114971407
21151233
141967656
16105671
290921631
484676523
12158525
111610018
289865715
86014276
370580183
49106056
91436054
197393625
232854612
726000865
13845308
298606324
23543795
21676895
378313846
347495791
71939189
214488133
212300209
408544443
234535690
605422876
530770006
18790967
743937363
12924688
461186494
139825467
49599155
629959781
733711711
658082492
199414231
15867300
21931870
670295331
16161156
34094007
77983879
391099994
11114014
357221443
90302508
106966181
107086787
3192056
285381781
120771055
29878474
703914981
410426404
416455058
105719261
607712333
185619665
218725897
33719622
33323565
70667769
28674524
158026422
668532294
661545965
219620417
242046117
281243641
579932300
330353382
208052427
224530986
877554849
17424959
719842671
260903209
263236522
273905167
355756018
41451659
400038616
108283420
360160926
19317677
360300116
80098497
14225085
529243098
259465700
481140985
182190298
55401094
386309712
32931604
1513529
105175151
482827140
219629225
209338469
242535260
219067776
49708371
117027391
453866498
362487265
136262424
87490142
134533557
183472582
442053620
168319436
371439040
1978013
264010800
775811853
100275091
173830336
68609361
57598699
12741151
92488292
29462816
82608017
402901109
112321787
8240290
236023880
89180576
7578531
81420613
283187585
404008973
2188212
57251799
45696516
589032949
77384278
796856
83326431
190467012
623714306
12821047
99764162
117324991
677759812
368310904
446992948
108248879
68949024
379958308
698411095
88614418
88701360
371583118
75911213
764484981
564330465
604456081
59154241
81544654
269151939
131625468
24210073
204061201
350800215
32921893
76937949
218424034
39525697
126821836
88159625
104859189
4597802
245998336
310797647
11978437
36276528
127700621
648090736
313698405
36490483
82503696
119928064
222371456
4149007
198511541
229898175
752725508
320428471
692010946
299470359
38496655
765377286
328675588
58451706
114726795
146026557
545775215
40985663
369899236
618888556
216345895
188533635
140582543
559474534
416673131
514377662
449941915
351589293
133563
383923750
30998284
448529856
161940966
241743536
281282906
106195846
674981811
106996527
14561352
42187001
412227585
88873756
353009187
225226419
793425400
281307663
57268513
135589224
586045123
45110552
590863276
304610917
185864699
132375444
114600928
282846975
70024815
375762841
123671791
3504843
447535322
483576349
418531225
11837515
393681616
270896721
288160961
1442001
74890459
209215557
825558274
560735776
7150369
127915768
101539656
296311351
275965075
516094487
277196726
618465896
827719154
45643677
3940201
127208412
14581343
368549205
108133132
104406784
362477326
37171533
349977612
8717854
491073409
799066374
42856301
80402237
6492017
17634270
755434149
490128465
187132210
47684452
867643057
52625245
203824306
869907562
277335937
291785661
9104641
253555672
40339690
196830807
344625383
166923773
308267103
534664
641386431
2026121
68723510
31968643
35632462
462838706
108300846
22178611
20876959
224339632
16260847
313451463
304353915
7358356
88141462
405428333
164093786
225368202
68535736
166258624
81923675
289137631
861589649
386481947
187190601
35058161
57944573
17808256
17708741
249910187
397056261
249867178
331747263
27368621
90795006
22249786
294404453
487054053
240613608
726067616
32773272
232251097
107192705
269215332
84049329
127663167
146234793
27122368
32359995
161051998
783799159
28283872
36760810
114422624
12034117
249157644
38887648
516336580
29065664
279561381
102086132
457664799
754054244
193671819
802917451
292456
131869988
426766662
3363724
11929321
50904216
306495825
35446945
380283841
99956992
289919259
386494154
286861350
4397811
286809585
584127530
27273761
167349960
127038909
225116413
64178433
141478235
634675481
208054971
25955006
182807514
497676822
27201845
38843999
614285566
9387781
6600401
438324643
305745226
15711569
223165185
179059961
380465899
43533406
344596994
353076819
2252129
433410803
32067119
362137178
242575293
119852520
62935695
483521377
36597366
716342941
301556333
2007927
141548726
199655521
63818663
82972124
534344388
521365969
175752342
371048784
239215384
196731119
424631256
159297414
58891363
464259580
522444105
399474473
250437897
289156011
87667517
12461214
618583659
221902252
351532236
379002667
21202743
228135174
242585617
286214596
35327348
2226432
10398539
435862780
37658608
72810197
597794337
383371508
123327753
56130705
499194776
359707418
34851036
440591591
53374336
576965900
683013080
641456600
161130701
85593234
265468406
324488184
3100453
80096248
427011525
73000979
393583114
64802341
45951026
666951637
4548134
175868951
586145771
291117456
528677746
346178659
83911570
146103611
74064243
237667757
767251311
814018815
18149861
97331646
27712075
214707879
187835251
413096532
752720611
477310237
11058919
87296677
507734905
10814288
65166428
8341247
447557461
214255124
419334521
68082466
269480558
470206706
281972016
310059360
93882997
44836939
219492496
721174630
187516043
48329369
123710822
104567440
58155586
25434830
94972086
238012266
39554733
551761968
140050962
162441329
799744700
85136415
409814466
391005893
683937613
45636966
99851130
431703066
18746069
393913673
35124514
272054159
13552640
30786406
132944072
118854573
109929626
182008024
7220656
17573862
84432548
183253240
206238036
86584468
147921495
38256306
9813497
51916591
166817285
477585945
30679734
31656696
439619376
57205808
166265568
303228601
34237570
209723698
213454099
60217575
266911628
20788333
87227286
402605011
797537075
7018808
444477641
142016869
490044325
170276016
118432770
574460727
185692687
488270380
159222840
48040606
317425805
502281519
459512256
478584199
351408060
166054195
508023779
235073900
342007533
133807725
104155436
641865302
339469687
49923
345394957
342372763
245309308
125463212
342193988
504846136
109194962
714230356
170538111
314498648
369144700
186623617
2885310
174132727
852535450
873700173
125304060
2981330
186895279
490425758
22706813
203371617
473116725
47971314
627563930
97744950
46113994
29987500
360059376
2731431
115011849
497793930
344550355
16525000
625648214
816444586
394452280
261918837
237659086
167820464
102611106
12572357
42310722
39840045
80802239
685858252
864085184
417836283
192004896
188932987
206549097
201371280
414974729
101805984
533860042
230905144
73579633
178308322
249164266
734511365
76689171
220466429
211310936
348129363
870975839
474909447
265943749
43233556
400752790
356168685
207423457
56668597
484011049
43970642
165189199
28523819
627175587
465136
120774732
869313687
240978813
102836475
309375844
23536205
256718459
285692327
52046955
191109436
125679511
676892160
94361338
45141291
553951490
118371402
30782976
277419565
48418176
38785384
307568056
60742424
396033425
195031904
282542603
98298000
239085927
822418
14700867
600830218
271182216
81004686
325155363
84780342
134931275
529989338
865762059
24341805
341104856
678933041
484974196
134291144
2526736
15155040
164530752
488186916
290055681
158439677
301055943
947913819
6347694
819193119
13154559
340319666
75040204
358434511
62560947
330901393
63123587
207495773
50586292
240742727
449053588
294105029
76373048
131168583
10320769
48963334
13065153
100667796
558675369
250944853
85386076
83014317
803307521
58177496
859140704
870673912
21826424
350255521
275151276
235197712
161494968
55389385
140269915
32286355
38015378
25095886
169189363
186370680
568540395
136909500
321446001
52431516
285826933
552261748
136114856
305289485
