232854491
282526431
244022268
76725488
429161988
132246490
264429056
121951343
146527668
75980854
216963225
71172904
566165721
44981901
53988064
475283943
162978597
167131541
119730944
229544423
219689200
93023559
325378851
17657440
471777276
423566659
14568691
173134770
137645426
191162825
323077296
131754584
550001179
953684209
15119603
63998041
266396020
29963816
87959842
627999983
32015975
334475908
699808113
95871157
335924241
31922941
229794496
6969514
13050773
423707155
139460799
159460224
544350360
192506105
5806051
134681207
253539033
73045153
114792995
81226215
332937229
197535754
361700567
267496384
366107667
40266100
176821696
56438175
930658723
27681572
134590150
233192429
37869506
433192812
41222956
46909147
736227505
170767313
452540103
10866505
37956666
135385768
62519656
690231091
149349676
160990512
614134232
417872746
311191315
201924878
3531121
497187588
53148853
19955949
50775939
299442151
179031475
539229713
217505281
170433224
212703451
398856706
262398607
4137
651551890
37574388
168434715
236479641
60830406
158731331
194566195
36317298
412843250
19811840
314107202
514978425
231428378
569756656
507756039
46403442
713497
64344188
35648271
141599776
294911294
51010096
510619765
239196623
56434692
529970717
635687808
124584271
156220032
4407296
69808553
176391806
79784723
51496477
84702349
356964898
311593272
32985213
250371220
78119158
203062629
226545461
361920719
461459015
189006961
766744090
84337182
21090168
426521683
322021367
541202796
463363604
466598112
361960691
560558706
4568807
477907279
322761288
99126396
278553932
167717085
50515132
29255487
88678652
36834097
434413866
130286232
474963634
230947471
31610726
3848907
467569133
68944011
236688704
171313541
131306869
75227296
297066756
363485741
35013976
759031157
230451549
222719616
961156503
7518718
112926685
5354054
587743436
445358631
