31445296
90190485
941403969
533713785
23932349
37511323
706629441
53344424
79427509
121082883
61088091
328297757
1560670
385594213
948800648
621526393
78497753
162266943
110692989
40526281
351709222
10802744
85273651
18939353
96798106
10633956
185672160
221270473
513384437
344774381
424041167
18384681
257730007
310131403
364413920
16464031
431462106
483692821
11998506
60499593
64625714
616443547
12146199
401444220
86291635
32531986
36214868
349430775
5563923
311894626
604014856
102327838
203622231
447699920
174660273
10241036
468394105
343966345
178769436
202047631
283143895
349341349
31544062
29416226
96207339
600040037
292538761
410115388
149216759
238260660
245428986
222855137
61144790
46404446
131869620
354808773
643210317
180388891
219918664
135123931
763018828
8740062
579613993
2820428
177417037
191968732
119074600
552291666
8356309
98156709
201243519
391145216
391941760
102107923
73582382
777792315
76945720
242035696
278791768
11048539
146333062
516986065
56900480
219566705
302809799
162646108
162823177
144747131
23073154
465347046
489857347
369791140
198834276
500200157
228534920
396238642
484289000
8459176
59777821
74263830
69386332
92944875
578279157
65328676
94678236
537796477
750865437
530620819
819985356
32621757
334161028
33144806
90581016
27265390
62788498
689845465
468827391
33923353
605971373
273710932
508903809
172556675
36818800
592768047
553536357
416799131
828005936
45929414
17290900
175072302
11094366
182069078
74719516
565451441
432477967
61983047
31304230
145602123
431243439
353102104
300180705
196965149
260180768
294613576
493628202
846762066
105496807
133937524
313646345
133945484
84890703
28132214
665761815
391192003
94013987
348281190
85933147
125337205
17309672
382718611
507981213
816861576
154796104
42294790
140148057
371563773
537177933
139870729
161983314
63125327
81229960
7212055
97527749
70720831
329053096
37248307
32394136
808003596
