181 1323
154396384 640494892 528756313 434883274 318065816 264440383 659789617 608119380 648104885 725454492 696703871 543030428 663661240 890791532 108201616 428505484 322953840 119811886 691103780 306647414 549862302 176916719 909058872 455464665 307270851 584469329 722629343 875317523 629938577 244419357 781214570 196670271 304620505 633084214 842804669 567530398 381873603 560028831 7218487 861789186 144376610 625456810 780877708 589558486 134166194 414950796 721407802 553010676 955308711 381588618 132249152 739990894 349655325 541586881 148171212 459480021 458194371 711527040 805750859 225659487 923622442 616919641 541627396 189845338 545052260 705924883 701326768 360797562 153907111 153703898 312119365 610379669 633051911 179752937 356035805 857066210 510023590 487449327 911192541 522937781 366865480 175671834 3720977 958798378 537811758 487222100 451715495 514312094 913636469 134561869 695564571 532291996 942581882 651125279 371623643 124409048 63074408 599149591 243222914 423151881 252728018 259733480 643176869 401033745 139381337 251320507 149124068 414594572 331487169 269144629 189437147 248342016 963352506 406539487 845833860 755591984 896411912 346209706 599986363 192576280 339470264 91311827 674221023 82572049 432342320 906953259 996236455 898717035 293935164 823871256 241618061 426188561 552250085 602446372 326439606 36819590 716162336 182538448 877980488 234609344 970639970 96912084 154071710 720041811 241584076 888321423 204059421 444486812 306061338 405953440 718697235 185635311 544659197 175477372 385632116 74114210 281221795 749035961 69575117 403681059 477587442 276294863 344958618 247221529 256653851 88799826 390143235 215677770 69615947 421663553 829251359 473970282 477181978 395005915 204518013 819349760 65949542 849289623 779931867 351133755 458419082
53 108
87 143
113 163
18 45
137 162
134 137
73 166
21 124
14 152
129 156
102 132
35 178
12 118
23 163
13 172
38 142
15 155
63 100
32 158
34 40
138 159
71 111
15 137
44 134
28 114
98 125
140 144
67 138
78 110
41 96
52 159
118 138
53 106
142 163
118 127
10 103
15 73
125 175
40 108
20 94
37 104
31 143
35 118
44 99
40 98
105 177
111 122
4 119
77 109
111 121
102 178
13 145
124 165
65 102
10 33
169 172
156 169
99 131
111 142
128 151
3 26
70 93
16 44
157 158
82 131
73 74
98 148
21 80
54 167
32 47
124 128
94 120
57 94
24 113
59 164
85 151
19 35
52 65
71 136
33 71
174 178
3 6
101 115
58 66
61 108
1 68
81 174
48 98
41 116
42 138
21 174
11 83
13 103
38 146
13 19
9 84
9 51
67 166
42 96
46 64
49 121
22 49
85 111
21 46
130 138
90 166
40 119
133 173
67 106
46 155
67 124
77 140
14 125
60 91
55 170
47 100
115 169
27 51
117 138
105 132
72 113
5 105
15 83
57 58
29 129
77 117
48 86
46 175
66 178
123 126
19 31
24 37
47 158
49 80
58 120
108 120
25 94
174 175
65 94
78 86
128 145
92 167
92 178
52 145
41 165
133 153
49 101
62 154
4 143
13 153
139 158
39 79
12 52
42 155
34 94
91 121
14 59
26 42
25 57
152 156
4 21
68 83
58 108
51 148
66 101
54 84
1 99
86 168
9 142
67 91
109 150
48 80
5 24
67 105
68 88
90 105
87 114
4 140
46 47
54 104
47 163
43 93
7 85
62 73
90 174
95 146
29 144
58 104
6 123
3 129
27 71
140 172
134 171
61 159
21 50
23 148
58 165
116 164
76 138
168 172
15 44
28 46
31 42
93 107
11 17
93 173
94 99
41 138
49 107
97 148
25 127
28 147
73 102
43 101
5 132
39 129
148 163
37 96
31 95
92 154
13 167
79 147
40 162
12 110
41 104
151 177
39 46
29 149
5 86
4 116
142 159
135 141
84 163
3 150
21 40
128 161
41 152
48 110
24 91
41 158
62 63
6 130
12 129
31 87
25 88
37 157
30 168
63 85
34 124
19 65
64 80
94 171
63 109
88 90
54 89
99 101
4 49
38 163
15 171
29 87
15 26
61 142
96 165
136 162
62 135
111 131
5 16
36 82
26 41
93 117
19 73
85 159
34 57
39 74
47 141
130 173
126 146
24 165
10 135
82 173
133 148
23 50
56 154
9 174
78 147
113 132
131 172
16 34
73 122
117 170
147 176
17 34
67 97
15 19
75 166
17 24
35 130
49 159
35 150
18 117
17 138
72 135
27 35
47 108
97 146
19 163
125 154
100 110
1 142
49 67
5 44
25 138
72 137
160 173
137 160
18 100
118 135
62 156
18 71
18 24
11 131
33 43
34 37
79 80
92 118
38 83
7 23
112 152
51 80
56 105
13 28
44 147
4 160
68 82
64 143
25 97
44 179
43 72
22 152
140 151
61 84
40 85
15 102
87 115
81 98
7 71
54 90
78 163
21 43
2 68
47 153
2 173
65 114
112 118
52 106
10 43
93 103
49 103
49 54
54 146
13 59
2 150
75 165
31 37
17 22
43 149
157 174
84 179
28 140
49 95
136 148
5 20
65 101
28 51
18 35
1 78
84 115
69 131
19 174
42 126
72 77
98 137
38 155
23 166
109 124
82 130
46 111
157 173
89 143
71 95
139 170
53 136
129 140
7 49
59 105
40 137
82 98
0 131
42 84
0 143
40 118
110 121
26 132
81 164
102 110
90 163
34 43
96 105
106 108
102 174
89 168
50 96
140 162
52 61
87 176
33 68
19 98
64 166
93 165
107 121
9 10
127 180
70 155
73 135
13 109
129 170
15 35
89 115
24 168
51 88
13 64
18 121
50 138
104 163
51 164
79 128
9 27
23 109
124 134
75 129
35 53
50 99
65 95
104 145
67 104
4 149
98 118
107 170
33 60
61 83
52 99
82 109
143 167
14 166
32 128
4 28
62 176
15 107
8 36
50 80
48 81
104 125
97 135
149 170
57 61
19 179
39 45
12 167
25 44
13 29
89 118
38 66
133 144
44 75
7 34
15 22
52 113
3 99
112 173
8 10
12 93
63 114
100 113
36 165
36 169
119 154
50 101
26 106
66 112
55 89
131 155
16 126
84 180
154 176
124 140
75 170
66 82
60 114
66 83
8 147
82 177
121 178
82 167
22 37
73 138
12 16
123 176
136 144
175 179
2 63
10 158
40 177
46 177
80 152
26 35
113 146
90 107
23 153
23 72
25 59
99 169
33 65
8 14
61 105
108 139
75 93
159 168
67 70
44 125
106 152
138 160
129 147
61 103
21 148
117 134
11 176
12 89
23 88
50 177
43 176
41 172
123 177
43 54
6 56
104 124
40 148
53 91
109 134
53 162
96 143
59 107
23 68
55 108
85 115
69 138
5 10
59 87
54 117
88 108
13 134
97 144
33 136
84 157
118 169
124 127
71 172
55 67
97 101
21 177
9 134
33 164
12 146
40 68
99 179
71 180
42 71
5 58
0 117
45 60
133 139
3 177
12 71
74 76
147 168
28 43
76 118
69 84
111 164
58 173
16 59
80 99
116 168
123 180
97 117
44 163
43 57
23 114
42 52
56 65
79 82
0 11
37 80
126 150
37 120
19 36
0 110
118 174
54 138
32 75
104 172
1 126
96 173
75 92
24 104
132 173
79 123
8 28
137 146
30 97
27 44
151 152
0 167
56 176
48 91
20 44
19 148
68 71
22 28
22 104
46 131
152 179
17 76
117 153
3 38
23 89
48 69
56 151
24 137
4 176
84 106
147 177
135 148
17 159
121 164
2 24
17 35
46 160
64 91
85 160
18 44
10 26
43 73
21 115
18 61
16 180
126 140
94 176
25 155
67 76
154 156
56 166
62 72
63 122
57 159
86 158
32 54
12 37
63 161
29 40
105 115
53 63
122 150
43 179
57 59
151 176
90 155
49 168
61 114
19 144
69 75
141 156
14 126
30 65
57 112
115 139
20 97
24 46
81 158
80 139
29 130
47 53
53 117
71 160
16 164
81 148
18 155
2 27
16 77
152 162
8 177
70 75
124 163
25 31
90 122
145 151
55 66
20 126
136 170
21 120
41 65
83 89
18 119
113 169
131 163
8 49
69 140
54 80
84 153
69 113
106 168
18 82
68 99
52 157
68 157
1 164
82 117
110 116
1 122
100 165
48 130
6 13
104 129
98 168
60 123
109 149
163 179
132 138
67 155
88 146
100 135
21 36
50 168
33 54
89 116
24 33
12 30
27 162
119 158
98 180
67 111
29 139
6 138
75 105
137 154
50 88
2 79
65 118
13 65
94 162
10 124
18 124
3 87
103 170
67 143
93 172
9 41
5 76
21 69
90 169
43 125
65 78
13 164
39 163
45 158
139 140
62 74
10 153
29 97
169 178
66 157
107 160
4 106
78 138
0 164
8 29
40 62
7 32
91 111
14 101
18 148
72 88
51 84
34 109
134 177
44 115
77 79
11 163
27 85
11 180
30 88
132 164
9 125
33 132
29 77
44 149
116 165
48 143
38 69
22 167
34 178
98 158
107 112
61 78
28 121
44 58
106 110
15 105
112 164
146 152
39 178
62 122
45 55
177 180
91 143
125 147
54 95
42 53
130 147
123 173
92 108
1 118
103 157
90 103
104 122
19 93
11 13
69 139
25 151
129 160
102 146
150 163
119 178
101 153
6 100
141 165
13 121
119 124
56 117
74 157
18 19
81 160
23 113
64 118
121 124
37 162
51 160
73 140
112 129
25 109
103 143
1 94
46 120
77 81
79 132
24 101
174 179
81 142
20 143
7 118
96 179
33 172
11 35
23 140
115 165
74 168
101 171
12 144
59 115
97 107
112 162
87 144
57 62
62 69
25 118
88 100
43 123
66 150
87 88
58 158
15 123
48 94
113 125
42 62
109 159
45 51
6 65
33 85
3 11
67 130
102 108
3 23
43 169
99 151
28 80
54 164
30 85
80 161
65 98
99 125
11 25
34 88
58 168
79 97
140 165
2 32
66 107
100 102
1 17
23 180
80 163
56 83
24 142
52 144
53 173
67 170
46 117
121 136
0 169
121 158
77 126
30 83
57 158
12 113
84 155
35 81
7 93
88 145
82 125
0 127
69 114
12 33
48 101
71 92
49 87
67 120
132 177
8 171
9 122
172 179
85 129
32 168
69 153
24 54
84 114
80 136
22 101
159 172
30 116
79 140
24 45
39 48
18 67
110 169
83 111
114 149
43 103
68 125
16 129
3 54
13 70
118 134
0 68
121 138
82 121
29 82
141 142
127 142
64 99
90 123
154 168
0 13
47 97
30 137
51 124
17 175
96 114
26 110
61 157
130 140
42 167
23 64
46 172
86 129
118 150
38 127
8 62
44 110
10 67
86 159
40 133
76 97
27 105
44 120
48 173
54 62
76 145
50 151
12 61
53 139
83 91
59 145
116 126
125 136
2 108
36 123
134 154
64 141
134 143
48 146
110 173
72 109
152 160
8 168
97 99
126 156
24 150
172 180
94 110
11 132
50 167
101 137
39 156
74 131
40 80
105 130
126 171
42 149
15 114
16 167
85 134
43 111
66 122
167 168
140 180
88 139
24 100
56 74
57 170
83 136
116 124
14 42
58 68
116 133
69 104
24 53
32 106
47 99
94 118
86 175
88 154
65 123
80 175
23 160
65 97
20 82
44 173
76 110
4 134
128 158
67 147
23 56
136 163
83 103
4 26
37 176
110 176
28 102
14 112
6 139
10 66
16 140
71 74
120 173
45 119
9 59
23 145
119 159
133 156
60 93
46 140
45 120
45 143
62 67
17 101
12 72
22 173
66 88
46 118
61 180
126 149
76 162
38 125
99 157
69 151
108 125
35 120
26 69
43 86
65 135
92 100
13 146
73 171
2 143
85 161
44 176
0 51
78 158
8 37
74 104
79 166
20 133
65 161
16 38
44 158
97 112
42 144
68 135
106 131
41 126
108 180
82 133
81 110
62 158
89 98
94 134
116 179
92 172
9 136
38 153
19 167
85 169
3 138
47 125
55 123
5 133
81 168
48 121
108 170
179 180
118 132
65 158
28 101
125 158
40 106
52 111
6 107
32 180
58 137
119 176
79 101
49 68
115 174
49 55
146 155
44 162
25 66
10 35
0 36
37 122
60 143
95 152
47 109
25 91
68 148
55 131
42 64
27 163
144 165
109 161
26 179
39 147
141 161
8 154
118 155
56 130
2 165
13 101
51 166
42 68
14 98
115 130
121 179
7 43
138 162
52 71
67 168
25 140
32 49
93 121
107 171
161 171
12 176
32 105
32 121
97 136
77 115
35 99
9 49
46 157
36 158
107 149
28 144
52 133
13 130
57 174
145 165
74 156
60 108
54 122
97 130
2 94
4 11
48 129
60 82
15 140
111 149
32 133
125 168
87 142
17 18
50 158
59 71
76 130
30 141
126 154
1 35
45 72
19 139
38 176
68 175
123 178
93 147
21 129
103 131
27 45
74 169
131 133
79 84
69 167
17 37
82 138
101 128
27 60
114 133
11 116
54 102
123 149
136 155
104 143
74 179
83 138
74 94
53 71
112 171
78 176
23 150
45 110
140 148
19 38
0 92
37 127
54 107
31 100
23 40
18 23
42 168
96 127
166 169
111 128
16 174
10 19
67 109
170 171
37 39
9 116
15 99
97 171
17 74
53 169
57 65
23 122
2 90
4 88
6 7
68 96
146 180
0 23
66 173
141 151
62 64
126 132
31 65
72 176
153 178
39 56
52 143
8 78
96 162
99 164
44 103
54 145
26 178
102 160
153 175
102 172
154 161
26 29
39 152
50 155
104 113
107 138
141 144
43 97
