181 299
154396384 640494892 528756313 434883274 318065816 264440383 659789617 608119380 648104885 725454492 696703871 543030428 663661240 890791532 108201616 428505484 322953840 119811886 691103780 306647414 549862302 176916719 909058872 455464665 307270851 584469329 722629343 875317523 629938577 244419357 781214570 196670271 304620505 633084214 842804669 567530398 381873603 560028831 7218487 861789186 144376610 625456810 780877708 589558486 134166194 414950796 721407802 553010676 955308711 381588618 132249152 739990894 349655325 541586881 148171212 459480021 458194371 711527040 805750859 225659487 923622442 616919641 541627396 189845338 545052260 705924883 701326768 360797562 153907111 153703898 312119365 610379669 633051911 179752937 356035805 857066210 510023590 487449327 911192541 522937781 366865480 175671834 3720977 958798378 537811758 487222100 451715495 514312094 913636469 134561869 695564571 532291996 942581882 651125279 371623643 124409048 63074408 599149591 243222914 423151881 252728018 259733480 643176869 401033745 139381337 251320507 149124068 414594572 331487169 269144629 189437147 248342016 963352506 406539487 845833860 755591984 896411912 346209706 599986363 192576280 339470264 91311827 674221023 82572049 432342320 906953259 996236455 898717035 293935164 823871256 241618061 426188561 552250085 602446372 326439606 36819590 716162336 182538448 877980488 234609344 970639970 96912084 154071710 720041811 241584076 888321423 204059421 444486812 306061338 405953440 718697235 185635311 544659197 175477372 385632116 74114210 281221795 749035961 69575117 403681059 477587442 276294863 344958618 247221529 256653851 88799826 390143235 215677770 69615947 421663553 829251359 473970282 477181978 395005915 204518013 819349760 65949542 849289623 779931867 351133755 458419082
53 108
87 143
113 163
18 45
137 162
134 137
73 166
21 124
14 152
129 156
102 132
35 178
12 118
23 163
13 172
38 142
15 155
63 100
32 158
34 40
138 159
71 111
15 137
44 134
28 114
98 125
140 144
67 138
78 110
41 96
52 159
118 138
53 106
142 163
118 127
10 103
15 73
125 175
40 108
20 94
37 104
31 143
35 118
44 99
40 98
105 177
111 122
4 119
77 109
111 121
102 178
13 145
124 165
65 102
10 33
169 172
156 169
99 131
111 142
128 151
3 26
70 93
16 44
157 158
82 131
73 74
98 148
21 80
54 167
32 47
124 128
94 120
57 94
24 113
59 164
85 151
19 35
52 65
71 136
33 71
174 178
3 6
101 115
58 66
61 108
1 68
81 174
48 98
41 116
42 138
21 174
11 83
13 103
38 146
13 19
9 84
9 51
67 166
42 96
46 64
49 121
22 49
85 111
21 46
130 138
90 166
40 119
133 173
67 106
46 155
67 124
77 140
14 125
60 91
55 170
47 100
115 169
27 51
117 138
105 132
72 113
5 105
15 83
57 58
29 129
77 117
48 86
46 175
66 178
123 126
19 31
24 37
47 158
49 80
58 120
108 120
25 94
174 175
65 94
78 86
128 145
92 167
92 178
52 145
41 165
133 153
49 101
62 154
4 143
13 153
139 158
39 79
12 52
42 155
34 94
91 121
14 59
26 42
25 57
152 156
4 21
68 83
58 108
51 148
66 101
54 84
1 99
86 168
9 142
67 91
109 150
48 80
5 24
67 105
68 88
90 105
87 114
4 140
46 47
54 104
47 163
43 93
7 85
62 73
90 174
95 146
29 144
58 104
6 123
3 129
27 71
140 172
134 171
61 159
21 50
23 148
58 165
116 164
76 138
168 172
15 44
28 46
31 42
93 107
11 17
93 173
94 99
41 138
49 107
97 148
25 127
28 147
73 102
43 101
5 132
39 129
148 163
37 96
31 95
92 154
13 167
79 147
40 162
12 110
41 104
151 177
39 46
29 149
5 86
4 116
142 159
135 141
84 163
3 150
21 40
128 161
41 152
48 110
24 91
41 158
62 63
6 130
12 129
31 87
25 88
37 157
30 168
63 85
34 124
19 65
64 80
94 171
63 109
88 90
54 89
99 101
4 49
38 163
15 171
29 87
15 26
61 142
96 165
136 162
62 135
111 131
5 16
36 82
26 41
93 117
19 73
85 159
34 57
39 74
47 141
130 173
126 146
24 165
10 135
82 173
133 148
23 50
56 154
9 174
78 147
113 132
131 172
16 34
73 122
117 170
147 176
17 34
67 97
15 19
75 166
17 24
35 130
49 159
35 150
