198 235
136987924 40280999 438515315 805152546 234164454 129099933 971852321 983937488 410134225 668461222 574343409 885417013 394300887 86086437 570981511 221329455 57893312 584381871 154204049 738660729 728257729 551666498 540440394 165573287 512342480 452470821 669622703 340240729 965382636 953292241 144902419 86035524 289571086 987645468 423893886 928104871 464748969 105872436 123582647 242780928 505538017 199537013 745991283 983136444 65304379 842202106 646596193 140145001 630412665 134706415 170189559 917006962 498351627 78228861 784928508 545206283 276287905 127534371 580361498 602636875 833497706 569752320 168745739 687931378 25556222 401296664 903079778 244718550 696658577 923575834 20801451 728508574 144327567 355924229 987918030 767675763 39770237 690017157 35094958 619519152 803294929 322191158 334280933 412368057 946079172 696252934 727024412 429649275 739609644 879769415 84017875 429336930 578822041 559811577 192014409 783587083 235524450 277645214 641105035 776026757 478219070 115129181 14794716 647713890 894892898 720571222 16609338 29190516 796633468 940732244 641040997 243193942 968755343 956678858 9273458 747543114 522400393 605708171 235611799 713122606 952769734 230441676 782661943 119932537 618863044 263420409 832590609 341598454 889752736 346283651 906815307 693782514 787563199 656787150 558988762 325699987 408388854 484659329 514686813 546683978 168335178 925036722 876453250 928472013 452720553 11844689 152089336 237462880 322160445 768682370 968998501 643437693 43682975 50514865 225072892 729100215 432384534 267319887 944916772 470850912 634063725 30265497 170224154 233237753 310521575 363661868 30383316 169764888 450267291 509435980 637917173 871736242 398793145 910647926 108164902 535373865 729080956 796833592 454223174 403988143 945062274 621479206 158107041 272551814 767759721 136585361 638455939 61417522 286340474 221735821 57584824 684185411 747165460 140519367 201499817 652532397 746971523 597836965
3 170
118 139
24 79
54 79
90 93
2 97
106 138
125 159
120 194
108 137
13 154
99 115
29 98
46 54
82 98
51 175
63 167
40 51
140 141
20 110
74 88
55 150
0 128
8 23
92 142
51 74
63 191
60 106
23 120
25 42
108 158
5 64
26 171
13 56
16 79
115 188
108 186
73 190
13 15
9 134
122 174
27 108
24 145
69 165
136 157
58 141
120 156
141 169
23 114
3 86
117 121
78 130
12 146
65 73
146 156
77 153
37 103
117 172
66 67
105 189
73 180
93 173
2 192
85 132
33 45
66 77
17 180
158 174
96 110
10 16
147 154
94 189
60 104
109 180
23 166
21 59
86 102
93 134
58 87
132 197
43 66
49 178
114 183
52 57
50 93
74 143
45 149
43 91
14 55
55 56
102 190
76 192
59 135
5 15
56 77
46 89
105 159
68 147
136 183
6 113
94 168
2 182
82 109
122 177
125 150
12 187
66 120
18 129
15 163
186 191
24 183
45 51
21 56
71 82
34 180
103 192
30 154
36 82
100 131
21 103
13 170
31 118
47 153
71 154
42 63
68 175
63 74
66 172
54 98
5 94
19 151
119 160
79 178
20 143
94 98
46 109
65 176
72 188
71 128
166 197
171 195
77 172
126 167
145 180
92 175
20 47
107 169
84 122
155 196
51 66
59 115
146 150
138 147
53 100
95 143
24 60
84 179
3 171
14 116
51 55
58 70
80 128
10 188
82 99
52 167
107 133
184 187
12 45
145 149
59 93
174 178
43 104
62 169
38 66
4 160
29 192
105 167
1 106
52 103
23 180
61 192
125 184
65 90
88 197
96 123
54 83
119 186
63 72
66 167
0 124
141 194
19 57
34 76
163 165
158 190
93 146
22 96
64 181
60 131
79 141
0 30
127 158
7 16
96 119
45 61
136 187
101 131
97 98
7 42
37 67
20 41
54 91
26 68
100 125
20 59
4 165
68 177
79 112
125 147
101 132
25 156
1 123
65 97
31 103
29 117
98 107
0 178
64 68
37 173
69 137
78 125
3 26
53 154
90 135
27 109
