97 792
76 357 672 339 623 5 805 518 481 556 73 531 116 328 805 322 917 193 349 631 943 859 203 239 524 185 460 23 367 826 775 277 581 551 436 215 273 70 600 476 214 588 387 776 772 146 15 10 240 333 737 704 537 573 546 115 700 357 292 694 418 302 970 419 803 490 655 806 44 186 773 575 437 447 790 782 822 960 201 659 666 988 186 28 445 786 599 710 179 792 360 956 356 641 15 924 233
7 61 10
14 81 36
8 40 17
7 39 14
8 62 44
37 46 1
76 85 4
14 37 14
24 97 17
28 35 2
69 88 5
90 91 0
6 57 46
58 74 4
14 70 22
52 82 23
14 34 15
6 32 0
16 72 31
21 89 36
21 44 7
71 96 23
22 83 47
3 14 9
25 64 12
88 90 0
56 57 0
2 97 24
44 64 19
48 94 1
8 31 7
54 85 15
62 77 2
14 16 0
6 79 58
4 45 18
63 67 1
15 55 8
44 57 10
57 69 5
32 87 20
24 39 13
28 55 11
43 65 12
11 32 8
66 95 15
29 65 33
43 96 27
38 63 3
72 83 9
36 79 18
30 51 15
43 70 12
69 76 4
67 90 19
0 35 0
47 79 4
1 86 20
22 63 18
48 92 3
0 60 22
0 57 25
6 84 25
3 70 7
43 72 8
23 86 43
15 62 30
19 89 36
41 45 1
25 55 23
4 58 26
77 90 3
49 67 3
10 61 20
23 69 4
42 85 24
38 65 15
2 32 5
46 75 1
59 80 15
38 89 6
62 90 16
64 65 0
22 65 18
26 43 12
2 14 2
21 93 28
49 91 28
2 58 4
63 94 28
14 24 0
62 81 7
76 93 10
53 97 40
18 77 39
24 84 39
68 78 8
13 73 40
25 93 13
25 46 13
31 64 9
6 34 20
28 72 17
58 77 10
48 57 3
6 66 2
15 47 1
2 77 66
30 68 22
35 37 1
67 89 12
64 73 0
28 64 31
3 96 72
9 61 1
50 62 7
26 27 0
84 91 5
82 96 9
15 82 17
66 95 3
20 43 5
58 91 2
47 96 14
27 81 1
64 92 22
9 71 34
21 29 5
4 45 33
0 16 10
17 72 20
23 56 19
48 84 24
37 70 13
56 83 0
12 84 65
37 62 24
15 45 25
13 85 15
34 96 46
34 72 32
3 38 27
19 84 21
70 89 13
16 74 21
59 75 6
27 69 20
59 92 1
21 31 3
7 15 2
28 72 43
22 33 0
51 96 41
45 46 0
28 39 2
45 80 19
16 27 8
7 63 55
11 76 50
76 91 4
24 42 12
7 66 55
17 58 27
26 77 3
77 85 0
1 97 48
10 18 7
0 85 83
28 95 38
9 54 5
50 79 11
72 87 10
66 87 3
11 63 41
21 29 3
33 84 40
90 97 0
74 93 5
66 85 15
2 93 30
58 96 23
47 96 40
44 94 38
12 79 36
13 55 3
0 10 6
6 60 29
19 90 36
20 44 1
58 96 15
12 74 60
25 47 2
39 97 35
23 77 22
14 15 0
40 84 43
24 91 19
54 68 0
25 92 19
22 53 21
58 67 1
45 86 38
7 70 18
8 55 10
8 45 25
0 7 4
15 68 35
68 81 11
54 81 15
8 62 20
68 93 3
50 69 0
23 64 35
38 69 13
11 86 41
32 71 31
10 92 6
8 39 25
54 74 8
57 78 15
30 36 5
9 19 4
42 94 12
3 31 25
36 70 1
10 90 41
48 78 18
25 29 0
24 68 32
11 94 53
28 55 1
69 82 6
1 16 8
17 37 9
30 31 0
54 64 3
57 84 19
13 66 52
18 69 4
82 89 4
1 81 18
2 54 21
5 72 24
28 85 16
23 43 14
83 94 0
28 88 51
21 81 50
35 92 43
54 59 3
42 43 0
49 69 13
37 94 13
22 81 2
27 28 0
26 82 45
8 77 32
46 73 9
18 33 3
10 76 1
11 61 15
83 96 8
29 71 13
70 94 10
67 74 1
2 37 16
47 57 5
57 77 1
37 85 36
67 77 8
33 44 6
6 69 38
62 94 13
25 80 48
15 94 74
8 91 53
37 64 24
27 92 25
17 53 10
1 56 36
9 77 17
67 90 16
5 65 30
8 96 75
28 64 22
32 60 25
64 73 3
22 68 41
25 82 27
18 77 28
32 51 15
59 90 16
43 92 41
41 71 11
6 39 14
74 78 3
24 47 6
17 91 50
8 69 13
27 83 25
9 34 3
26 60 27
44 51 1
2 18 10
24 27 0
15 56 31
40 61 7
70 82 7
52 63 4
49 89 4
12 21 8
49 70 6
30 34 2
53 73 15
6 33 6
70 83 5
62 89 10
10 53 17
28 82 7
45 57 3
15 36 11
42 56 12
3 12 8
33 35 0
43 89 20
2 33 6
36 92 14
34 88 53
14 35 5
11 31 2
3 29 17
63 64 0
84 94 9
24 57 12
21 29 0
81 84 0
35 81 32
5 33 3
33 88 3
55 73 4
5 42 6
31 64 31
44 81 14
77 85 3
33 94 60
1 59 20
41 44 1
9 91 33
17 38 15
8 11 0
57 86 10
14 88 24
25 43 1
28 45 2
15 34 11
5 6 0
79 82 2
52 65 3
15 55 8
20 67 41
30 50 15
27 38 10
9 17 2
7 77 13
4 52 47
5 66 22
8 86 5
25 42 16
49 84 33
3 51 17
74 95 2
16 53 34
31 36 2
3 88 23
74 87 4
27 78 28
43 69 17
8 14 1
29 38 2
13 66 42
30 81 44
28 43 5
15 31 13
15 44 21
26 53 21
26 52 3
67 68 0
37 56 14
80 83 2
17 19 0
38 75 5
49 76 0
86 88 1
19 72 22
22 76 29
73 91 1
11 54 33
37 67 4
63 94 26
14 42 2
61 94 16
9 11 1
0 40 3
8 81 44
7 10 2
21 51 17
62 67 3
80 88 7
66 85 2
17 26 2
27 74 40
17 34 3
37 68 10
16 60 40
31 96 7
18 64 36
56 77 13
65 89 5
44 59 2
2 38 24
47 65 6
4 22 3
23 65 16
1 72 3
10 89 27
3 62 4
48 85 10
9 24 11
17 28 6
45 47 0
57 83 12
72 95 9
11 84 70
0 78 37
40 80 25
17 65 41
42 92 18
58 83 1
22 58 1
44 65 15
50 65 0
15 75 48
5 43 33
14 44 28
0 5 0
20 88 48
47 70 9
7 87 16
24 83 10
40 60 13
43 76 25
11 13 0
71 87 13
44 75 17
66 77 0
31 39 0
31 45 9
65 81 10
51 67 5
72 94 18
8 54 29
70 71 0
44 97 27
48 70 10
48 77 18
7 60 29
57 83 10
22 50 27
3 65 1
5 67 22
1 28 22
5 50 15
4 30 16
65 89 5
46 89 38
24 92 39
10 59 11
66 88 18
31 70 5
7 55 23
26 91 41
39 78 20
71 80 8
0 58 42
0 74 10
41 92 1
53 84 22
53 78 6
13 44 22
69 97 12
69 72 2
4 41 18
44 78 29
17 31 2
37 42 4
32 58 14
28 60 27
2 62 19
4 44 33
33 36 0
51 94 8
6 16 5
28 95 17
35 89 44
22 42 11
22 39 14
78 92 11
24 93 18
31 91 18
86 88 1
58 70 5
36 69 8
16 74 25
66 95 25
56 70 3
17 40 20
61 84 17
26 46 9
7 39 11
87 91 1
19 33 6
73 91 6
81 90 5
14 89 71
56 60 1
14 56 24
42 56 1
19 96 33
54 87 26
49 59 3
54 74 7
40 70 5
51 80 1
23 89 9
29 61 7
16 28 8
24 46 5
15 84 36
0 23 16
5 21 3
39 71 5
21 30 5
2 49 34
55 92 36
23 66 33
68 86 0
10 87 47
5 15 5
6 56 48
95 96 0
3 78 23
21 38 2
38 83 12
82 95 9
47 76 24
37 73 0
30 51 12
15 97 61
2 19 16
38 94 35
55 95 5
52 87 30
27 73 43
47 92 20
36 89 13
68 94 24
26 68 25
44 55 6
33 95 8
30 69 23
35 59 14
38 68 28
7 16 1
50 56 0
36 41 3
16 79 14
2 92 47
8 38 2
5 88 66
86 89 0
6 25 13
38 87 32
5 93 43
21 70 25
46 94 41
33 40 2
33 93 8
67 84 2
78 84 0
77 92 1
34 57 14
38 96 45
52 79 23
75 89 3
38 60 19
59 65 3
3 18 1
6 23 2
60 81 12
30 57 8
9 41 6
1 76 15
6 15 7
52 80 26
19 56 32
10 70 23
30 43 1
11 76 53
12 68 1
71 91 18
16 41 16
2 26 15
51 53 1
18 92 56
3 45 20
81 83 1
17 23 4
79 88 3
7 85 35
26 36 0
19 68 19
6 54 34
34 83 1
94 95 0
29 61 10
43 46 0
58 69 1
3 93 24
37 72 31
30 93 57
8 71 51
36 76 3
53 56 0
24 28 3
60 96 8
15 37 20
2 42 32
21 22 0
31 67 16
39 70 2
39 80 22
37 42 1
13 55 30
19 72 1
60 97 23
48 62 12
31 91 8
30 49 10
59 82 7
51 81 12
14 86 22
45 49 2
2 56 32
26 36 4
20 54 24
3 92 87
12 25 4
10 60 32
2 50 29
44 51 2
85 90 2
80 93 6
43 97 24
44 87 42
59 84 7
35 83 33
56 84 2
27 80 2
45 56 8
66 93 21
33 77 12
11 62 38
35 68 7
30 43 12
5 7 1
30 42 5
28 44 12
2 87 33
43 62 0
6 50 4
49 71 17
15 93 61
71 78 5
29 53 2
46 47 0
41 79 14
53 62 3
46 87 27
31 72 4
4 60 5
46 47 0
1 46 11
22 44 17
39 58 7
54 93 34
1 41 1
3 61 28
23 91 34
2 54 45
24 70 33
38 79 37
24 49 22
41 75 4
36 56 4
33 85 4
50 57 1
28 84 37
24 30 0
12 64 15
79 90 0
13 88 45
25 56 20
18 54 13
7 88 49
44 68 13
18 68 17
6 35 12
44 56 5
1 25 18
61 78 1
19 32 0
50 70 7
34 36 1
28 87 6
41 65 22
31 71 12
4 7 1
29 82 31
70 81 5
75 95 1
7 47 39
14 77 55
64 87 11
12 55 6
41 64 4
48 68 2
87 92 1
49 71 17
15 18 2
43 96 41
24 90 38
61 66 0
0 96 1
9 85 3
39 64 9
56 78 15
62 78 6
47 51 2
49 97 41
48 74 7
56 77 4
32 95 6
45 68 20
40 89 36
20 21 0
12 58 37
87 94 5
22 65 19
6 85 45
66 83 2
1 93 39
3 69 46
13 73 33
3 82 34
36 75 8
63 76 6
36 44 2
43 67 4
50 53 2
1 55 43
66 89 9
20 29 4
43 52 6
10 29 3
38 76 0
1 94 86
17 25 0
72 95 10
19 38 0
25 33 2
88 97 0
23 49 20
13 63 45
57 94 24
54 96 23
20 27 5
20 27 6
53 89 19
28 65 2
10 75 41
35 60 3
11 84 1
