88 395
517 61 52 208 0 657 818 343 446 199 237 281 709 244 10 814 765 684 854 907 422 913 419 713 177 920 746 175 807 595 776 450 823 952 832 301 83 41 315 547 354 332 24 258 198 651 589 976 698 468 726 92 542 178 503 535 566 676 330 652 650 446 331 545 490 34 811 28 973 631 29 650 814 973 488 493 929 623 26 816 800 38 820 335 655 30 665 697
0 86 46
75 81 4
35 83 2
25 87 22
19 85 9
15 38 6
59 64 2
0 53 48
40 66 7
37 56 5
29 87 49
40 84 25
13 77 23
44 58 4
6 43 34
38 81 19
66 71 4
9 79 1
35 86 20
67 88 12
2 62 32
6 22 9
26 80 16
7 70 57
9 70 48
48 79 4
69 80 1
27 36 1
5 70 2
10 59 30
20 85 56
31 67 10
14 77 38
58 75 15
66 75 8
4 64 4
21 23 0
70 78 3
7 30 21
37 38 0
44 56 2
28 57 19
24 63 31
18 62 7
66 86 7
79 88 4
22 75 50
35 48 1
6 21 2
20 61 23
41 65 12
52 87 6
17 21 1
8 46 22
11 41 4
56 80 17
23 25 0
56 60 1
4 24 17
21 33 5
28 42 2
7 88 35
27 73 33
14 22 1
3 70 62
4 8 0
32 76 2
7 55 1
1 5 0
20 72 40
72 78 4
27 46 17
34 70 28
46 75 1
3 79 37
40 67 24
4 18 10
40 66 11
17 67 38
44 54 3
3 24 20
25 45 15
47 85 25
47 73 17
27 70 11
27 40 7
59 83 7
15 53 1
12 26 9
9 43 12
18 43 4
27 63 2
55 78 6
63 83 4
73 79 0
30 73 13
64 65 0
20 48 2
39 70 5
46 71 17
14 47 11
45 69 18
8 42 23
5 81 30
12 39 0
32 74 5
48 83 28
44 85 8
28 34 5
39 58 0
6 38 9
33 72 22
24 79 19
36 67 19
22 54 15
3 57 17
36 45 4
10 35 3
80 88 7
28 66 34
75 80 2
21 74 24
10 19 2
39 46 1
40 75 10
3 30 26
30 80 38
11 79 17
11 85 66
29 55 7
66 77 3
45 82 23
61 70 8
40 64 3
4 84 5
45 81 30
43 66 4
21 31 6
10 24 0
6 88 33
26 58 24
6 75 39
55 70 4
34 47 12
17 79 19
42 77 29
7 64 36
21 61 25
10 31 7
61 69 5
18 69 47
8 77 12
51 54 1
59 60 0
17 54 19
12 40 16
38 51 11
30 64 3
63 64 0
6 44 15
20 39 18
34 54 1
79 81 0
45 86 4
26 50 11
28 46 6
18 62 38
39 88 1
7 29 19
46 48 1
40 52 7
10 11 0
8 42 22
14 25 0
27 82 31
52 61 1
5 44 20
45 88 22
30 60 21
4 43 31
27 37 3
4 76 60
1 75 57
43 75 14
49 55 1
9 62 26
72 74 1
28 54 7
48 85 18
34 65 14
30 43 5
25 58 2
22 29 5
20 62 1
50 79 0
84 85 0
12 35 22
3 66 23
69 84 11
1 6 3
57 73 6
29 79 19
74 78 2
14 59 4
10 35 8
67 72 1
21 37 0
51 63 9
70 75 3
52 88 7
36 41 1
14 25 5
4 29 15
22 49 16
44 51 4
21 25 1
44 85 28
56 77 0
1 55 7
41 43 1
8 82 25
3 55 41
12 26 7
7 63 38
48 81 27
35 83 24
55 56 0
1 68 22
22 76 30
5 30 9
3 66 15
7 60 49
13 76 41
1 2 0
55 58 2
46 47 0
11 59 10
36 84 37
77 84 5
59 80 2
2 60 4
12 47 16
1 48 11
10 41 21
6 54 18
29 44 12
13 21 1
44 82 20
40 68 11
17 64 37
7 27 11
36 67 30
26 45 2
3 33 18
37 42 3
41 65 22
32 43 1
35 38 2
11 42 0
1 51 7
3 38 23
72 76 0
12 72 27
4 23 11
33 55 1
13 54 4
11 56 20
37 56 2
36 40 3
21 40 7
56 73 3
8 35 4
71 78 0
27 28 0
25 45 1
32 38 2
9 23 3
16 29 5
24 48 2
70 85 8
14 74 9
25 42 10
26 52 1
19 33 8
9 25 0
79 83 0
11 52 30
47 65 13
32 68 2
36 38 0
8 37 16
34 47 1
26 47 10
10 17 2
44 50 4
20 57 29
2 25 21
8 60 16
46 69 4
58 77 7
21 22 0
4 68 21
80 86 2
28 78 9
71 86 12
16 30 1
59 75 1
10 26 15
71 82 9
35 49 13
27 34 4
10 79 8
27 69 37
26 65 36
22 45 8
24 82 44
40 61 19
58 66 3
50 85 10
22 48 4
4 67 25
2 44 36
75 77 0
4 62 30
28 45 11
72 83 3
35 69 30
15 84 22
6 11 2
58 60 0
15 65 18
37 47 8
8 88 56
37 85 11
36 43 1
9 59 11
34 85 6
20 53 7
38 73 13
17 49 31
15 22 4
37 46 0
56 84 7
21 28 1
86 88 0
16 77 13
33 53 9
18 36 10
31 42 6
2 3 0
71 85 2
37 67 17
59 67 0
14 81 55
27 85 31
24 77 46
79 83 2
44 67 9
3 33 12
6 18 9
23 27 1
17 32 2
9 18 1
16 83 59
10 47 20
19 26 0
75 85 1
0 64 60
17 43 11
26 48 15
50 80 15
13 75 50
11 29 3
67 78 5
53 83 8
70 85 12
2 40 36
5 64 1
18 86 32
18 28 9
28 53 13
49 79 18
51 57 0
23 24 0
15 48 6
56 63 4
9 17 2
2 54 51
35 65 19
13 34 3
53 71 1
69 71 0
36 37 0
45 58 8
56 64 0
