603 211
406 576 792 73 84 476 288 355 407 984 465 535 698 587 447 414 315 941 889 684 317 426 362 352 995 871 267 93 484 218 432 303 190 442 798 875 566 122 580 618 523 173 259 402 53 397 674 810 490 241 614 923 449 176 894 550 545 60 84 110 930 411 619 496 160 757 656 441 188 715 824 165 81 210 328 138 541 599 109 152 838 986 221 772 360 137 201 624 318 872 925 886 664 764 295 974 677 216 714 336 866 44 282 705 890 221 377 131 67 975 847 362 146 760 536 15 601 87 775 552 906 634 986 80 552 551 263 281 636 715 311 935 1 244 612 888 197 673 731 361 175 142 240 776 857 266 79 748 403 823 272 460 886 227 647 429 888 982 624 590 138 36 523 218 180 379 479 245 424 236 209 676 786 158 104 895 758 868 558 724 666 222 13 976 766 638 149 602 525 327 956 514 896 780 508 231 515 721 47 99 102 415 255 25 914 983 235 658 104 721 621 478 720 113 965 961 838 774 28 557 850 155 856 354 774 167 888 349 904 20 137 868 98 845 296 278 116 414 993 325 247 473 902 490 503 786 590 298 241 495 546 171 517 748 334 8 590 880 129 683 900 570 335 370 17 203 478 289 987 435 329 626 890 102 922 174 167 99 252 629 727 673 623 636 578 638 601 10 857 813 37 764 711 762 696 62 677 112 251 267 991 841 541 933 467 91 541 653 303 412 434 635 401 47 414 276 665 641 916 789 979 847 736 784 751 458 383 283 886 766 59 710 99 927 212 960 945 662 249 968 547 435 951 629 411 147 447 942 409 507 860 780 403 535 667 767 291 463 307 959 341 287 330 142 157 833 92 903 566 646 737 587 57 71 256 447 125 104 636 239 477 748 548 913 427 886 862 281 956 732 624 599 278 543 160 899 605 614 113 354 411 697 400 742 894 522 699 36 300 671 101 207 518 785 495 386 636 320 159 62 218 909 338 519 294 325 731 681 4 277 583 183 292 454 364 777 113 706 702 285 516 528 948 524 779 338 591 793 660 443 97 217 399 345 490 824 645 46 69 793 624 851 818 49 20 698 24 570 93 783 634 526 338 147 794 214 767 683 594 482 230 256 301 500 59 298 344 605 547 850 19 10 294 330 353 803 440 756 478 873 404 204 35 391 794 441 750 173 279 670 591 537 808 137 737 678 397 401 999 829 221 173 963 222 84 954 37 291 191 366 468 172 992 778 479 616 440 619 839 616 180 568 560 827 530 753 680 453 510 722 898 818 83 75 755 901 580 172 185 433 512 988 850 991 382 812 941 952 15 585 889 463 999 264 470 525 951 276 242 584 263 469 904 419 716 277 453 314 448 101 975 295 735 444 710 303 380 35 319 221 99 989 510
323 388 25
259 571 261
267 391 110
299 603 6
58 427 199
413 478 21
123 506 297
396 594 157
411 509 11
230 346 107
107 265 123
114 155 26
276 466 81
368 453 63
27 245 36
68 475 323
97 460 255
33 578 427
224 542 138
379 513 65
470 595 29
83 348 50
271 491 39
254 356 0
205 420 82
438 598 19
146 277 48
230 280 35
27 247 7
96 391 81
72 495 169
343 579 103
46 389 259
85 410 281
319 362 2
351 507 53
3 567 81
410 543 125
413 600 53
244 548 62
126 360 175
203 470 196
78 172 20
75 131 16
45 562 167
76 397 256
268 342 5
20 55 26
234 509 224
489 510 7
146 424 265
540 585 2
83 395 35
235 366 105
205 572 329
83 432 243
188 552 165
42 469 267
111 170 19
114 580 266
111 151 21
158 537 135
307 366 35
145 442 202
146 410 249
40 65 21
98 361 90
186 555 246
245 455 56
70 78 0
100 379 230
279 291 1
427 563 13
251 525 201
405 482 36
327 483 29
75 394 234
183 554 56
113 289 35
31 341 171
134 345 116
416 465 1
332 490 145
54 271 22
73 247 80
96 206 87
270 602 222
112 402 91
24 349 138
161 599 178
513 534 16
358 571 84
271 395 82
468 588 86
188 527 300
72 340 170
72 540 91
136 433 125
133 215 3
324 572 126
16 193 76
73 259 8
242 335 26
9 378 178
303 342 34
304 400 76
351 526 115
43 534 90
132 293 31
345 529 47
261 291 7
333 372 32
59 429 80
158 246 36
200 370 121
62 137 53
196 238 27
251 542 169
547 577 13
380 423 30
70 225 8
186 536 269
400 567 1
494 580 45
222 596 173
219 413 59
403 593 88
12 280 147
70 157 72
554 577 2
37 94 39
44 290 41
164 505 248
150 204 12
163 533 299
87 434 238
66 528 187
166 367 80
21 513 233
160 383 7
185 243 33
25 168 69
407 530 120
129 504 242
279 346 0
116 309 56
357 476 91
312 368 54
107 568 54
127 290 123
55 296 159
331 458 119
322 513 125
45 597 489
294 593 84
2 121 4
93 461 57
419 570 30
56 77 6
134 311 31
58 388 58
297 418 84
308 419 65
130 258 91
381 564 2
559 576 14
207 555 43
34 247 135
425 448 20
130 355 156
176 246 41
250 573 24
134 197 33
384 578 125
575 586 9
94 150 37
213 593 187
322 358 26
425 571 97
52 567 113
48 266 9
343 426 39
167 556 55
148 436 105
394 560 111
123 470 291
84 386 138
343 349 5
271 387 55
66 235 128
140 235 40
246 491 32
212 478 19
141 552 77
547 600 37
302 460 93
162 470 225
156 466 21
170 384 208
254 450 106
91 501 298
28 119 71
534 573 12
547 568 2
171 328 86
148 427 139
283 541 222
30 78 8
54 182 123
109 540 427
89 187 0
