693 299
736 300 601 714 152 575 817 573 596 949 668 895 156 696 620 656 396 997 624 814 36 374 926 239 824 729 195 849 735 275 401 797 874 831 985 310 445 926 451 159 725 311 2 802 682 908 726 690 396 826 500 679 138 576 366 285 449 460 981 451 640 75 607 42 601 4 243 858 612 787 432 378 935 474 69 917 775 221 738 934 751 477 437 72 538 785 554 814 420 852 423 926 117 77 283 412 122 543 731 216 104 23 386 265 722 1000 421 529 601 187 996 524 715 961 565 219 971 512 954 223 644 816 264 426 187 792 952 723 991 785 304 555 167 363 60 792 141 785 741 548 694 646 288 208 665 840 704 610 724 670 851 972 399 797 156 26 928 821 787 495 765 636 884 46 162 675 441 461 535 803 207 666 281 539 594 259 842 331 833 799 618 26 987 637 256 870 407 219 59 906 444 737 511 716 364 309 599 399 163 881 786 45 905 930 393 902 739 719 678 841 759 742 736 533 892 408 782 491 129 668 102 204 132 803 434 494 524 886 242 236 675 535 13 172 550 142 745 271 923 831 100 451 158 288 84 596 40 802 159 138 879 71 271 905 719 751 44 459 764 902 626 28 728 228 721 98 637 400 396 835 906 622 231 846 608 41 159 52 118 705 650 106 219 309 419 910 127 630 778 103 459 527 73 381 943 733 507 498 990 552 364 606 276 549 360 655 754 191 228 543 207 35 374 355 556 98 552 361 994 689 94 956 20 879 890 516 510 119 333 877 956 111 377 690 102 241 145 781 165 892 870 474 441 833 801 10 937 940 425 668 442 131 450 355 723 499 758 142 466 879 384 151 239 538 3 326 349 272 44 926 413 131 220 338 586 734 73 148 354 277 80 822 423 484 288 484 967 559 124 437 128 376 94 862 825 230 369 536 676 59 200 341 151 291 445 950 787 483 577 710 564 198 504 904 71 71 763 289 508 968 444 734 212 686 946 262 188 720 515 869 627 58 441 578 698 317 214 221 108 1 68 465 942 337 816 610 116 809 298 138 215 533 942 851 267 756 708 359 999 463 13 658 294 269 19 985 596 509 521 953 307 9 678 323 475 298 712 608 576 302 455 305 633 817 22 187 694 195 341 224 623 277 254 558 650 130 247 934 858 631 296 901 941 362 835 155 46 579 892 589 977 396 494 782 489 255 893 859 316 220 567 426 303 868 491 425 483 627 563 283 373 906 388 873 72 113 438 873 5 247 473 527 972 851 569 441 570 541 897 333 373 342 506 48 687 244 46 434 322 462 708 492 123 126 31 19 293 24 158 219 47 592 305 226 452 632 58 108 632 954 606 281 730 174 175 350 577 846 342 401 896 348 679 690 860 145 495 820 710 949 933 553 645 696 153 227 305 357 922 955 62 399 4 525 153 158 395 335 551 820 12 987 155 810 982 802 462 974 606 603 377 315 270 26 696 810 281 313 183 716 152 183 668 4 789 324 83 120 364 876 58 177 756 449 617 819 202 148 973 613 834 822 84 205 216 496 257 952 955 763 99 994 854 168 698 716 508 142 777 323 91 662 226 877 336 458 473 560 517 792 361 835 88
580 602 18
211 243 23
396 516 97
242 559 54
555 675 58
597 605 7
73 230 62
185 430 90
244 351 18
314 656 104
453 472 6
448 641 71
188 283 12
184 684 390
21 171 23
221 404 58
164 677 372
478 680 172
196 300 15
46 284 42
209 543 273
246 611 226
138 350 41
107 227 49
537 639 19
28 73 38
385 444 39
660 675 9
96 293 31
92 154 13
423 438 0
335 498 147
110 552 12
553 663 92
46 433 39
149 517 86
628 693 4
142 193 31
391 675 84
226 662 259
277 552 161
152 553 208
110 560 223
212 603 280
318 553 63
6 505 386
385 524 87
31 438 25
413 600 37
424 542 63
34 380 216
248 577 19
64 592 200
94 171 66
63 182 109
90 344 54
101 345 209
355 495 49
419 516 38
449 527 43
285 599 271
185 538 61
165 398 96
136 674 367
338 510 36
41 93 19
546 671 57
141 551 238
303 386 45
215 218 2
536 638 37
213 391 173
594 645 4
535 562 26
9 312 147
78 369 132
172 643 16
204 230 8
290 634 218
373 682 176
17 243 67
271 275 3
75 678 273
291 386 31
150 561 291
117 138 17
72 539 453
108 547 303
97 402 163
125 154 4
110 398 1
561 579 5
25 556 328
110 137 4
191 416 173
160 393 100
242 530 243
184 391 62
18 412 18
280 643 11
289 440 43
34 549 92
339 503 38
519 535 8
80 112 24
465 540 13
300 403 67
4 252 160
82 580 238
64 447 281
353 435 44
299 584 22
140 151 4
102 341 15
337 343 2
71 602 310
78 533 190
43 497 324
2 239 195
222 303 25
173 258 65
368 374 4
266 618 299
213 305 59
458 561 54
146 497 269
315 406 61
421 549 113
278 287 1
299 661 340
435 445 1
404 517 20
65 613 28
51 291 1
78 115 20
19 131 42
77 473 328
168 172 2
233 294 27
166 251 23
594 636 33
345 474 95
185 426 139
385 648 140
49 438 7
315 488 137
338 354 3
256 665 303
512 596 15
40 630 121
388 468 26
81 164 35
34 299 219
105 106 0
102 686 96
50 652 162
61 308 176
289 343 4
98 678 421
93 121 26
10 265 186
436 485 27
326 391 13
271 547 115
452 496 40
252 344 58
211 307 64
240 269 25
138 274 50
307 450 128
79 539 224
249 265 7
124 134 1
53 443 355
306 577 95
360 401 40
516 579 53
118 405 98
170 619 316
289 462 83
355 564 193
594 655 56
270 423 128
240 544 28
62 176 91
107 490 183
271 520 36
50 80 25
48 593 360
391 609 149
61 426 313
19 435 301
39 423 268
29 269 237
374 483 89
66 450 75
237 556 7
460 546 63
52 527 455
471 625 112
173 501 266
264 605 268
369 626 186
439 612 36
677 681 0
119 410 239
50 613 538
106 447 226
368 578 182
155 601 272
126 340 180
410 432 3
75 140 60
83 243 8
177 659 82
22 121 37
73 272 12
379 688 207
497 648 144
319 687 2
414 460 8
296 522 177
193 689 211
558 592 26
113 291 90
23 619 500
59 153 25
355 425 33
212 491 270
264 317 41
189 448 222
587 620 29
159 424 191
70 323 125
300 408 106
138 160 19
61 103 20
470 533 53
134 523 176
345 524 88
217 535 177
217 562 176
492 555 41
428 689 123
299 566 262
56 104 20
296 565 91
109 646 162
143 608 315
279 619 217
55 580 456
138 325 5
522 599 59
198 566 344
13 646 97
440 648 33
84 490 189
157 425 241
374 448 68
380 383 2
327 684 67
55 101 33
277 433 9
134 164 1
12 213 146
68 296 179
99 508 180
5 42 24
316 512 45
139 389 177
3 583 524
508 586 32
160 680 440
118 588 340
325 676 314
173 571 16
475 592 99
379 436 33
163 629 44
23 555 308
298 568 82
242 591 256
225 549 80
189 662 382
293 632 275
36 445 366
243 512 138
288 587 104
511 684 1
224 685 352
348 587 219
104 644 106
26 335 8
284 402 58
353 649 30
210 477 44
444 664 151
512 568 15
347 688 255
