532 813
638 210 439 514 979 172 562 833 699 29 147 829 743 212 530 383 519 233 59 394 225 430 548 145 205 191 202 677 284 957 503 461 946 796 57 102 601 906 465 778 693 163 315 789 610 100 380 789 132 965 588 616 257 80 578 907 980 411 975 665 653 693 84 468 232 460 19 269 708 542 137 924 381 204 970 841 648 71 103 376 759 994 360 426 164 705 654 617 220 359 520 980 756 594 945 911 465 173 37 760 859 841 181 441 660 441 647 54 100 774 591 922 926 554 677 850 464 505 90 16 894 811 575 212 896 840 243 274 631 892 796 571 223 222 908 202 604 63 706 46 875 447 105 760 337 918 864 933 792 309 354 442 198 226 211 984 311 923 916 122 261 298 382 394 854 490 58 260 253 723 709 705 268 453 611 250 969 355 955 467 43 644 498 883 588 590 710 902 682 360 234 475 23 774 41 641 0 910 51 588 145 531 551 397 736 999 395 533 820 609 37 21 524 65 830 967 717 360 926 63 408 394 463 399 380 320 303 645 637 95 155 847 980 739 795 454 715 308 171 53 663 453 485 399 262 348 488 264 876 371 100 499 185 468 981 181 12 570 254 102 179 343 466 480 150 721 434 307 646 907 242 635 632 704 713 604 539 777 288 486 681 691 420 15 866 881 863 336 924 613 947 57 578 374 829 61 22 685 336 436 510 698 517 271 284 678 679 86 556 710 964 32 636 646 260 179 929 580 483 470 123 717 809 577 958 798 997 593 766 346 479 739 380 661 935 225 210 902 798 942 930 78 355 806 874 152 218 677 360 619 655 796 897 281 275 335 116 190 327 270 676 613 7 105 696 496 792 800 722 409 716 699 804 352 228 632 857 796 575 615 917 101 647 484 455 290 436 392 457 283 708 493 316 822 665 149 660 866 824 767 135 309 24 821 586 199 167 421 69 553 912 508 926 582 471 700 966 497 291 132 155 443 728 329 158 697 455 951 678 842 570 228 464 927 802 780 313 461 616 491 883 818 395 971 348 901 707 933 583 704 257 205 348 405 70 889 230 759 787 390 334 141 896 821 869 450 143 646 793 277 408 269 519 879 348 656 455 378 900 41 845 348 144 709 881 166 100 335 298 342 660 340 318 261 957 846 504 799 971 279 564 479 478 259 609 216 3 194 234 704 21 921 543 552 447 493 868 796 142 55 990 391 605 617 221 665 533 236 721 679 614 310
18 146 90
135 482 249
333 424 84
100 374 172
34 351 203
445 476 12
226 255 4
318 395 29
22 116 61
349 507 10
103 375 0
149 491 124
384 457 0
102 200 90
229 265 11
212 471 152
54 528 392
54 362 72
8 212 45
66 298 157
206 440 64
406 428 0
35 113 3
448 492 0
353 498 54
265 491 118
143 379 228
225 524 118
13 198 48
73 138 43
125 448 273
24 465 324
7 417 173
119 256 119
447 520 25
152 430 70
81 262 160
35 362 62
146 256 37
475 490 11
209 377 84
97 159 5
161 508 100
102 164 37
296 339 34
198 308 79
164 362 87
43 329 53
183 486 233
195 201 2
411 420 0
314 504 84
114 511 121
9 85 51
114 396 244
134 360 118
22 246 198
52 64 4
107 151 24
512 531 12
48 214 97
352 445 66
103 329 29
95 223 110
100 478 106
430 463 31
229 456 180
128 511 258
186 192 4
165 243 29
387 391 3
1 495 390
317 458 91
49 449 181
63 337 117
430 433 2
161 221 20
152 206 2
306 473 24
141 522 352
146 208 16
313 493 37
348 512 75
39 146 4
193 392 22
26 120 62
14 29 11
161 470 82
35 291 13
476 521 18
134 317 109
123 397 25
226 231 0
50 136 8
319 361 26
60 268 27
87 265 156
13 39 20
125 218 59
98 195 67
360 508 120
240 371 15
114 193 40
184 376 56
119 497 362
328 372 12
103 258 149
419 512 35
322 507 88
25 371 275
247 483 204
219 501 144
133 449 313
95 153 21
38 405 3
152 392 232
297 409 76
134 454 174
11 348 295
235 353 6
165 208 37
403 490 67
242 328 36
378 422 37
20 435 335
131 516 20
57 92 19
157 279 106
362 419 48
57 267 154
192 387 44
311 430 1
366 431 38
358 492 78
34 63 20
269 355 60
69 151 51
232 472 49
21 53 15
203 306 6
228 277 0
283 450 132
392 424 11
165 379 5
139 348 54
398 435 5
52 475 249
29 485 103
213 347 102
417 496 10
380 434 4
137 427 285
259 523 210
227 441 39
367 426 37
307 412 64
392 421 26
89 153 12
104 422 156
173 257 83
174 507 218
359 407 42
205 417 101
117 226 91
54 76 9
84 296 151
183 496 124
62 163 30
317 391 58
96 411 143
18 264 119
68 97 27
271 288 2
84 528 345
210 385 173
316 360 8
27 279 25
24 214 102
7 414 33
9 383 154
31 241 187
69 248 131
315 506 149
335 447 91
132 381 5
395 503 39
117 415 121
190 219 18
91 233 126
39 175 6
112 517 386
240 350 60
76 372 123
327 451 83
65 75 8
306 468 1
371 488 16
239 470 67
449 516 19
284 353 31
1 52 26
278 291 6
13 168 46
113 165 4
240 354 20
252 309 52
175 295 115
93 110 8
211 355 40
19 474 411
192 530 125
134 177 18
72 162 78
38 96 8
198 283 2
2 518 309
109 118 3
6 206 189
26 469 394
187 495 179
108 431 168
133 284 57
101 368 144
3 165 99
72 160 41
347 399 21
455 471 3
96 434 40
81 424 141
70 502 106
63 296 84
375 474 73
92 177 84
296 453 26
29 495 133
194 299 32
237 406 92
221 377 20
166 446 180
267 530 17
161 219 15
319 430 58
145 390 181
30 155 51
101 395 99
381 502 22
167 410 202
150 200 25
57 178 107
116 267 77
331 383 38
90 517 200
340 494 134
34 462 174
46 178 114
51 253 9
96 347 109
47 438 178
137 483 92
19 394 292
347 423 56
248 526 61
300 524 79
103 215 14
273 283 2
71 216 40
95 128 3
199 321 20
28 46 10
9 310 175
460 513 35
92 177 9
4 435 30
383 428 34
279 389 61
14 521 312
177 500 319
237 278 19
171 510 175
269 372 71
117 455 193
243 477 181
20 294 89
394 404 7
352 421 38
19 497 126
313 440 18
81 170 87
196 526 151
92 211 73
184 391 148
274 359 58
5 288 155
246 344 77
111 489 100
269 393 110
144 396 226
122 260 73
192 482 90
191 404 179
126 361 61
383 440 48
156 218 31
21 158 131
267 393 24
89 404 204
425 493 3
244 435 128
178 226 8
197 526 110
427 445 4
26 55 5
65 99 3
233 395 156
145 293 134
437 511 0
59 291 157
163 527 2
45 527 431
159 185 15
106 441 36
398 520 11
349 369 1
1 222 59
224 334 54
95 122 14
86 444 157
220 459 7
80 386 91
225 500 263
113 456 231
454 476 8
127 443 29
232 484 21
20 71 2
57 267 132
238 477 78
255 303 0
375 527 9
50 418 307
151 231 1
255 379 42
112 525 284
151 513 302
379 476 32
383 432 25
242 478 136
45 401 168
400 470 67
50 175 64
122 410 33
136 498 206
23 167 128
58 278 25
78 407 168
98 156 31
349 386 1
0 314 172
231 298 32
265 402 67
284 320 17
241 366 83
5 485 80
48 460 369
248 425 87
129 302 109
95 171 32
221 269 1
12 433 389
170 461 215
221 518 148
232 317 14
320 421 81
103 167 10
92 511 19
84 95 4
58 221 26
103 177 20
70 311 88
39 484 78
285 293 0
199 330 52
57 67 1
402 433 24
209 257 45
41 289 5
149 258 93
310 417 34
168 329 151
294 327 28
273 411 7
256 285 19
210 450 239
75 395 185
409 451 8
364 372 2
4 377 55
310 524 71
8 441 8
320 400 19
331 339 0
132 447 178
320 416 18
164 479 48
226 430 97
404 443 28
70 167 49
215 507 131
335 493 63
177 470 154
9 523 276
219 507 66
0 89 10
324 515 56
344 429 68
319 355 30
224 339 106
415 444 1
172 478 194
189 367 151
148 480 213
494 517 19
42 485 116
309 325 15
198 450 38
150 213 46
151 313 119
61 183 25
13 197 89
84 455 326
294 397 91
223 442 129
124 530 352
381 495 39
186 187 0
44 523 43
383 492 40
393 424 25
8 464 251
227 505 170
355 506 118
39 338 56
87 208 69
266 270 1
1 340 153
397 412 11
165 508 90
79 525 363
52 322 260
125 336 133
86 412 89
319 327 0
443 489 44
329 400 36
2 74 64
18 302 156
201 502 24
105 223 84
154 202 42
45 289 57
96 130 30
91 269 122
268 527 217
29 332 114
76 384 0
51 463 259
371 385 7
1 76 11
181 233 23
451 529 12
46 508 77
160 196 27
69 144 19
235 461 43
29 160 53
74 310 181
52 362 155
305 410 99
158 281 0
101 238 21
73 218 98
324 463 51
371 528 30
167 475 203
60 496 266
41 459 135
161 440 184
94 523 82
143 329 23
17 307 178
325 439 0
10 269 10
78 259 60
103 243 29
20 361 274
154 233 12
357 520 9
158 456 237
305 463 15
193 357 88
199 445 93
30 440 354
60 241 19
165 386 84
23 455 418
242 512 216
80 215 41
349 527 49
88 231 73
58 231 118
225 525 38
205 451 12
272 463 152
107 517 75
367 516 105
414 448 9
187 294 33
30 453 116
142 240 26
224 299 18
63 240 147
45 515 60
190 305 83
30 459 341
254 490 27
297 482 56
302 326 20
65 236 18
382 397 14
116 313 122
124 293 92
26 160 29
384 453 1
149 514 332
138 324 12
247 258 3
11 463 362
331 380 41
257 476 178
358 473 29
458 486 15
131 458 111
36 337 140
80 107 25
261 450 109
290 294 2
133 384 163
68 226 41
249 486 187
255 340 42
343 428 30
4 447 146
104 486 260
36 91 52
254 319 52
126 194 10
23 506 108
116 297 18
403 433 19
108 128 18
4 361 156
141 145 1
169 305 106
64 444 134
443 457 12
247 342 11
258 276 9
156 242 73
69 360 138
105 398 156
418 421 0
1 440 370
147 510 335
57 350 258
313 489 28
178 335 53
406 412 2
64 453 50
237 244 4
128 272 85
55 242 100
465 509 1
12 30 0
261 444 129
44 425 307
393 507 103
46 230 23
224 275 11
282 422 8
251 411 100
152 458 14
6 491 401
78 308 162
321 443 15
280 517 53
111 331 183
114 212 84
114 173 42
291 350 53
35 376 61
9 438 380
124 521 245
193 258 38
232 270 17
104 271 115
291 328 10
75 273 137
0 236 186
208 304 21
420 506 56
37 221 148
300 406 51
188 382 103
17 293 117
125 396 89
82 329 111
217 260 9
53 293 57
295 370 56
81 302 191
56 232 108
21 88 49
198 467 166
217 496 123
92 506 155
40 179 138
14 175 158
174 180 3
74 92 12
16 314 154
171 521 48
23 281 31
6 234 226
60 329 250
191 495 223
85 466 252
181 367 182
135 243 95
16 432 180
67 256 63
67 144 42
74 325 232
350 467 12
122 200 42
107 388 38
171 514 142
148 406 183
48 266 212
8 322 278
87 172 16
163 310 144
216 261 35
323 331 2
40 71 9
443 475 2
27 389 219
251 387 87
267 501 198
308 504 105
311 496 177
115 344 162
216 423 35
267 488 1
241 454 183
324 421 13
56 370 99
186 480 1
236 355 95
30 468 210
86 396 115
157 195 9
30 193 99
431 490 40
258 494 35
95 268 96
119 431 247
142 417 57
385 439 44
187 248 14
195 267 68
59 118 12
199 398 123
290 444 143
107 515 356
50 185 74
105 235 62
153 375 102
86 151 4
498 513 0
18 88 63
366 453 85
161 165 0
420 448 17
326 392 26
284 457 153
322 367 25
331 481 37
4 58 26
41 276 210
24 499 308
242 292 14
364 403 23
301 487 58
268 530 88
119 524 64
2 375 121
223 278 14
282 379 32
5 27 21
18 51 12
81 194 32
419 450 30
37 307 110
164 258 17
160 188 20
72 155 22
125 223 74
255 515 86
398 454 23
104 149 4
419 467 20
82 157 13
245 363 84
233 496 31
127 298 19
130 414 194
94 194 32
39 218 130
343 511 105
114 157 16
5 520 57
18 217 40
103 414 56
209 380 104
39 61 7
74 386 193
455 456 0
128 364 50
140 455 43
155 415 58
148 364 155
105 204 62
385 501 30
276 418 96
424 518 48
440 517 20
74 422 57
147 319 65
503 526 20
144 497 231
342 478 26
100 341 48
238 487 222
226 405 0
321 388 13
67 395 236
157 417 1
161 187 7
86 90 1
220 253 11
271 454 135
60 335 19
70 157 35
138 310 73
63 321 89
282 355 37
154 187 31
237 327 21
259 408 96
267 485 56
123 508 339
177 209 8
77 469 320
365 468 24
338 397 51
152 530 168
232 445 123
140 445 271
32 292 58
42 117 5
80 191 13
227 446 106
40 383 88
59 407 229
458 531 15
25 229 81
13 207 5
329 458 53
315 379 27
274 280 2
374 487 91
16 114 62
303 335 0
144 221 72
462 467 4
184 269 67
106 489 240
180 360 164
424 444 11
12 427 250
150 373 211
335 449 46
322 351 20
102 161 11
93 276 38
153 224 15
111 328 175
13 455 335
198 224 23
28 338 98
28 355 80
32 106 23
44 523 292
