193 239
337 10 131 598 230 473 468 492 73 815 648 977 198 813 364 483 853 510 223 250 687 649 624 516 690 602 934 553 461 343 890 578 990 727 989 110 949 551 287 925 244 9 906 97 187 794 713 682 989 920 727 296 828 803 604 667 133 723 160 745 651 335 645 826 640 689 715 26 234 94 720 325 342 814 232 371 885 295 990 318 563 647 136 261 238 464 666 276 569 236 657 344 656 448 597 556 272 503 141 192 772 794 653 252 510 715 112 703 339 911 818 338 820 529 637 488 657 624 214 871 661 358 638 812 163 479 685 354 305 387 27 282 893 707 829 665 343 23 680 325 437 889 461 638 52 877 575 380 657 928 923 407 297 497 484 557 936 302 251 902 436 540 754 568 259 484 198 865 401 757 165 159 697 226 973 289 421 507 570 934 561 665 527 964 73 182 939 645 858 821 595 632 793
58 111 38
32 40 0
119 174 52
121 178 3
2 192 188
63 91 16
76 86 2
111 189 50
4 61 13
3 100 68
161 176 9
19 166 51
112 131 17
33 51 9
86 193 103
126 165 0
60 110 25
7 75 59
89 152 46
19 40 19
39 110 52
131 141 8
104 146 10
89 143 47
168 169 0
170 178 6
53 165 73
57 135 65
36 61 10
70 93 11
45 82 5
47 159 64
29 147 115
121 157 28
7 135 33
3 120 16
27 181 52
96 184 58
30 71 7
19 34 2
33 108 28
73 167 92
58 71 1
114 170 22
13 129 3
74 124 17
60 120 31
26 107 19
20 140 40
155 180 22
4 170 43
68 90 10
27 34 5
103 143 10
152 189 10
14 63 24
114 136 0
75 158 22
32 66 11
78 149 8
134 143 4
108 164 29
101 145 4
158 162 0
87 138 40
31 41 0
20 142 73
94 159 64
44 118 42
22 114 35
152 166 5
36 185 56
34 127 11
97 176 29
126 192 10
86 129 1
54 126 40
136 190 46
67 86 11
5 9 0
15 37 18
51 144 53
62 107 13
159 173 0
89 192 63
40 71 20
97 173 20
8 160 0
69 100 30
72 136 59
49 145 42
3 45 15
19 76 54
123 133 2
39 120 64
14 190 85
120 172 18
16 191 36
18 162 29
65 117 46
131 158 23
77 134 51
11 51 27
31 55 12
2 68 46
105 182 52
100 182 59
80 105 24
129 145 7
87 176 69
62 178 82
126 187 43
11 43 18
27 54 0
66 162 35
5 133 117
51 56 3
11 68 20
54 114 51
17 104 77
60 68 7
43 44 0
15 149 35
13 130 64
82 108 21
37 99 49
66 98 0
125 139 6
95 148 11
59 187 107
45 150 22
80 125 23
78 100 11
31 106 27
97 146 15
69 94 2
0 65 40
37 172 41
110 156 30
9 87 40
47 93 9
42 46 3
47 96 23
41 162 47
30 73 16
10 165 88
54 76 12
82 141 12
31 59 0
138 154 13
55 122 49
37 146 41
57 157 50
47 111 45
50 89 13
13 33 11
70 138 35
46 150 3
114 147 31
21 62 29
46 51 0
26 188 88
73 108 21
148 166 6
73 113 29
103 142 25
116 176 39
44 150 81
56 177 16
92 164 30
21 141 92
2 192 26
17 84 54
144 154 4
141 164 19
96 143 34
110 179 40
65 172 1
56 160 83
134 170 30
130 131 0
67 159 15
10 57 45
16 138 38
51 53 0
53 123 29
142 151 8
101 116 1
11 36 5
70 128 57
0 134 71
93 178 41
29 163 126
59 155 67
11 190 83
84 107 10
63 118 30
35 136 16
138 193 44
74 136 33
117 189 28
4 115 67
99 124 20
51 171 58
12 68 35
2 14 3
168 177 3
2 57 20
3 78 14
22 172 12
65 154 80
14 98 60
98 177 25
92 143 32
54 87 28
116 147 18
95 116 8
54 162 76
58 192 70
101 135 2
83 96 0
9 28 7
48 110 36
58 85 17
124 176 26
129 143 3
67 100 26
36 183 15
29 104 74
121 185 5
35 46 2
14 87 59
124 142 12
128 139 10
114 155 33
178 188 8
149 171 0
60 69 8
46 181 92
