533 813
638 210 439 514 979 172 562 833 699 29 147 829 743 212 530 383 519 233 59 394 225 430 548 145 205 191 202 677 284 957 503 461 946 796 57 102 601 906 465 778 693 163 315 789 610 100 380 789 132 965 588 616 257 80 578 907 980 411 975 665 653 693 84 468 232 460 19 269 708 542 137 924 381 204 970 841 648 71 103 376 759 994 360 426 164 705 654 617 220 359 520 980 756 594 945 911 465 173 37 760 859 841 181 441 660 441 647 54 100 774 591 922 926 554 677 850 464 505 90 16 894 811 575 212 896 840 243 274 631 892 796 571 223 222 908 202 604 63 706 46 875 447 105 760 337 918 864 933 792 309 354 442 198 226 211 984 311 923 916 122 261 298 382 394 854 490 58 260 253 723 709 705 268 453 611 250 969 355 955 467 43 644 498 883 588 590 710 902 682 360 234 475 23 774 41 641 0 910 51 588 145 531 551 397 736 999 395 533 820 609 37 21 524 65 830 967 717 360 926 63 408 394 463 399 380 320 303 645 637 95 155 847 980 739 795 454 715 308 171 53 663 453 485 399 262 348 488 264 876 371 100 499 185 468 981 181 12 570 254 102 179 343 466 480 150 721 434 307 646 907 242 635 632 704 713 604 539 777 288 486 681 691 420 15 866 881 863 336 924 613 947 57 578 374 829 61 22 685 336 436 510 698 517 271 284 678 679 86 556 710 964 32 636 646 260 179 929 580 483 470 123 717 809 577 958 798 997 593 766 346 479 739 380 661 935 225 210 902 798 942 930 78 355 806 874 152 218 677 360 619 655 796 897 281 275 335 116 190 327 270 676 613 7 105 696 496 792 800 722 409 716 699 804 352 228 632 857 796 575 615 917 101 647 484 455 290 436 392 457 283 708 493 316 822 665 149 660 866 824 767 135 309 24 821 586 199 167 421 69 553 912 508 926 582 471 700 966 497 291 132 155 443 728 329 158 697 455 951 678 842 570 228 464 927 802 780 313 461 616 491 883 818 395 971 348 901 707 933 583 704 257 205 348 405 70 889 230 759 787 390 334 141 896 821 869 450 143 646 793 277 408 269 519 879 348 656 455 378 900 41 845 348 144 709 881 166 100 335 298 342 660 340 318 261 957 846 504 799 971 279 564 479 478 259 609 216 3 194 234 704 21 921 543 552 447 493 868 796 142 55 990 391 605 617 221 665 533 236 721 679 614 310 685
89 105
531 509
47 113
78 156
25 235
378 516
99 220
228 298
375 99
493 217
412 511
298 96
209 129
392 211
382 228
146 406
107 157
329 290
259 9
275 529
333 74
43 163
488 203
16 306
117 123
315 96
252 131
499 332
403 306
274 18
88 240
450 336
196 135
397 439
184 62
486 358
104 218
471 512
329 411
168 36
244 247
409 277
284 276
12 170
288 183
408 106
61 224
70 194
365 84
505 215
355 484
38 218
407 243
194 455
368 314
156 99
509 416
366 172
160 343
280 62
323 241
175 86
265 181
317 400
308 24
167 369
126 362
268 522
530 266
298 275
126 89
102 237
287 486
1 436
108 399
514 325
89 433
169 99
467 432
83 309
66 27
96 223
220 155
455 9
480 161
185 489
346 136
307 469
164 457
85 99
248 362
7 486
364 290
279 137
290 523
354 318
31 67
229 466
342 146
48 56
185 321
232 92
450 135
186 308
31 532
388 312
112 254
225 288
173 139
295 453
24 187
525 29
484 201
313 137
216 252
24 56
494 452
197 306
24 208
325 266
395 458
2 473
348 130
61 10
302 389
199 41
167 139
226 409
365 299
95 9
462 466
228 353
326 285
261 430
99 29
327 90
408 39
403 269
88 389
139 331
15 214
274 33
178 447
348 249
246 228
396 455
485 315
435 501
69 310
272 192
216 41
254 81
49 495
151 86
113 267
207 10
472 336
198 9
444 355
73 301
103 154
56 5
407 518
242 266
191 274
401 202
335 371
516 134
515 308
523 180
109 374
73 162
486 323
365 19
518 527
478 499
228 463
440 422
343 504
421 61
278 165
289 484
142 181
192 384
420 414
296 353
332 52
519 395
335 151
52 22
334 491
497 201
454 473
51 25
99 486
460 15
188 287
371 321
159 372
501 110
404 279
417 473
339 53
257 234
208 419
508 90
200 530
99 153
374 266
401 385
397 172
232 150
410 314
390 226
142 99
407 233
34 392
87 32
25 328
232 112
62 210
164 379
291 509
6 473
97 383
206 73
98 438
515 300
212 365
288 103
39 168
437 50
359 305
455 391
262 74
36 443
8 140
63 253
176 75
451 47
200 21
271 3
149 398
319 351
265 351
426 258
84 473
281 126
500 397
62 174
425 484
72 387
338 159
380 372
479 357
237 144
253 119
530 214
276 394
330 120
39 499
427 321
13 56
490 81
45 443
434 122
184 152
122 426
517 369
311 163
150 422
176 59
252 204
201 270
263 428
340 162
227 455
100 336
99 126
189 493
482 471
446 251
245 465
303 316
26 368
314 167
279 228
143 364
9 90
441 255
99 279
118 182
439 276
147 282
131 341
451 458
389 135
397 219
335 418
115 271
234 56
450 214
264 77
453 15
220 103
468 522
279 430
496 270
190 335
28 275
17 91
164 350
107 54
76 99
527 91
374 373
356 304
377 364
478 24
336 520
403 387
266 470
283 525
504 484
57 218
503 61
40 90
218 451
127 103
470 158
79 314
65 207
140 120
35 367
163 137
500 279
471 189
287 512
198 84
474 346
132 467
78 464
69 99
10 287
326 143
10 431
81 50
532 279
352 463
214 524
117 359
177 509
510 273
499 214
58 337
108 73
385 168
23 137
404 84
408 215
260 190
449 52
216 279
308 101
323 297
320 164
499 484
507 506
395 461
323 250
192 388
226 196
166 53
452 264
18 393
282 81
492 24
252 171
167 305
210 381
129 332
416 332
169 447
295 344
11 347
142 476
487 312
25 405
128 454
185 1
36 213
205 86
181 110
139 135
120 39
405 425
409 55
191 197
272 37
389 111
173 342
264 272
303 359
499 415
312 256
296 80
463 148
504 361
339 522
166 232
39 236
438 0
451 484
122 14
31 324
349 296
469 114
187 402
69 124
322 467
250 320
335 430
500 467
222 480
294 365
165 407
366 149
495 365
448 530
48 459
530 121
443 491
499 279
190 231
372 397
339 400
284 94
420 454
32 112
147 237
483 445
407 27
446 332
258 304
191 118
498 232
179 372
292 376
230 295
376 37
477 250
238 530
359 107
370 474
360 454
172 506
61 133
99 112
315 413
60 157
214 136
429 263
112 407
121 293
207 68
338 528
513 283
438 103
454 255
477 428
76 64
190 516
143 335
166 116
13 46
527 125
483 264
88 138
481 460
380 170
228 193
273 295
442 169
24 521
412 126
197 20
93 458
272 121
75 296
279 306
296 386
221 501
475 335
473 271
216 83
443 383
357 450
382 30
247 210
216 318
347 216
174 99
28 480
396 502
385 34
74 388
141 73
137 456
469 42
35 29
140 488
112 466
286 305
424 425
276 337
239 243
4 163
44 226
467 73
114 184
321 195
248 345
512 63
363 272
266 130
7 526
423 399
71 496
313 82
145 498
458 465
358 258
2 442 169
1 214 136 302
2 140 8
2 447 169
1 494 452 913
1 305 167 293
2 302 389
0 252 131 212 341
1 370 474 384
1 272 192 844
0 88 389 88 426
2 298 96
0 65 207 65 269
1 530 214 476
2 166 116
1 315 413 367
0 315 413 319 413
0 287 512 110 471
2 27 66
2 321 427
2 279 99
2 258 358
0 261 430 261 49
2 20 197
2 174 62
0 448 530 448 121
0 292 376 292 251
2 218 104
0 479 357 479 307
2 486 99
2 63 512
2 452 494
1 231 190 557
1 365 299 466
1 449 52 940
0 396 455 502 458
1 522 468 106
0 191 118 66 182
1 258 304 917
2 126 281
2 227 455
1 336 472 836
2 473 417
0 272 37 446 37
2 335 430
0 531 509 531 311
2 435 501
1 117 359 555
1 306 279 759
0 500 279 206 305
2 24 308
2 351 265
1 365 299 272
1 398 149 762
1 528 338 705
0 88 240 375 240
0 427 321 427 477
1 456 137 631
1 168 39 46
0 340 162 340 42
0 245 465 245 161
0 425 484 425 260
0 185 321 1 223
0 423 399 423 214
1 190 335 648
2 304 258
0 44 226 44 320
2 314 410
0 365 19 448 19
2 486 358
1 112 32 380
0 302 389 302 419
2 335 371
2 359 305
1 59 176 742
1 532 31 574
0 118 182 118 513
1 325 514 885
2 8 140
0 446 332 446 395
1 141 73 890
0 471 512 361 512
2 56 234
0 169 447 505 447
2 290 329
1 55 409 89
2 220 155
0 470 158 1 158
0 147 282 237 113
0 96 223 293 223
2 509 416
0 43 163 43 330
1 438 103 635
0 87 32 87 463
0 207 10 68 81
1 382 228 175
2 278 165
2 438 0
2 364 290
1 419 208 314
0 73 162 372 162
1 450 336 818
1 262 74 60
1 161 245 495
2 185 489
1 419 208 950
2 499 279
0 268 522 268 168
0 108 399 476 399
0 438 103 0 343
0 348 130 348 447
0 225 288 225 521
2 310 69
2 184 152
0 410 314 410 331
2 126 99
2 486 323
0 242 266 242 426
0 375 240 385 240
2 504 484
0 493 217 310 217
2 527 125
0 499 332 390 22
1 387 72 498
1 122 426 308
0 74 388 333 427
2 450 357
1 143 326 674
1 392 34 423
0 75 296 176 27
1 384 192 797
0 335 430 180 360
2 228 193
1 140 8 223
0 206 305 398 328
0 346 136 370 180
1 403 269 193
2 360 180
2 443 491
2 83 216
1 369 517 454
0 325 266 325 25
0 178 447 178 176
1 237 147 172
0 519 395 519 391
0 280 62 280 240
2 110 501
0 99 279 174 266
0 348 447 249 275
1 296 353 842
1 228 246 830
1 282 81 151
0 398 328 366 25
2 247 210
2 457 164
1 484 499 491
1 5 56 124
0 250 320 134 44
2 40 90
0 181 110 505 221
0 99 112 375 466
2 506 507
1 295 273 293
2 25 235
1 409 277 657
0 216 318 192 318
2 439 276
2 297 323
0 272 121 312 418
2 457 164
0 282 81 282 50
1 6 473 943
2 42 340
0 310 217 112 217
2 259 9
2 237 113
2 322 467
1 496 270 622
2 274 191
0 335 151 316 151
1 287 486 779
0 199 41 199 510
1 53 339 515
0 139 135 286 427
2 360 454
0 272 192 445 305
1 255 454 82
1 101 308 819
2 426 258
0 455 391 303 519
1 418 335 948
0 31 324 184 324
1 290 523 160
0 25 328 184 328
1 252 216 16
1 321 195 57
2 9 259
0 186 308 186 28
0 129 332 129 179
0 175 86 175 426
2 312 487
1 168 268 841
1 172 506 456
0 323 297 248 297
2 172 506
1 296 349 155
2 175 426
0 438 0 438 138
1 388 312 385
1 174 99 276
2 31 67
2 220 103
1 174 99 677
2 500 467
2 366 172
2 520 336
1 223 1 503
0 246 228 246 402
2 69 99
1 260 425 560
2 98 438
1 286 305 586
1 346 474 525
2 162 372
1 88 138 373
0 187 402 347 246
2 425 424
2 5 56
2 275 249
1 210 62 454
2 241 323
1 531 311 531
0 198 9 277 90
2 17 91
2 436 1
0 266 470 302 470
2 85 99
1 267 113 303
2 451 218
1 330 120 408
0 197 20 70 20
0 469 42 91 340
1 401 385 177
0 169 99 169 288
0 454 255 89 255
0 198 84 198 59
2 49 495
1 305 359 539
2 15 214
0 498 232 145 290
2 196 135
2 197 306
1 497 201 525
2 295 344
0 504 361 184 253
1 269 65 870
1 103 288 793
1 153 99 458
1 505 447 454
1 381 210 667
2 263 428
2 192 318
1 216 252 884
2 311 531
0 164 379 249 379
2 174 99
2 407 112
1 476 399 184
1 24 492 489
2 112 254
0 260 190 398 449
1 458 502 855
1 365 294 427
0 245 161 245 123
1 41 216 819
2 37 376
2 525 283
0 450 135 18 277
0 279 137 379 137
1 389 111 111
1 506 172 335
0 159 372 528 371
0 89 255 489 255
1 403 306 998
0 112 254 174 81
2 363 272
0 489 255 167 255
2 365 84
2 481 460
1 414 420 594
1 501 221 640
0 226 409 22 213
2 61 224
2 369 167
1 347 11 908
0 494 452 494 507
2 172 506
1 495 365 312
2 515 308
1 243 239 879
1 72 387 341
2 8 140
0 401 385 202 84
0 531 311 531 339
1 343 160 839
0 246 402 511 402
1 331 410 178
2 254 81
0 52 22 439 287
0 500 467 417 432
1 248 345 420
2 122 14
2 160 343
1 365 495 766
0 28 275 161 172
1 148 463 163
1 276 337 43
1 99 156 903
2 64 76
1 137 163 307
1 91 340 724
2 507 494
2 296 349
1 216 41 615
2 485 315
2 134 516
0 216 41 146 41
1 120 140 858
2 172 506
0 168 36 163 334
2 252 204
2 27 176
0 61 224 225 224
0 339 53 468 122
1 115 271 839
2 59 198
0 142 181 189 265
0 51 25 51 332
1 168 385 519
1 232 150 270
0 218 451 57 270
0 190 231 4 231
0 477 428 145 429
0 274 33 411 33
1 149 366 362
1 229 466 322
2 488 203
2 167 314
1 190 516 570
2 499 39
0 476 399 110 399
1 312 256 952
0 166 53 410 53
1 123 245 395
1 283 513 811
2 387 72
2 463 148
1 210 381 578
1 114 184 868
2 329 290
0 517 369 517 237
2 10 61
1 529 275 359
1 290 364 106
2 14 122
0 207 68 207 74
0 326 285 179 285
0 8 140 8 21
1 417 473 721
0 103 154 499 154
1 341 131 875
1 232 166 911
1 425 405 776
0 292 251 292 136
0 296 386 467 386
2 425 405
1 186 28 660
2 99 375
0 252 204 117 204
2 122 468
0 99 126 380 89
2 184 114
1 122 14 426
2 427 286
2 212 365
2 110 399
0 417 432 517 132
0 164 457 360 457
2 353 296
0 72 387 72 32
0 370 180 474 70
0 228 463 509 352
0 8 21 8 356
1 419 208 403
0 326 143 326 284
1 85 99 221
0 66 182 102 182
2 276 337
1 344 295 956
0 10 287 503 237
1 70 474 938
2 186 28
2 168 268
1 151 316 213
2 106 408
0 73 301 515 301
2 215 505
1 100 336 79
2 304 356
0 279 430 232 430
2 380 89
1 271 473 424
2 228 279
0 145 290 145 379
2 18 277
0 412 511 238 402
1 518 407 552
0 482 471 482 151
1 271 3 327
2 91 340
0 184 62 63 93
2 439 276
0 83 309 201 309
1 113 267 62
1 47 451 69
1 149 366 659
1 255 167 608
2 484 289
1 150 422 934
1 340 42 516
0 32 112 72 316
1 18 277 383
2 473 454
0 516 134 336 134
1 50 437 260
1 412 126 350
1 443 36 869
1 89 105 945
1 283 525 478
2 167 305
0 473 271 374 115
2 474 70
1 169 442 324
2 287 439
0 146 406 313 406
1 522 339 617
0 435 501 435 217
2 16 306
0 437 50 437 242
1 138 88 559
1 347 216 470
0 296 353 349 195
0 58 337 58 177
1 388 312 605
1 237 144 254
0 474 70 370 165
2 495 365
2 279 216
0 296 80 458 80
2 481 460
0 95 9 95 38
2 512 63
0 277 90 340 508
0 313 406 236 406
0 232 430 9 430
2 303 316
0 527 125 106 125
0 120 39 203 474
0 335 418 261 256
0 523 180 143 444
1 409 55 388
0 201 309 35 309
1 427 286 942
1 68 81 989
2 63 512
1 347 11 385
1 126 362 904
0 98 438 98 49
2 220 103
1 72 316 359
2 342 173
0 178 176 178 138
1 196 226 673
2 143 364
1 449 398 110
0 435 217 435 407
2 200 21
1 62 210 385
1 338 528 383
0 108 73 108 141
0 238 530 511 436
0 284 276 326 255
1 105 89 192
2 385 34
2 484 504
1 366 149 233
0 184 152 82 152
1 506 172 973
1 36 213 152
1 201 484 156
2 9 455
1 346 474 36
2 473 454
0 371 321 34 321
2 467 132
1 312 388 222
0 279 228 363 193
1 407 243 21
0 185 1 489 478
1 24 187 509
0 307 469 479 444
0 335 371 308 528
1 77 264 902
1 155 220 766
1 416 332 856
0 18 393 14 393
1 407 27 847
2 450 336
0 510 273 199 178
0 282 50 282 153
1 425 405 558
1 93 63 650
2 18 274
1 291 509 278
1 479 444 539
1 495 49 718
2 411 329
0 420 414 363 414
2 495 49
1 312 388 883
1 164 320 557
0 23 137 23 64
1 407 243 595
2 462 466
2 484 289
2 264 483
1 307 479 95
0 468 522 498 317
1 318 192 889
2 316 72
0 478 499 301 307
1 473 417 595
2 374 266
1 426 88 989
1 43 330 100
2 461 395
2 397 500
0 515 300 175 300
1 125 106 781
2 177 509
1 123 245 759
0 398 449 387 177
2 99 76
2 137 456
2 395 461
0 228 353 144 353
2 122 426
0 325 25 514 390
1 407 435 966
0 242 426 242 258
0 87 463 87 174
1 356 304 804
2 461 395
2 163 4
2 120 330
2 467 322
0 110 471 59 413
2 389 111
1 165 407 257
0 24 521 313 224
1 221 505 164
0 252 171 64 171
0 421 61 421 126
0 463 148 90 148
1 503 237 48
0 78 156 78 427
2 484 504
1 259 9 899
1 451 458 345
2 141 108
2 76 64
1 510 199 83
1 169 442 379
0 451 484 461 125
2 53 410
2 74 207
2 224 225
0 385 240 72 280
0 189 265 471 163
1 446 37 503
2 446 395
0 441 255 441 14
1 344 295 558
1 381 210 675
1 383 97 385
1 447 505 442
1 173 139 128
0 189 493 156 493
1 264 272 273
1 331 139 103
0 126 89 345 87
2 275 298
0 39 499 113 354
0 264 77 96 77
1 511 436 294
1 487 312 752
0 443 383 329 383
0 495 365 467 87
0 63 93 328 108
1 480 161 412
0 208 419 27 470
2 253 184
1 64 171 231
1 372 162 559
0 173 342 256 146
1 336 472 479
2 91 527
0 8 356 8 70
1 144 353 465
1 387 403 997
1 90 40 516
2 149 398
2 165 370
2 67 31
2 218 104
0 439 276 490 276
2 474 203
2 359 117
1 99 142 437
1 374 115 914
2 341 212
1 65 269 350
2 523 290
0 122 14 417 441
0 321 195 94 195
0 258 304 465 356
0 333 74 185 207
1 56 5 386
2 489 478
2 267 113
1 178 138 231
2 197 191
1 266 130 944
1 523 290 721
0 280 240 191 240
2 168 39
2 514 390
1 379 249 106
2 102 237
0 143 335 288 190
2 509 177
2 318 354
0 184 328 253 318
2 172 161
1 258 358 911
0 161 172 186 182
0 76 99 76 512
2 94 195
1 397 172 338
1 528 371 794
0 216 83 245 83
1 117 204 445
0 40 90 40 1
0 232 112 422 268
2 416 509
2 201 484
0 303 519 403 391
2 165 370
2 90 508
2 196 135
1 32 72 218
2 103 127
1 232 92 396
2 163 311
0 40 1 40 178
1 312 256 860
2 136 292
0 453 15 230 383
2 281 126
2 332 52
1 343 0 613
2 244 247
0 360 454 180 512
2 285 179
2 270 201
2 379 145
0 212 341 531 131
2 452 264
0 338 528 159 191
0 176 59 182 198
2 397 219
0 79 314 79 394
2 167 369
2 507 494
1 20 70 813
2 99 29
1 407 233 319
0 298 96 76 77
1 439 287 511
2 235 25
1 219 397 566
1 410 331 79
2 316 303
0 64 171 166 171
0 517 132 144 91
2 474 346
0 100 336 100 515
2 259 9
2 515 301
1 89 433 454
2 314 167
0 71 496 71 347
1 180 512 531
1 336 472 455
1 494 507 851
2 175 426
2 69 310
2 87 174
2 513 283
1 61 503 369
0 245 83 230 83
2 99 153
0 435 407 435 302
1 248 345 625
1 298 275 949
1 45 443 915
0 177 509 197 51
0 107 157 434 60
1 527 518 949
2 364 377
0 450 336 327 520
1 30 382 282
1 4 163 444
1 125 106 16
2 113 354
0 95 38 95 255
1 494 507 451
2 443 36
2 302 435
1 190 335 236
0 200 530 21 171
1 117 204 348
2 216 347
1 389 135 109
2 505 221
0 366 25 204 405
0 122 426 122 206
1 218 104 847
1 121 293 943
0 97 383 97 242
1 265 181 998
1 51 332 130
0 455 9 70 497
2 391 403
2 174 81
1 172 506 629
1 268 422 805
1 339 400 629
0 424 425 424 519
1 493 156 306
1 121 293 137
2 486 99
0 286 305 466 284
0 176 27 176 130
0 281 126 281 237
2 120 330
2 167 139
2 247 244
0 273 295 273 318
0 490 276 4 394
2 186 28
0 316 151 219 482
0 410 331 53 46
1 202 401 713
2 225 521
0 514 325 40 325
2 337 276
0 212 365 212 353
2 267 113
0 144 91 39 429
2 482 219
2 455 227
0 18 277 24 409
1 146 256 89
0 100 515 100 52
1 444 479 174
0 199 178 510 530
2 326 255
0 352 463 36 463
1 214 524 552
0 347 216 71 501
2 287 439
1 529 275 828
2 321 34
0 0 343 0 41
0 292 136 292 241
1 522 339 941
2 408 39
2 24 478
1 141 73 604
2 176 75
2 276 337
0 185 489 262 34
0 139 331 202 331
0 47 113 81 113
2 174 99
2 486 287
1 135 389 733
0 327 90 336 460
1 329 290 666
1 190 516 376
0 102 182 105 182
2 345 87
