89 395
517 61 52 208 0 657 818 343 446 199 237 281 709 244 10 814 765 684 854 907 422 913 419 713 177 920 746 175 807 595 776 450 823 952 832 301 83 41 315 547 354 332 24 258 198 651 589 976 698 468 726 92 542 178 503 535 566 676 330 652 650 446 331 545 490 34 811 28 973 631 29 650 814 973 488 493 929 623 26 816 800 38 820 335 655 30 665 697 892
15 86
33 13
84 29
7 24
67 84
55 28
10 29
62 69
19 88
27 85
57 18
1 35
66 43
16 38
24 5
48 70
86 2
79 4
7 88
75 87
39 8
54 72
28 50
86 35
46 81
79 21
57 48
50 52
65 72
50 18
8 66
75 18
0 66
24 11
82 17
2 16
74 83
30 24
57 78
32 30
40 2
20 75
12 69
24 71
42 49
49 3
54 77
75 76
72 73
80 86
56 31
69 48
11 37
57 24
9 23
67 24
28 60
4 61
34 50
50 58
9 63
27 52
50 31
8 81
61 51
33 71
79 36
48 46
59 87
22 78
74 18
58 14
9 86
68 84
50 80
9 44
26 80
25 66
9 36
48 41
44 64
45 46
48 54
53 86
52 82
82 3
9 6
57 47
2 86 9
2 81 46
0 48 46 36 43
2 70 48
1 46 45 932
0 57 18 33 21
0 8 81 12 81
2 9 44
2 50 80
1 36 43 147
2 32 30
2 9 44
2 80 50
2 8 66
2 44 64
1 3 82 834
1 52 50 66
2 66 25
2 3 49
1 74 18 40
0 61 51 75 51
1 28 55 865
1 45 46 571
2 36 79
0 54 72 86 73
2 81 46
2 73 72
0 10 29 10 73
2 34 50
2 32 30
0 75 76 8 76
1 4 79 851
2 66 25
1 81 12 484
1 51 75 729
2 43 36
1 78 22 274
1 88 19 606
0 9 86 29 85
2 69 48
2 28 55
0 50 58 32 14
0 40 2 40 76
1 57 78 751
2 81 12
0 33 21 78 0
2 42 49
2 24 67
0 32 30 58 27
2 69 48
2 82 17
0 33 71 13 76
2 6 9
0 57 48 56 81
1 7 88 166
0 58 27 32 20
2 73 72
0 11 37 49 37
2 1 35
0 19 88 19 51
2 21 79
2 64 44
2 20 32
1 49 42 901
0 49 3 37 41
2 75 51
1 52 50 260
0 9 63 23 63
2 61 4
2 86 80
1 85 27 62
2 78 22
2 76 8
2 9 23
0 82 3 42 3
1 9 36 427
1 79 21 37
1 79 36 413
1 8 39 609
2 56 81
2 31 56
0 52 82 77 17
0 2 16 64 38
0 79 36 21 16
1 9 44 1
1 68 84 207
2 18 50
2 9 36
2 29 85
0 36 43 64 24
0 57 47 66 47
1 66 0 563
1 44 9 70
1 20 32 747
1 62 69 425
2 5 24
1 84 67 655
1 28 50 608
1 42 49 277
1 63 23 556
1 57 24 633
0 25 66 25 76
1 75 20 509
0 48 54 5 54
1 24 7 396
2 24 67
2 73 72
0 28 60 62 60
2 33 13
2 87 59
2 28 50
2 26 80
1 66 8 133
0 4 61 32 61
2 38 64
0 37 41 49 75
1 80 26 113
2 33 13
2 67 24
2 10 73
2 3 42
0 32 61 49 61
1 27 52 871
0 29 85 24 52
0 66 43 10 43
0 72 73 65 86
1 16 21 262
2 7 88
1 42 49 21
1 25 76 245
0 32 14 87 58
2 79 4
1 52 50 760
0 13 76 33 44
1 29 84 117
1 69 12 811
1 56 81 928
1 24 71 621
1 78 57 771
2 35 1
2 86 15
2 78 57
0 26 80 26 4
0 50 52 51 4
1 67 24 449
2 16 38
0 1 35 1 46
0 84 29 19 29
0 75 51 15 25
1 54 5 626
1 17 77 904
0 58 14 40 14
0 26 4 26 8
1 0 66 90
1 35 86 157
0 54 77 58 77
0 1 46 1 38
1 40 76 458
2 85 27
2 50 80
2 11 24
0 27 85 53 85
1 86 53 757
0 51 4 29 58
2 73 10
1 59 87 258
0 57 78 16 39
1 10 43 815
1 58 87 682
2 79 4
2 42 49
0 62 60 35 60
1 58 77 537
1 49 37 80
2 22 78
2 47 66
1 50 28 68
0 19 29 19 60
2 65 72
1 6 9 455
0 86 2 11 2
2 44 9
2 87 58
2 25 15
1 19 51 155
0 48 41 45 41
1 37 49 750
1 58 87 996
2 19 51
0 25 76 69 26
0 75 87 55 87
2 63 23
2 21 16
0 28 50 58 31
1 58 77 100
1 18 74 531
0 50 31 25 4
0 19 51 22 51
1 86 53 328
1 24 71 468
2 86 73
2 16 21
2 49 75
2 81 56
2 88 7
1 12 69 108
0 49 37 12 37
2 23 63
0 24 71 36 71
0 9 44 71 28
1 74 18 895
1 15 25 89
1 73 10 973
1 4 79 150
0 48 70 18 70
2 47 66
1 5 54 167
0 35 60 13 19
2 8 76
2 19 60
1 47 66 949
1 74 83 650
2 55 87
1 24 7 973
1 47 66 341
2 24 30
1 61 49 232
0 45 46 41 51
1 66 47 229
0 26 8 82 52
2 49 42
1 24 7 140
2 73 86
2 14 40
0 79 4 33 85
2 56 81
0 53 86 12 75
2 42 3
0 36 71 9 71
0 82 52 37 21
0 10 43 7 43
0 56 31 40 87
1 12 75 779
1 64 24 462
1 24 57 456
2 23 63
2 65 86
1 81 12 214
2 0 66
1 72 65 274
1 57 24 781
1 41 45 217
1 54 5 24
0 71 28 6 43
0 40 76 77 1
2 9 23
1 17 77 162
1 50 34 821
1 15 25 347
1 0 66 933
0 25 4 68 4
0 5 54 85 54
2 68 84
1 22 78 1000
0 64 38 5 15
1 45 41 292
0 7 88 15 88
1 42 49 735
2 85 33
1 13 33 662
2 40 87
2 50 34
1 17 82 800
2 85 53
0 19 60 65 60
2 8 66
1 12 75 966
0 68 4 80 4
0 42 49 3 33
1 57 24 21
0 55 28 68 28
2 9 71
0 29 58 29 13
0 18 70 28 70
2 41 51
2 39 16
2 6 9
2 75 18
0 65 72 38 72
2 41 51
2 50 80
0 7 43 47 36
0 46 81 46 34
2 58 87
0 30 24 30 75
0 85 54 1 54
2 7 24
0 45 41 45 6
2 81 56
0 68 28 25 70
2 18 50
0 12 37 28 38
1 60 65 454
0 74 18 74 68
2 75 20
1 16 38 179
1 33 85 17
2 75 30
2 42 3
1 80 50 258
1 24 57 573
1 79 21 325
1 78 0 728
2 64 24
0 37 21 37 49
0 82 17 82 8
1 27 52 534
1 23 9 554
2 59 87
0 47 36 4 6
1 69 48 347
1 22 51 0
1 24 7 578
0 8 66 26 0
1 34 50 577
1 24 5 939
1 20 75 978
1 77 1 952
1 64 44 909
2 5 24
0 33 13 40 29
2 75 18
1 58 31 135
2 64 24
2 44 64
0 16 39 72 82
0 12 69 53 48
2 32 20
2 41 51
0 16 38 79 54
0 33 85 58 78
0 15 86 52 34
0 3 33 42 7
1 52 34 825
1 10 73 771
0 80 4 73 4
0 22 78 51 46
2 70 28
1 32 20 424
1 5 15 483
2 40 14
1 30 75 599
0 53 48 53 50
0 9 6 9 15
2 87 59
0 66 47 49 47
0 40 29 48 29
0 24 5 35 31
1 50 80 737
0 75 18 32 28
2 35 86
2 52 34
2 54 1
2 87 58
1 29 13 284
1 38 1 128
0 40 14 30 14
0 79 21 24 16
1 36 9 892
2 30 75
2 74 68
2 39 8
0 32 20 59 75
1 73 4 641
2 29 13
1 40 87 754
0 10 73 10 79
0 56 81 56 40
1 64 24 392
0 59 87 61 11
0 9 71 67 71
0 11 2 42 2
2 24 67
0 12 81 50 81
2 72 82
2 28 32
1 9 23 525
1 55 87 840
2 34 52
0 79 54 10 67
0 69 48 20 13
2 24 11
0 27 52 27 80
1 24 7 314
1 73 4 141
