694 299
736 300 601 714 152 575 817 573 596 949 668 895 156 696 620 656 396 997 624 814 36 374 926 239 824 729 195 849 735 275 401 797 874 831 985 310 445 926 451 159 725 311 2 802 682 908 726 690 396 826 500 679 138 576 366 285 449 460 981 451 640 75 607 42 601 4 243 858 612 787 432 378 935 474 69 917 775 221 738 934 751 477 437 72 538 785 554 814 420 852 423 926 117 77 283 412 122 543 731 216 104 23 386 265 722 1000 421 529 601 187 996 524 715 961 565 219 971 512 954 223 644 816 264 426 187 792 952 723 991 785 304 555 167 363 60 792 141 785 741 548 694 646 288 208 665 840 704 610 724 670 851 972 399 797 156 26 928 821 787 495 765 636 884 46 162 675 441 461 535 803 207 666 281 539 594 259 842 331 833 799 618 26 987 637 256 870 407 219 59 906 444 737 511 716 364 309 599 399 163 881 786 45 905 930 393 902 739 719 678 841 759 742 736 533 892 408 782 491 129 668 102 204 132 803 434 494 524 886 242 236 675 535 13 172 550 142 745 271 923 831 100 451 158 288 84 596 40 802 159 138 879 71 271 905 719 751 44 459 764 902 626 28 728 228 721 98 637 400 396 835 906 622 231 846 608 41 159 52 118 705 650 106 219 309 419 910 127 630 778 103 459 527 73 381 943 733 507 498 990 552 364 606 276 549 360 655 754 191 228 543 207 35 374 355 556 98 552 361 994 689 94 956 20 879 890 516 510 119 333 877 956 111 377 690 102 241 145 781 165 892 870 474 441 833 801 10 937 940 425 668 442 131 450 355 723 499 758 142 466 879 384 151 239 538 3 326 349 272 44 926 413 131 220 338 586 734 73 148 354 277 80 822 423 484 288 484 967 559 124 437 128 376 94 862 825 230 369 536 676 59 200 341 151 291 445 950 787 483 577 710 564 198 504 904 71 71 763 289 508 968 444 734 212 686 946 262 188 720 515 869 627 58 441 578 698 317 214 221 108 1 68 465 942 337 816 610 116 809 298 138 215 533 942 851 267 756 708 359 999 463 13 658 294 269 19 985 596 509 521 953 307 9 678 323 475 298 712 608 576 302 455 305 633 817 22 187 694 195 341 224 623 277 254 558 650 130 247 934 858 631 296 901 941 362 835 155 46 579 892 589 977 396 494 782 489 255 893 859 316 220 567 426 303 868 491 425 483 627 563 283 373 906 388 873 72 113 438 873 5 247 473 527 972 851 569 441 570 541 897 333 373 342 506 48 687 244 46 434 322 462 708 492 123 126 31 19 293 24 158 219 47 592 305 226 452 632 58 108 632 954 606 281 730 174 175 350 577 846 342 401 896 348 679 690 860 145 495 820 710 949 933 553 645 696 153 227 305 357 922 955 62 399 4 525 153 158 395 335 551 820 12 987 155 810 982 802 462 974 606 603 377 315 270 26 696 810 281 313 183 716 152 183 668 4 789 324 83 120 364 876 58 177 756 449 617 819 202 148 973 613 834 822 84 205 216 496 257 952 955 763 99 994 854 168 698 716 508 142 777 323 91 662 226 877 336 458 473 560 517 792 361 835 88 580
515 309
14 338
120 689
90 369
681 634
448 407
495 191
647 169
105 439
635 290
178 673
419 152
331 530
445 296
60 418
384 443
258 16
239 265
493 513
51 20
280 43
131 618
619 207
625 53
510 449
507 44
53 656
194 37
105 489
536 356
186 19
323 679
437 419
78 59
270 524
273 481
494 479
16 3
183 473
320 462
285 449
673 188
122 33
220 305
380 590
668 443
526 307
566 42
101 592
492 363
443 545
348 129
264 230
532 277
291 156
286 2
70 436
171 656
397 361
175 439
159 371
282 280
332 241
37 211
336 60
370 596
392 446
252 500
298 360
485 282
299 601
557 258
353 111
356 250
46 631
536 421
686 16
623 165
170 677
13 593
331 127
25 243
92 135
123 669
48 275
253 208
570 278
570 6
194 130
473 378
401 662
574 625
239 495
198 221
587 666
550 609
686 106
126 357
176 369
281 365
345 486
383 515
385 179
563 92
663 229
378 369
278 562
524 661
126 222
291 610
449 385
220 10
502 476
316 43
662 197
269 547
78 535
238 245
35 21
411 304
118 282
133 419
555 273
671 25
431 197
269 456
46 570
174 173
341 601
609 571
294 248
223 633
441 114
206 174
254 662
254 651
424 460
672 243
427 232
92 175
317 329
456 602
562 639
461 190
674 655
132 528
557 415
348 297
143 613
294 364
107 286
396 664
399 246
95 678
474 415
652 452
614 338
348 514
17 510
677 132
282 392
568 510
583 383
282 506
167 197
181 501
136 362
123 16
301 195
79 429
208 670
685 394
498 471
641 651
687 660
523 508
565 367
292 643
351 48
519 404
572 372
457 347
405 660
556 469
261 520
392 206
263 199
451 239
419 282
97 22
439 286
308 571
349 500
455 435
195 29
337 512
122 533
517 453
266 338
583 52
692 205
442 60
54 675
301 194
448 514
209 314
408 261
206 558
229 313
525 311
500 244
110 479
143 24
49 371
208 366
138 349
621 466
592 485
145 463
583 625
509 587
229 87
613 409
245 531
128 256
91 511
480 215
642 673
150 41
172 153
451 611
91 207
563 271
570 661
435 319
83 131
392 550
329 476
238 18
217 324
174 586
94 297
589 295
161 493
223 689
434 644
687 34
500 385
516 204
236 81
75 225
91 181
160 328
176 517
264 63
653 496
98 254
391 19
92 579
125 432
218 514
34 154
577 354
385 652
645 376
217 357
525 478
271 637
312 362
333 688
626 512
238 667
38 26
425 208
381 470
654 355
35 396
20 394
418 388
291 620
447 102
3 225
279 141
482 165
248 580
568 166
280 193
313 160
497 686
260 609
533 510
366 428
420 80
500 54
411 69
492 13
606 543
264 71
527 248
587 596
582 303
48 238
484 465
659 561
227 406
125 345
76 373
414 259
573 424
360 77
525 238
527 179
690 536
612 194
346 141
543 415
479 250
220 617
413 468
78 569
158 53
585 588
9 40
421 646
397 57
572 542
4 643
154 684
175 418
584 442
607 401
93 150
194 203
148 94
77 438
101 74
208 650
144 134
398 31
92 207
397 680
439 220
544 374
249 291
8 366
451 624
147 345
569 118
359 540
319 389
117 89
638 667
426 458
334 631
66 429
682 107
660 430
681 689
145 123
182 400
102 280
537 445
485 627
549 693
257 536
502 439
389 382
140 217
673 247
611 505
312 262
472 420
201 258
632 625
326 274
509 647
356 601
297 410
564 379
50 619
456 330
481 366
208 604
575 230
54 157
400 465
338 381
598 291
114 635
92 367
189 417
73 12
230 469
180 529
493 491
149 388
23 174
26 665
35 623
648 134
389 256
635 287
153 291
41 342
117 241
585 603
232 669
352 254
352 322
214 179
60 521
97 113
253 532
425 49
423 493
508 253
260 267
232 346
485 82
391 526
504 471
577 202
245 170
618 414
310 11
9 80
613 657
194 425
692 645
15 600
228 142
351 212
429 82
458 272
291 320
434 508
288 559
508 227
581 23
572 635
4 32
243 239
547 104
535 5
56 179
640 499
508 58
169 546
620 251
256 67
228 208
8 578
598 293
605 343
48 124
118 605
456 518
243 246
332 62
640 421
61 219
690 313
96 380
210 380
435 379
509 445
15 237
403 215
625 242
335 281
139 115
37 551
596 402
510 189
484 539
548 540
504 282
107 55
80 64
28 258
231 432
137 237
41 616
507 605
645 605
34 7
397 300
496 236
306 640
35 510
134 123
678 47
450 496
687 38
433 347
187 118
302 256
241 196
378 325
237 419
589 591
5 599
587 286
371 213
487 193
90 135
550 291
310 425
175 668
155 560
444 247
30 112
457 227
207 449
4 536
315 233
312 248
94 353
676 471
360 622
209 284
146 245
589 258
449 536
168 526
417 116
208 681
168 92
250 209
34 385
466 614
86 30
274 268
68 369
185 208
691 33
475 43
373 456
306 200
331 625
594 232
585 143
619 488
318 30
221 381
316 483
378 552
389 388
299 662
61 259
586 283
272 440
108 625
164 244
260 202
355 623
576 34
548 34
197 27
495 582
650 629
549 16
615 297
36 345
563 597
207 16
101 674
96 477
215 88
161 421
119 526
163 531
17 519
254 278
45 556
80 161
35 340
73 204
275 84
538 554
446 344
224 350
476 113
385 481
204 189
683 181
397 282
566 532
335 366
193 93
601 534
180 154
589 109
34 608
422 595
254 276
468 361
273 424
464 216
39 411
345 485
477 416
370 390
207 392
195 678
360 628
424 422
239 199
467 315
346 235
151 505
363 327
383 386
539 255
269 243
636 225
546 226
480 100
48 239
570 454
262 0
352 358
387 546
622 395
536 143
400 522
25 96
91 140
184 589
168 240
619 381
139 253
234 6
261 25
385 30
52 377
168 69
618 274
375 6
279 630
48 536
321 56
143 121
99 318
177 669
215 162
345 642
331 398
65 488
308 541
164 539
653 412
493 233
272 291
465 155
299 363
496 253
339 280
459 661
396 368
392 625
500 216
436 280
341 224
495 289
348 570
442 649
673 658
20 618
119 679
72 348
512 667
662 360
561 394
439 490
192 250
583 85
34 554
250 567
158 553
123 103
264 669
261 688
274 488
425 559
105 393
480 458
372 332
477 1
549 503
190 369
289 374
662 241
1 375 6 843
0 331 625 127 93
2 457 227
2 451 611
2 380 590
0 546 226 683 226
2 531 245
2 686 106
0 252 500 252 251
1 684 154 925
0 660 430 378 430
0 94 297 111 489
2 284 209
0 645 605 205 519
2 493 161
1 391 19 876
1 625 583 552
2 34 548
0 168 69 72 304
2 389 256
1 576 34 589
2 509 647
1 16 3 505
0 422 595 515 595
1 297 348 66
0 316 43 483 276
1 280 102 99
1 209 314 63
0 205 519 645 345
1 175 92 872
2 423 493
1 61 219 630
2 599 5
2 290 635
1 254 98 837
0 466 614 621 53
2 314 209
1 553 158 206
1 225 3 284
1 670 208 948
0 659 561 659 629
2 204 73
0 645 345 692 687
0 563 92 597 306
2 41 150
0 674 655 198 655
2 664 396
0 429 82 66 20
2 172 153
2 669 123
0 685 394 685 299
0 640 499 167 499
2 588 585
0 589 109 93 109
2 629 650
1 243 239 431
1 319 389 255
0 292 643 292 535
0 291 156 198 156
1 119 526 65
1 34 548 710
2 200 306
2 686 16
0 108 625 108 401
1 167 197 820
1 447 102 113
1 297 348 61
2 673 188
1 34 687 716
0 692 205 378 205
0 329 476 329 625
2 141 346
0 143 24 107 24
0 278 562 309 562
0 508 253 434 590
2 147 345
0 566 532 566 497
0 687 660 495 405
2 645 376
1 256 128 203
0 355 623 355 188
0 449 536 606 108
0 691 33 691 237
0 487 193 487 79
1 577 202 622
0 122 33 684 33
1 196 241 949
2 246 243
0 34 608 540 608
0 392 446 74 344
1 436 280 545
0 690 536 229 407
2 57 397
1 279 141 1
1 118 282 872
2 385 30
1 88 215 253
0 217 357 576 357
1 242 625 629
0 297 410 141 410
2 86 30
0 576 357 689 126
2 226 683
2 507 605
2 254 651
1 91 511 43
2 569 78
2 677 170
0 475 43 475 90
0 461 190 461 96
0 405 660 313 660
0 605 343 278 343
0 332 241 62 78
2 471 498
2 271 637
1 161 421 506
0 635 290 587 290
2 510 17
2 194 612
2 358 352
2 91 181
0 473 378 183 595
0 266 338 266 561
2 268 274
2 442 584
2 240 168
1 239 243 855
2 19 186
2 673 188
2 679 119
0 619 381 86 156
1 141 279 14
1 632 625 573
2 143 536
2 359 540
0 34 7 34 7
2 643 4
1 679 323 470
0 15 237 15 384
1 446 344 135
1 56 179 143
1 477 1 200
0 238 245 251 170
1 280 282 87
2 250 356
0 334 631 334 424
0 671 25 671 98
2 528 132
1 272 440 545
1 171 656 316
0 581 23 581 257
1 262 0 283
2 16 3
2 551 37
0 519 404 375 404
0 264 71 2 71
2 35 21
1 37 211 55
2 130 194
2 94 353
2 123 16
1 485 592 327
1 169 546 436
1 513 493 841
2 3 225
2 198 655
1 383 386 277
2 625 583
1 173 174 121
2 260 267
0 254 651 676 651
1 450 496 741
1 673 658 590
2 154 34
1 140 217 460
2 158 553
1 223 689 374
1 451 624 871
0 448 407 687 690
2 497 566
1 428 366 172
0 472 420 472 254
1 250 356 760
2 510 17
2 477 96
0 141 410 623 410
1 291 320 961
2 175 668
2 306 640
1 282 397 313
1 18 238 493
2 109 93
0 492 363 13 156
2 536 356
2 224 350
2 500 349
0 431 197 431 395
0 8 366 8 411
2 139 115
0 107 24 305 24
2 102 447
1 597 306 274
1 351 212 956
1 536 48 576
1 678 47 764
1 208 253 903
2 596 587
1 277 532 709
2 185 208
1 118 569 40
2 227 406
0 269 243 456 99
2 457 227
0 99 318 373 276
1 648 134 21
1 590 434 1
1 669 232 763
1 384 15 842
0 472 254 472 517
2 198 221
0 136 362 136 369
1 484 539 775
1 389 388 437
1 8 411 133
1 594 232 203
1 313 160 428
0 450 496 450 356
0 572 635 210 287
1 622 360 67
2 135 92
0 348 570 218 314
0 237 419 137 502
2 115 139
1 228 142 239
2 619 50
1 98 254 640
1 113 97 794
0 476 113 307 97
2 495 405
2 396 35
0 52 377 297 377
2 370 390
1 352 254 605
1 61 219 279
2 243 246
0 291 620 236 251
0 291 320 149 462
2 687 690
1 688 261 446
0 577 202 354 124
0 449 385 553 539
1 397 57 949
0 270 524 270 191
1 354 124 384
2 495 582
1 479 494 587
0 289 374 353 374
1 36 345 194
1 683 181 142
1 499 167 632
0 371 213 420 213
0 385 652 15 452
0 54 157 574 157
0 252 251 252 434
1 197 27 546
2 519 17
0 572 372 572 667
2 254 276
1 61 219 669
0 456 602 222 602
2 20 51
2 373 456
0 397 300 211 300
0 221 381 277 381
0 562 639 381 639
0 338 381 338 527
2 577 354
2 227 406
2 472 517
0 338 527 338 394
2 220 305
1 419 282 155
0 194 203 467 203
1 667 572 206
1 589 258 937
0 445 296 59 296
0 385 30 301 86
1 453 517 109
2 218 314
1 451 611 518
1 536 257 374
1 254 98 793
1 346 141 815
2 425 208
1 317 329 643
1 258 557 642
1 496 253 297
2 425 310
2 288 559
