40 531
37 6
18 24
20 26
21 33
8 17
24 0
20 31
15 25
2 4
15 28
32 10
10 36
12 5
31 18
4 13
10 6
14 26
0 13
13 36
31 33
8 20
31 9
7 4
22 2
15 20
7 13
33 23
14 37
0 20
35 23
38 25
23 18
8 16
26 15
29 31
5 6
2 30
11 16
20 22
37 16
29 22
0 27
30 8
7 31
22 5
25 7
29 34
30 34
3 10
6 20
4 37
29 37
18 25
9 29
31 12
39 6
18 6
27 33
25 33
5 32
9 21
26 4
13 20
36 22
17 2
29 17
12 22
1 8
13 38
35 15
22 34
35 36
21 36
33 2
2 32
17 28
22 17
18 0
0 6
33 35
10 4
30 22
4 15
11 37
14 25
22 23
6 3
5 21
11 7
27 31
28 34
16 34
27 23
19 22
36 2
37 38
30 31
17 14
31 11
25 0
3 35
26 30
21 15
36 33
32 11
25 6
35 22
36 27
39 20
28 20
23 19
29 3
16 39
18 33
32 7
6 9
29 28
16 30
20 29
31 15
6 15
31 0
11 21
17 24
17 13
33 19
9 3
28 3
35 39
3 0
12 3
38 15
16 25
23 38
19 35
1 15
4 39
38 30
4 3
16 10
8 12
4 28
0 21
34 13
7 17
25 35
19 36
20 11
6 16
6 33
30 27
12 39
12 36
11 27
15 30
28 26
11 33
10 20
21 13
22 11
21 35
27 25
37 19
13 18
9 28
34 21
24 33
26 39
18 30
21 37
21 10
38 2
0 28
14 31
32 29
19 21
15 24
26 23
33 29
38 20
1 27
37 2
3 21
15 13
17 6
4 19
38 8
20 36
20 3
32 20
33 16
10 9
31 19
13 6
26 24
7 10
13 26
0 26
20 23
3 2
28 36
23 25
27 28
9 33
7 27
12 18
30 20
20 1
9 8
1 38
30 14
19 26
2 0
10 28
15 17
33 39
39 34
1 21
12 13
25 29
4 34
24 31
17 1
2 7
1 7
2 35
21 12
13 11
9 36
8 22
22 0
7 0
29 12
16 35
17 10
34 7
11 23
29 24
2 29
36 17
18 35
33 15
10 8
18 8
24 23
19 15
3 34
16 23
31 39
24 10
9 17
11 10
39 18
38 29
5 35
29 1
6 24
30 12
15 7
37 10
33 10
10 22
0 14
6 36
13 35
27 3
1 18
27 39
2 25
20 9
38 11
20 14
17 35
34 37
11 3
8 28
6 12
9 37
18 27
14 36
2 31
38 14
23 8
36 34
25 21
10 35
17 4
15 12
14 21
4 31
22 14
28 18
20 16
16 3
12 1
20 19
31 23
13 8
11 4
39 23
34 33
1 32
32 18
1 25
8 33
27 9
17 30
17 11
8 7
20 27
19 10
14 9
5 29
10 1
10 5
39 15
14 34
32 36
1 9
35 32
2 34
39 38
6 34
28 1
5 9
16 0
13 5
17 25
5 1
1 13
14 1
28 32
36 8
38 10
11 9
16 21
13 9
1 23
0 38
17 27
28 38
12 9
1 6
0 34
0 4
27 14
0 19
37 31
12 20
30 1
20 17
31 1
7 39
18 20
18 36
39 19
10 31
14 32
33 3
16 12
23 28
6 31
7 22
8 34
11 29
33 30
23 3
15 11
30 21
5 39
30 7
33 17
17 23
18 15
24 4
22 38
15 8
32 24
5 37
14 19
6 21
26 35
5 4
31 28
39 1
14 29
19 17
39 37
32 21
21 7
36 25
23 13
19 7
5 33
34 31
31 26
39 30
11 6
35 34
30 25
11 1
7 29
15 2
2 24
37 18
16 17
24 28
1 0
13 2
31 16
37 26
13 33
3 19
14 18
15 22
34 32
34 1
7 16
26 9
36 11
5 17
12 10
28 11
35 31
22 31
13 19
15 5
18 3
9 22
9 4
32 25
23 21
0 17
38 6
22 27
1 24
5 0
25 13
35 30
35 12
14 39
11 2
13 29
6 19
30 3
24 3
24 34
19 16
9 7
17 39
5 20
17 26
6 8
32 23
3 15
22 24
29 35
1 4
5 3
37 3
3 38
4 38
30 29
3 7
13 30
38 12
3 26
35 7
17 31
33 20
37 17
25 22
15 16
12 4
22 39
16 22
30 9
14 5
18 4
29 15
12 19
34 5
5 26
30 37
22 3
30 10
29 18
29 0
17 34
39 24
3 1
23 15
23 5
38 9
28 37
37 23
5 2
21 2
5 31
36 15
9 24
32 4
26 34
26 16
29 23
5 24
8 5
0 30
29 8
6 26
7 14
13 16
39 3
32 17
16 18
25 5
38 17
28 35
25 20
12 28
1 33
2 39
12 2
9 32
32 38
18 10
33 32
12 25
22 1
26 25
38 24
