40 197
32 4
28 7
13 32
2 30
19 29
26 28
35 13
29 37
7 23
21 11
27 15
14 6
11 38
34 30
36 13
7 24
21 27
6 13
3 19
34 11
5 39
18 31
25 10
26 22
35 8
10 27
37 12
20 13
5 28
17 24
4 8
35 31
15 19
15 32
29 11
9 16
1 9
18 5
36 2
14 10
4 26
8 1
23 34
19 36
27 31
6 16
4 18
1 29
38 17
30 13
16 10
33 25
37 18
25 28
33 20
11 17
34 22
17 2
19 12
34 28
34 21
36 0
25 12
35 32
2 24
16 19
16 27
7 31
12 35
3 36
9 32
27 18
15 35
21 8
34 6
26 12
26 31
6 7
19 33
30 15
9 33
38 31
4 20
27 38
24 20
38 18
14 29
11 18
38 5
20 29
10 26
2 15
32 5
26 23
36 18
11 7
5 27
27 34
37 27
32 26
37 9
13 23
10 39
3 30
4 2
13 11
7 15
17 25
5 24
21 18
35 37
3 13
3 33
20 36
32 11
28 20
33 1
13 18
1 20
0 14
16 26
10 3
28 27
13 24
16 38
20 30
10 35
37 20
35 18
36 16
10 4
10 36
17 22
16 23
34 17
7 12
14 18
27 0
34 18
24 6
21 31
21 37
0 17
33 16
28 32
39 12
29 3
14 25
8 32
25 16
38 13
21 33
39 38
39 23
6 0
13 27
30 37
15 34
32 36
39 36
17 18
19 21
28 4
17 39
24 35
5 29
30 22
15 31
16 18
35 6
16 22
3 8
34 13
18 3
36 12
8 2
1 39
16 1
2 23
34 9
28 11
29 33
18 12
31 3
27 22
15 22
21 12
18 20
32 37
31 9
37 3
16 20
36 31
25 26
22 33
34 2
25 23
