426880736
861475954
509766571
321069673
829752060
655298505
67309862
764617878
277153040
788851415
536628840
504663047
114656021
292512108
409941797
786392559
79672752
180855453
968576679
879505168
898149309
300524596
313151532
21160077
190401616
958203428
842765746
391197488
672129900
378787163
546593634
518496639
165912248
492095305
766807250
835873530
29015047
434051797
600022329
854328510
375649728
920209492
427917512
69139923
912031789
241437091
41737886
162950289
417598974
293538993
925356649
541084577
154354902
699719939
957597289
262485382
5631982
286074022
429072699
530407960
606817291
296723952
148160024
691928286
937968657
400351349
600960496
127850256
166094619
778007747
771354029
837174778
722356367
458458323
471424533
340114131
379331563
312854421
714414219
37469308
486120297
715824722
