397391669
946656044
254027990
737702756
242402661
900947552
398750723
886933659
548778442
586876522
372848752
927268038
814547413
30707200
812123205
616131859
287660791
483867706
991697904
801396302
156455808
703738828
919436632
727358026
767613171
907180335
82612178
687229901
440106572
695445609
563688821
191152980
392395192
935858195
978198636
926159761
98214163
248707973
575350743
342875662
26365424
764164156
320254952
159923215
709728013
394543190
929966416
14590677
884009428
657992635
597409027
956266390
411512959
428710009
781153235
378575712
500423217
390357431
108124423
894522442
844935730
548929397
605756709
195347496
784222294
