187915275
799093139
563651703
229746089
59640518
407733268
972012704
893973837
79017855
22177606
293557030
833475593
406512541
732865125
152180805
591508880
585285855
33205368
296871700
865295650
192719887
269693921
96136906
395464923
125351175
673173346
597003664
230724874
568911486
910406083
180116318
818601295
110458538
782257935
234292416
748951101
292328242
63166997
325304725
129184258
393671564
615976830
198628483
250720220
395674082
154185862
547906049
335285396
26673469
847846362
518676778
668640563
718152377
444641363
59098233
98059931
13413907
437234049
444322842
114237646
951882343
647784286
325743676
119360117
713234258
814172346
831186673
786171650
700304357
870263692
169073646
723906342
884525898
136252465
159974352
188475090
427002996
142257931
113395044
575991291
126203975
869211259
590970737
993330456
815632121
429150232
383550788
613341475
226462358
196556158
727412474
182597835
754061663
605996851
547278868
452286177
530551830
837038719
33430580
865717338
88743178
152737589
573461467
252402088
393987983
726258874
729459102
486212958
212049213
689296186
127847811
972746723
854371785
4929210
850012194
616049567
330792076
154515434
560633078
898325101
328486010
83530481
751024968
411405836
293814894
986052146
134830245
593842989
877430713
856092186
180663090
774298031
220845171
613326879
523373174
8297584
39835601
780194456
93536760
541243386
711667377
495616638
953406491
518055399
917832041
331102485
962339498
942514426
905010421
423076671
270708042
84295076
865631278
875507455
657691043
951345094
737983363
388007889
428594062
626662215
159646600
702912123
148551192
510261243
462043981
379674529
317872209
623945811
233113099
245999684
228015094
470410940
