987369527
919339429
704186390
601650545
563491913
8352676
233111163
418219850
865144836
563896310
645266954
481722246
688665538
261424589
746484656
950571477
36573784
121202403
166716742
91318880
716103532
361336681
704406258
153374990
657039251
579995101
834536764
395700126
89611484
750599015
601500579
755801205
819143658
933495882
510327745
219715612
877994084
371076999
762897857
539373460
863144776
447358757
710798622
809147644
935397219
382464775
73964588
702060401
509373411
683940563
674455479
356156439
778110838
814182832
210867898
417526731
760441223
592987798
780103272
557571112
642299954
481333533
969859181
13398603
811109078
521644559
68704387
810145920
591612107
71446550
892531149
839250819
152064287
976003466
757477888
728085802
985334608
188613888
358535939
10973709
753047657
901576498
409399034
724259810
255099547
892057224
654793562
114745092
326225193
840108771
926254822
202941802
91338892
142549730
382038113
183087831
62187242
437048018
424845259
387688695
690279852
899736729
672146670
447453782
872627066
294633339
230300594
494960609
15236046
323517114
706076385
206625358
75161202
672212240
915573279
835144681
216483659
847459610
584063431
564933313
654137965
335664566
280618001
502823758
81030685
43513264
423154417
531924021
580951367
734203005
223889854
389987533
543912371
562908010
980228838
531647479
569337550
319442605
742206969
726940818
12643366
163644199
834229828
108662137
223957337
683809226
405488025
877482314
544946833
954067911
716448440
863999539
776933393
28129891
354572204
421317587
815459465
