39560
3537
29
124337
36027
1902
136244
99388
2857
137521
140268
137670
122978
214124
214155
2776
2767
217876
17154
20984
297720
13094
4499
195446
25490
361226
4393
371663
3802
4654
4231
367607
449041
6199
60913
468137
22335
461309
445212
439358
69608
78777
235622
7085
317120
718725
9481
726587
17025
8412
41543
9594
439506
8149
9557
806698
806314
979576
978823
130596
515454
11862
346047
11392
1042778
1128888
24577
14098
16153
1188916
1130598
1126560
599744
1207962
14981
43562
1303126
912197
73252
1172305
15280
1331372
18776
1403869
1439110
137205
1579844
1583144
51093
15906
1494423
1612298
1735390
36550
119476
1734924
44175
62198
42708
1874304
1944043
1771309
1978189
47302
275411
1887236
929139
47302
1053015
1886707
20336
1977284
1191778
1960616
1983290
21109
236048
23408
1706120
537301
175557
148921
23140
27522
1393284
2326955
2325748
1420452
468708
109475
135977
52700
53223
28698
2408897
2296004
2344962
2439933
1655916
2091611
