395
431199
2492
819
871455
895930
1091252
1090320
772109
19735
1738
1071058
1090611
75722
5491
1088925
1881819
3647
2325929
137717
4618
2319700
12995
6786
2492894
2454381
2684169
48552
6648
3463105
3463616
3469524
18963
6237
3471490
3446506
4167858
1873198
8226
4169902
78163
4059672
86862
4169260
4435272
4793551
4355856
5004811
18836
5326829
21138
11065
10999
5813217
5967599
6256396
11941
12015
6317581
11358
48575
12065
50450
1132801
87570
6650219
6649246
7325842
13530
7523295
7467413
7648561
7289151
14405
43751
15506
15864
8794608
16551
8777076
15755
15535
16065
16007
8744473
33818
171227
450013
109093
9077687
37238
10178779
10668229
7372352
410024
10885285
11705315
11665841
20903
200672
22209
11776608
41395
12213462
46541
24124
24693
13490150
24998
26076
14941205
14940706
28609
176175
15663037
15721733
15603986
15722389
16142667
16056532
15387096
17583992
17585018
102917
17795254
33387
110530
17723498
18734591
18797064
17707047
107440
19134057
19058488
19098412
38022
19632470
37299
19076970
19598477
19234472
1526604
19005263
19773886
19587109
19855682
19277441
683569
120166
19540723
43167
127221
22302775
42491
86424
22306716
23178698
23687820
129968
23634841
23909990
24025019
23975619
24136813
24043683
372288
24796240
192074
99221
25349614
49920
26669446
2455054
26622018
309997
52193
27508518
106496
27808733
27911631
27911860
261946
53918
28370876
28371576
28425847
28426583
28266837
28607128
28501095
52195
28809370
28754229
221551
2531619
275443
964746
30620168
30161029
57116
30620835
30331421
30456823
117318
59389
294150
60266
31243821
421227
120170
120559
568397
900412
31804176
31940145
322837
630528
32401311
744879
32773379
32897385
33107424
33556077
62673
33488996
63879
63809
518973
33318976
61891
33883462
33885197
33881683
33442070
64742
503462
34069457
64485
1540392
186704
131181
34553982
1235158
127622
34491344
35137850
32886303
34505487
35147947
35255820
35252750
132994
36447577
10551098
37755112
37554540
37828293
37609260
38207952
71986
73584
279624
38206016
24073083
36700756
73957
6967426
38230068
38592320
38590902
18087778
36559161
511107
