231
260
291
306
227
314
247
223
195
172
337
110
389
185
321
236
149
208
249
367
62
39
213
120
180
159
79
240
194
401
106
156
194
178
216
120
170
310
259
86
321
324
170
296
248
212
276
274
292
101
341
291
347
375
297
111
273
88
104
232
382
311
354
140
27
160
307
225
362
331
202
223
366
281
221
269
367
406
117
177
154
221
74
240
115
291
266
224
261
46
200
374
127
163
214
165
52
196
73
160
238
282
267
143
146
197
188
307
254
319
316
142
185
221
110
322
180
278
289
283
339
310
185
301
146
399
150
309
361
265
199
45
217
352
214
266
131
200
157
193
38
337
149
105
221
270
311
284
259
204
294
163
146
125
40
131
326
173
85
412
267
67
401
410
298
170
92
175
376
232
341
284
348
112
190
264
291
230
370
337
133
330
73
105
291
262
188
26
351
284
339
229
295
119
322
398
179
265
311
390
227
253
221
242
351
272
151
317
269
320
345
298
236
103
284
52
252
210
184
236
247
377
161
70
314
81
278
279
161
105
85
284
364
128
164
307
403
402
55
365
128
225
96
241
135
406
139
339
317
177
186
184
228
342
184
293
193
190
308
281
142
225
74
255
330
297
312
236
355
400
65
217
194
104
277
98
131
298
264
22
126
209
155
368
349
128
242
290
357
277
280
72
281
316
241
396
342
306
159
359
48
300
333
232
141
73
215
223
117
199
284
109
359
388
222
200
75
296
290
283
290
328
337
311
331
320
132
109
320
120
232
212
336
204
243
380
322
143
378
352
424
155
241
316
143
148
87
121
30
189
352
317
325
316
364
306
148
370
346
115
140
170
206
386
350
16
130
162
191
159
219
185
59
86
189
346
225
296
166
183
244
128
235
191
265
167
248
193
160
248
138
231
189
319
61
307
231
174
347
376
240
359
308
357
121
332
86
221
182
346
336
178
314
208
76
279
224
205
313
23
295
31
190
304
166
195
14
76
349
192
349
145
216
365
99
252
373
199
232
295
33
162
5
330
177
115
64
400
241
245
401
143
102
129
57
227
424
314
299
288
251
362
256
313
179
359
222
312
69
290
252
276
409
83
188
141
53
391
174
247
220
95
238
271
112
282
381
219
376
64
147
338
329
95
217
178
345
174
197
267
171
297
183
319
257
147
348
277
98
260
257
201
382
180
127
180
178
423
77
54
211
320
224
119
363
336
173
173
169
348
306
338
281
187
285
385
90
168
143
286
398
311
364
299
119
372
207
240
406
315
259
318
279
347
236
306
226
165
376
68
96
209
174
341
152
170
259
363
386
235
161
270
278
252
304
226
160
130
234
227
266
126
200
264
213
17
302
229
248
227
212
188
332
343
264
318
78
319
81
100
151
231
296
249
197
274
347
258
275
179
250
158
356
305
94
143
81
208
351
207
70
218
75
393
311
213
309
156
338
164
144
185
68
300
225
300
24
224
97
389
237
254
212
252
135
289
229
208
163
254
225
300
104
146
187
305
219
51
385
275
136
167
177
226
117
285
257
306
318
321
201
159
145
352
284
93
268
172
219
186
267
200
220
222
396
107
283
246
367
199
196
277
197
151
350
266
259
377
118
111
169
63
322
284
206
114
293
225
299
393
155
168
325
398
115
338
181
276
336
216
141
395
377
287
346
229
373
300
104
133
167
51
152
139
162
200
122
216
389
121
266
114
377
179
190
384
334
137
348
183
236
212
332
256
277
265
42
206
48
139
89
212
283
295
94
142
297
307
370
107
235
47
374
338
319
268
222
308
250
63
424
318
388
145
102
104
359
28
48
245
116
89
173
327
123
218
73
72
231
271
80
277
147
275
145
106
150
329
155
347
95
188
269
159
401
343
360
405
343
327
238
253
114
76
199
96
314
217
65
191
373
178
295
24
177
238
70
370
123
252
142
236
110
75
202
310
396
169
275
370
155
218
151
227
96
274
369
276
118
211
109
306
346
209
332
300
5
83
225
265
180
234
302
4
134
344
133
142
45
193
420
56
256
292
92
290
264
271
44
347
355
195
333
244
210
23
282
222
202
177
148
216
200
125
286
185
232
200
19
99
286
154
230
91
127
111
345
291
270
388
185
164
265
259
156
340
172
38
201
356
253
260
113
336
97
237
223
152
168
380
81
335
399
157
127
282
273
274
282
221
297
199
217
361
305
65
237
326
203
248
132
371
269
150
350
421
254
191
118
341
208
194
222
161
310
311
129
106
419
87
243
76
249
81
297
205
231
241
413
283
167
103
141
200
175
200
259
159
216
145
230
264
382
174
27
182
96
117
277
227
279
285
148
163
152
236
78
217
339
406
194
356
74
166
86
355
139
187
397
260
47
240
91
307
306
101
363
172
36
229
293
337
318
239
160
185
338
73
272
221
273
261
251
214
283
372
34
227
259
104
249
247
197
73
217
106
166
357
226
217
56
141
137
372
324
109
237
251
36
275
279
18
311
325
163
412
216
247
170
260
46
289
241
255
303
199
132
164
218
254
243
401
31
138
112
280
144
239
290
213
244
284
147
211
237
179
24
297
220
237
150
117
156
309
184
192
191
233
280
337
279
338
277
252
336
244
77
259
225
156
152
181
172
347
84
330
300
261
148
79
419
314
134
248
302
311
111
58
335
246
371
48
197
50
50
117
90
327
245
219
211
311
297
214
109
343
189
265
160
219
93
100
311
406
68
287
340
231
108
385
51
124
213
245
220
238
272
239
310
124
239
175
249
358
58
227
154
259
210
30
140
134
87
373
256
269
300
257
230
282
268
247
290
228
221
188
274
358
383
149
304
320
38
167
141
274
221
206
133
300
156
332
153
259
186
110
342
155
320
357
244
283
212
152
239
40
209
234
47
228
196
305
176
342
227
234
139
205
45
112
68
291
105
270
300
322
352
271
96
145
226
79
196
295
160
316
380
223
130
245
146
90
172
348
35
76
84
222
329
242
80
295
256
122
241
331
220
48
221
325
164
315
247
178
311
88
214
268
246
329
247
407
269
273
282
211
232
204
176
213
253
246
13
356
219
271
241
180
84
321
323
411
127
140
299
148
349
38
55
70
222
309
141
296
234
281
337
375
171
374
180
150
61
234
149
199
200
332
236
139
118
287
167
196
245
149
52
244
57
251
282
254
157
228
186
164
280
137
391
216
128
301
265
163
314
289
166
349
50
85
326
235
370
220
345
209
354
219
98
290
109
325
194
330
220
49
229
129
312
345
203
166
336
244
71
197
181
145
247
375
69
83
202
202
317
89
327
19
373
244
247
279
110
372
322
143
179
155
329
337
150
114
391
325
195
121
72
250
236
167
107
362
379
118
228
180
333
178
307
201
127
253
338
157
356
164
152
76
112
153
251
105
70
175
170
221
223
220
139
59
27
225
345
116
352
372
253
274
228
221
325
202
254
207
72
380
212
403
84
228
237
258
84
260
73
198
368
219
327
326
234
128
239
140
174
282
123
349
138
70
108
265
102
301
253
294
226
255
340
278
253
320
273
407
337
123
323
195
367
257
289
399
236
103
105
41
422
227
380
342
91
159
413
395
261
319
166
20
192
244
169
172
335
236
147
335
111
253
136
219
206
326
69
340
271
350
153
231
163
295
365
395
334
199
113
58
267
250
74
195
275
156
55
388
359
142
196
50
236
104
358
317
226
234
225
222
203
111
154
355
222
92
304
332
161
54
376
358
210
51
259
201
251
144
207
224
141
146
287
70
103
166
311
23
188
300
288
358
180
157
321
272
168
395
37
146
161
188
148
273
31
324
267
392
244
249
146
97
214
143
349
209
65
243
146
40
263
55
133
110
305
153
281
345
154
313
224
318
349
241
343
59
204
194
44
332
293
148
265
372
195
324
166
169
322
183
244
246
205
114
8
81
114
267
307
305
190
314
121
183
155
21
376
152
192
358
56
329
236
332
310
258
153
144
408
139
243
42
337
335
336
139
168
355
368
317
365
306
327
323
210
210
293
190
231
253
355
315
302
96
238
206
183
320
92
53
194
197
25
345
356
226
35
242
229
124
15
295
109
153
391
104
377
92
30
273
361
189
203
336
292
174
329
269
143
358
168
56
248
270
93
416
346
190
50
332
41
115
387
136
129
268
349
246
86
272
226
146
250
166
298
218
255
167
290
168
165
345
209
184
280
210
339
142
348
256
372
142
258
351
217
50
157
147
292
199
198
218
260
304
175
80
288
240
151
109
324
391
229
358
62
301
306
91
310
292
37
153
311
226
52
373
409
218
190
358
303
150
235
362
208
157
116
102
59
343
207
364
287
332
50
183
270
158
343
113
121
297
106
315
250
164
243
301
83
195
221
325
53
310
367
193
163
132
276
292
371
223
283
102
166
133
138
190
246
199
262
186
339
64
225
272
94
291
349
252
249
379
327
184
289
90
240
250
289
392
93
303
84
206
295
384
392
313
246
243
186
294
70
366
235
351
211
116
352
221
230
249
321
226
204
419
350
292
305
404
219
139
153
213
203
241
73
107
138
391
347
141
320
205
80
296
264
29
411
286
146
216
213
334
352
249
293
213
230
182
174
194
47
115
183
200
102
389
161
82
270
213
285
136
377
221
216
282
181
363
42
142
336
173
76
306
145
187
218
296
212
297
323
146
111
278
197
318
180
356
316
198
238
215
285
203
256
251
255
279
318
16
76
334
219
166
284
111
326
36
53
183
176
171
338
142
104
119
292
140
292
317
215
248
134
160
143
187
293
326
313
124
329
157
167
122
119
175
264
143
61
250
272
155
355
244
283
408
42
335
197
91
312
185
44
391
191
88
288
230
298
285
312
147
109
97
365
127
190
344
222
214
330
158
179
194
257
275
148
370
354
203
167
130
147
305
78
353
110
317
363
163
333
48
200
318
332
296
75
222
260
215
335
28
380
80
59
188
229
100
344
242
20
319
217
342
372
274
325
117
336
95
138
101
280
316
328
268
267
272
107
120
341
167
141
350
90
203
287
243
269
127
314
322
211
283
107
151
343
214
312
169
101
229
330
367
145
207
34
118
65
248
132
290
126
368
353
184
171
96
104
107
388
194
305
272
257
259
341
174
378
208
358
306
271
324
183
186
338
242
267
288
144
206
281
215
88
283
317
260
142
41
53
377
142
182
267
164
323
66
229
266
20
327
64
162
127
181
233
354
344
235
230
319
318
188
149
337
180
328
206
293
192
289
226
311
346
54
252
266
222
315
366
208
129
130
397
260
89
200
200
284
299
315
243
295
229
344
217
388
366
220
95
213
147
218
309
234
149
41
94
39
134
136
154
321
350
67
374
147
352
392
131
347
118
177
350
181
353
306
141
315
281
311
317
32
129
193
186
98
76
318
133
275
242
230
163
210
182
134
184
88
211
373
85
217
222
187
188
52
240
53
263
234
394
219
299
295
366
163
268
137
180
320
312
82
224
91
232
153
246
147
214
380
365
308
285
262
157
57
215
85
183
48
227
124
157
162
157
170
265
294
52
62
253
163
204
76
250
217
163
138
143
163
256
298
205
241
330
376
339
295
241
171
259
279
187
317
189
181
248
54
207
62
263
359
256
341
176
252
196
204
270
219
421
306
140
152
232
290
186
346
168
291
35
135
210
235
329
119
143
75
204
271
300
211
184
146
206
243
300
124
211
134
382
147
388
241
245
326
109
316
143
118
236
231
313
301
186
149
265
257
175
91
104
365
334
350
283
363
178
378
173
204
224
171
420
357
402
276
169
153
79
309
188
184
361
121
311
326
127
136
108
294
225
34
191
49
276
64
80
205
343
235
149
185
170
378
108
128
143
262
359
248
89
190
170
390
220
152
313
182
387
191
152
197
218
267
167
86
193
262
314
140
189
177
317
214
255
282
238
193
128
338
154
362
390
321
360
44
314
7
61
180
364
355
267
208
213
241
226
309
109
247
316
371
322
100
393
225
213
253
216
292
98
201
332
346
190
141
319
291
104
341
210
409
175
50
70
191
92
339
401
256
240
177
369
133
313
390
279
357
335
78
296
30
56
163
301
198
315
211
131
322
220
371
104
240
245
198
288
389
330
207
273
311
167
161
249
199
350
249
244
68
318
183
232
326
78
226
76
256
174
58
143
213
122
79
108
142
83
203
152
331
340
319
143
342
204
221
249
239
257
238
185
262
310
237
89
116
344
74
322
91
340
199
327
214
387
237
116
100
79
363
199
122
237
281
241
222
147
405
254
94
232
107
87
268
184
220
240
212
212
235
152
160
116
56
140
276
371
196
379
266
169
295
149
305
205
326
243
213
301
326
350
219
238
125
364
229
229
187
176
245
185
127
220
213
296
324
244
380
140
164
177
186
181
91
329
200
189
267
208
221
177
84
79
212
311
256
148
82
143
282
56
392
318
310
342
387
262
226
156
186
254
317
260
222
146
185
57
116
328
313
146
181
410
158
186
235
222
140
243
383
85
189
165
257
198
275
252
260
282
339
147
236
310
112
259
139
355
140
218
286
62
26
213
67
153
346
237
340
271
138
83
158
212
257
151
248
69
122
162
214
287
283
89
219
264
393
309
317
213
121
262
161
126
226
356
401
79
140
280
304
184
133
425
313
339
339
248
145
145
247
147
323
311
90
266
227
360
46
302
71
195
71
210
352
262
266
237
61
305
160
232
310
166
248
36
217
167
76
67
172
175
358
354
105
321
177
256
395
115
336
150
375
233
160
224
269
263
348
239
170
77
273
211
341
320
263
138
250
215
279
193
222
136
234
371
144
312
67
273
302
144
351
350
35
353
96
319
337
88
349
176
110
245
22
369
276
238
283
90
336
219
409
414
132
388
304
244
262
35
142
183
373
251
30
264
420
81
292
404
318
66
151
117
159
88
312
236
107
99
230
412
122
302
318
365
119
297
217
300
318
228
277
251
220
190
320
228
161
286
269
352
246
312
249
178
231
222
286
249
348
251
273
370
122
324
174
210
268
101
79
159
373
225
95
214
253
97
294
236
318
214
317
324
397
187
294
215
305
312
311
325
348
307
170
192
317
210
18
224
282
312
317
368
340
235
161
315
75
270
349
419
341
157
358
309
299
28
127
122
312
364
102
62
80
399
409
238
229
305
232
14
350
134
150
261
184
382
192
410
200
367
235
21
228
263
355
387
240
345
68
129
53
164
179
57
360
275
162
188
160
125
192
21
155
169
149
316
304
343
59
335
245
81
295
116
317
195
221
79
187
50
339
210
243
260
232
186
257
58
167
127
396
210
144
221
127
68
182
386
391
279
273
225
162
272
29
99
178
392
419
166
422
146
246
181
203
270
316
224
240
378
68
405
338
100
184
325
191
288
328
305
275
97
370
391
229
91
141
43
373
123
263
349
378
332
406
290
320
96
71
267
132
190
317
406
206
66
266
359
233
295
224
227
397
217
123
335
199
395
324
270
185
285
382
335
223
237
173
219
298
325
409
113
326
295
145
236
94
186
231
145
132
316
15
331
291
313
383
90
292
131
240
280
300
318
168
194
138
275
210
98
250
259
233
181
224
295
73
152
284
140
333
413
360
256
217
178
176
147
267
309
94
193
382
343
165
322
401
65
375
378
142
128
413
311
314
134
159
283
175
270
271
316
210
283
219
237
229
230
347
245
260
100
174
24
120
179
297
12
266
151
256
251
94
256
253
293
319
138
155
288
257
122
285
245
335
339
113
412
260
108
120
268
347
53
403
243
108
171
368
29
274
416
102
260
320
235
186
356
288
151
155
320
133
236
320
257
206
56
342
197
401
295
224
243
135
176
286
357
227
341
194
326
382
233
307
195
419
369
155
205
120
289
262
259
145
263
100
388
167
401
340
227
258
314
326
110
121
328
120
271
411
364
327
347
202
295
81
37
286
63
338
324
66
269
401
299
276
309
310
100
320
273
220
198
308
281
344
256
371
173
87
228
199
350
142
5
124
125
157
363
205
157
275
374
177
310
236
364
274
226
287
167
146
391
321
128
175
169
410
301
359
69
388
312
126
416
389
154
316
321
291
336
62
272
94
218
275
254
140
338
96
337
165
266
214
172
198
324
421
289
137
200
159
274
46
64
335
262
155
351
215
126
230
335
235
151
162
285
126
334
264
91
257
204
159
156
197
231
188
143
160
306
314
224
52
305
164
134
115
259
148
21
209
144
273
220
210
212
112
309
394
389
220
215
102
279
31
232
48
44
198
206
141
164
216
215
176
134
220
156
272
371
337
285
229
219
123
287
252
30
191
262
371
343
30
206
198
214
425
314
398
278
321
310
412
325
124
338
305
291
60
305
84
390
261
196
96
279
329
250
80
104
140
225
145
153
171
105
248
170
224
262
269
320
167
209
228
187
239
276
393
193
171
213
144
366
202
135
236
130
87
251
187
213
250
227
222
166
243
163
227
98
352
283
366
337
262
250
249
305
259
332
347
230
345
63
165
254
146
317
241
92
256
100
175
287
272
155
31
208
254
290
190
264
121
131
298
222
188
327
261
174
208
242
195
283
216
208
200
246
373
187
109
293
164
226
128
231
194
211
305
206
328
224
231
244
146
306
270
354
401
322
269
240
39
25
162
175
321
143
207
199
122
208
366
183
125
340
240
165
67
272
232
87
160
380
197
127
138
193
202
152
344
151
242
127
222
260
153
257
368
254
329
333
152
157
72
128
325
108
172
352
261
116
400
42
330
160
122
311
108
313
348
249
80
346
352
245
359
356
107
248
230
194
343
193
205
77
157
315
186
278
411
129
337
102
378
246
233
257
119
262
78
400
127
351
167
85
116
309
147
125
232
351
280
243
269
148
87
211
162
228
350
219
165
171
170
318
329
230
127
285
189
202
166
221
334
85
88
173
310
142
89
350
183
250
219
422
344
164
226
25
167
237
167
184
269
172
45
312
128
286
317
103
351
166
118
290
315
387
210
363
207
140
322
271
16
213
212
281
229
139
189
383
269
397
409
332
79
377
211
69
54
204
315
366
176
196
57
266
316
205
325
163
294
137
244
144
237
295
383
289
332
360
421
350
216
326
266
291
87
311
212
354
45
365
322
326
320
237
96
335
200
58
299
255
243
39
408
293
115
46
207
304
163
74
339
231
150
250
211
374
406
204
229
186
201
210
157
117
175
246
293
278
221
165
217
272
76
299
355
188
122
343
102
85
290
104
47
133
215
221
387
194
285
341
214
375
294
139
265
101
191
219
70
178
309
226
210
334
219
214
202
109
141
133
45
180
188
270
162
21
410
312
265
51
286
226
420
359
141
126
346
27
356
266
280
242
149
180
103
155
345
379
229
297
345
259
174
301
221
377
63
148
188
182
166
89
376
144
172
169
313
64
186
193
139
330
235
302
232
248
297
378
199
190
274
244
148
129
265
201
228
378
337
173
424
322
145
207
303
109
62
222
270
182
335
177
24
237
361
228
297
255
310
214
173
230
201
57
117
249
303
213
377
168
256
166
276
316
170
209
242
14
391
111
282
89
124
201
207
163
299
284
101
296
337
335
236
359
210
373
237
161
269
239
272
100
319
129
238
232
215
172
235
179
405
63
110
382
279
176
325
257
201
303
350
348
300
98
274
249
231
45
297
40
135
68
221
253
182
153
380
239
28
126
265
332
326
38
169
61
210
101
350
233
296
157
148
82
198
189
147
258
403
252
230
319
130
223
182
295
276
287
288
287
251
142
52
90
350
124
88
205
309
217
73
201
94
370
358
96
296
148
130
236
154
91
45
269
244
407
337
98
356
185
259
163
238
244
152
347
160
201
229
190
306
123
175
128
82
82
123
90
132
115
320
132
323
352
392
254
48
306
329
272
44
289
285
233
111
218
168
144
230
401
115
299
256
284
355
283
102
259
320
209
107
312
361
90
314
145
269
275
342
359
269
251
253
215
277
223
164
164
101
314
220
364
201
159
403
397
326
186
317
130
160
388
68
200
287
373
143
36
294
78
170
362
170
292
117
316
114
351
206
336
73
269
90
363
82
373
169
420
172
305
218
263
132
156
197
379
137
300
376
353
302
356
206
322
215
358
201
209
161
225
132
280
355
234
83
239
141
112
330
88
236
318
366
152
106
268
223
67
297
308
282
268
267
369
319
229
329
125
72
114
321
202
185
328
306
207
307
295
245
268
313
297
307
255
292
340
10
319
198
240
206
142
338
238
353
171
322
331
255
214
407
213
167
299
239
333
43
369
322
38
275
152
156
179
237
226
216
101
268
327
317
92
410
245
200
305
160
166
355
168
224
362
240
174
388
64
59
250
222
322
125
129
367
207
297
165
366
270
309
231
160
147
201
225
183
124
360
300
229
307
294
252
95
339
96
322
171
129
195
90
302
220
252
268
133
287
44
117
353
75
180
210
148
253
178
171
212
239
298
373
247
192
261
199
238
126
261
105
173
231
32
386
21
194
384
176
65
336
199
309
234
299
158
243
387
192
258
370
317
183
188
314
376
145
350
315
186
281
263
141
299
212
280
316
215
324
274
155
283
199
46
163
182
108
182
190
64
181
67
260
233
194
200
101
138
45
359
120
118
179
95
61
218
312
75
114
293
322
276
109
156
164
180
268
276
347
200
204
194
186
211
152
128
237
169
374
160
123
271
247
318
179
417
232
310
274
182
147
320
255
306
233
279
328
276
155
327
221
200
294
352
91
47
282
57
126
253
279
205
258
83
341
83
317
270
35
376
53
220
398
192
352
303
259
280
183
315
262
223
65
283
156
105
108
145
246
95
203
362
58
264
287
298
302
345
342
225
218
196
221
170
140
358
202
224
114
255
180
215
372
362
357
231
152
303
153
238
265
230
151
335
105
134
102
140
212
240
84
205
157
258
46
317
38
148
243
140
299
186
146
12
183
241
359
352
189
237
136
326
381
249
225
328
103
186
355
85
232
143
155
296
264
169
130
248
292
302
86
187
281
147
374
306
244
286
138
207
172
284
363
321
314
237
191
367
74
244
196
161
284
198
260
283
205
73
170
314
365
247
310
182
180
328
169
112
256
110
296
218
134
171
304
257
51
366
160
388
88
97
260
130
218
266
175
215
244
329
347
245
124
204
215
190
200
288
26
330
251
354
254
228
253
143
309
237
253
224
255
126
180
210
355
321
85
195
78
105
172
318
268
212
49
96
88
276
168
355
129
188
198
55
93
190
196
326
60
254
321
148
184
354
120
124
189
205
410
182
310
86
290
267
88
273
338
81
164
161
199
165
42
376
236
209
81
129
299
408
262
265
342
235
327
141
358
384
302
163
65
264
255
303
69
198
345
371
52
240
279
120
91
302
329
342
176
395
316
177
86
287
249
160
204
109
318
322
276
123
311
253
154
84
106
90
310
97
68
140
99
296
213
245
135
330
176
343
405
323
288
305
328
36
132
93
336
246
129
201
281
141
193
145
139
224
180
148
375
62
41
224
223
165
294
331
231
89
366
348
219
336
162
224
126
299
204
399
190
364
240
25
86
330
369
305
91
63
75
240
93
145
76
219
221
153
315
287
97
73
298
257
210
251
155
255
280
199
120
156
189
395
217
99
246
362
237
72
68
224
151
238
373
153
218
290
270
340
328
186
291
372
365
157
399
267
117
230
223
405
244
221
144
144
335
315
242
239
84
235
123
290
90
176
89
245
146
338
197
225
286
65
109
99
197
164
186
72
68
303
193
371
328
135
309
218
260
188
331
67
115
184
319
295
256
208
389
317
384
286
379
267
261
180
36
110
281
233
170
322
343
222
284
176
318
2
114
317
181
249
229
304
151
188
241
359
254
178
137
129
314
144
222
225
230
324
232
119
37
292
194
216
229
283
62
365
117
342
275
192
75
191
85
44
146
216
168
303
170
170
264
290
165
180
398
134
233
199
165
238
147
178
150
92
176
191
251
234
299
132
248
310
297
239
132
202
197
292
195
339
179
154
309
376
235
208
181
322
214
208
212
232
312
229
324
177
368
272
263
87
216
283
342
219
276
78
265
272
269
178
352
239
291
244
226
220
307
400
367
262
275
81
233
224
402
216
219
344
248
77
221
347
412
228
265
260
146
184
144
255
169
292
351
163
361
323
301
197
37
73
219
358
240
362
148
103
245
220
419
306
384
206
145
90
374
242
122
282
252
340
144
157
156
72
195
25
317
192
141
363
188
20
382
338
300
289
281
100
101
184
308
330
282
222
274
254
211
397
59
280
178
291
228
109
206
280
279
368
292
100
272
195
353
67
119
17
218
262
23
107
358
131
168
245
57
129
334
191
295
400
138
220
292
111
35
315
345
163
195
58
263
269
150
101
378
114
219
406
277
371
243
259
288
248
275
57
148
19
332
170
259
135
142
305
124
143
68
191
184
362
284
281
254
213
202
340
221
69
234
226
66
224
295
317
307
153
376
390
123
259
343
370
301
178
274
87
237
107
133
209
199
324
346
157
341
274
237
317
314
211
351
241
185
272
327
395
51
353
264
117
63
213
303
167
308
306
207
333
240
331
356
223
160
266
368
315
159
197
281
44
301
209
190
306
114
192
18
123
388
158
195
218
308
280
224
211
241
316
330
316
96
157
68
230
158
281
208
267
337
173
138
320
312
169
219
278
325
78
134
80
110
274
349
83
377
360
43
279
70
421
371
157
249
399
311
273
136
376
88
76
295
324
139
105
185
123
207
189
100
94
135
135
164
318
368
162
347
180
98
148
226
204
287
214
124
399
38
123
124
245
32
249
326
308
333
133
114
217
341
340
126
207
159
112
334
171
229
293
255
183
259
191
24
321
179
260
345
48
281
42
110
83
85
299
313
346
47
298
253
352
261
27
257
269
222
210
83
120
123
212
125
424
125
319
126
231
183
310
30
326
234
227
234
245
98
299
272
159
300
316
209
270
346
200
325
159
364
200
393
294
71
122
273
271
92
167
88
307
118
239
211
320
124
285
233
302
171
121
346
199
265
220
105
367
117
264
291
7
351
284
228
303
174
306
112
335
251
357
163
80
48
49
288
366
201
147
242
323
210
194
356
145
174
370
393
223
116
325
311
346
143
218
248
128
185
267
241
199
408
225
267
216
220
372
207
142
205
336
279
179
199
343
247
171
301
211
80
176
251
411
189
275
364
396
266
275
363
169
279
63
304
138
324
334
46
176
269
59
275
291
207
178
369
208
34
406
205
294
198
303
353
248
394
177
299
310
333
186
234
191
174
143
319
166
386
240
179
146
123
387
46
349
99
81
255
202
205
333
135
137
202
198
239
265
182
157
293
391
209
236
204
385
310
146
280
285
170
68
94
210
210
161
117
336
148
214
186
72
347
128
232
378
273
338
353
194
279
15
254
50
170
59
247
90
349
418
231
8
34
68
147
221
195
302
274
171
334
334
198
156
300
240
155
126
400
401
164
183
98
11
266
228
231
375
81
411
296
284
283
216
342
212
388
197
270
163
180
44
183
227
340
351
277
212
77
320
318
351
248
84
96
101
138
347
86
391
286
293
329
167
126
226
97
188
244
157
235
59
347
238
155
109
300
353
96
91
150
343
55
133
95
119
251
152
215
164
165
230
326
93
52
157
114
260
255
168
304
268
182
296
110
125
314
245
340
110
67
25
189
352
287
89
391
140
87
134
311
131
170
148
55
368
152
334
233
355
346
183
258
150
322
100
338
160
230
320
191
170
56
297
314
323
370
253
266
365
226
26
383
142
179
343
421
112
299
200
153
292
385
421
318
363
233
298
154
171
252
213
399
91
348
340
315
40
169
209
425
268
168
382
231
410
378
160
221
153
94
169
183
256
135
254
347
355
73
326
180
227
116
153
226
125
357
360
148
160
78
190
105
381
264
237
69
187
398
359
289
275
233
248
209
149
82
340
308
86
232
185
184
251
360
290
393
283
375
155
399
268
177
264
74
253
333
327
243
270
87
160
328
115
197
359
297
302
149
50
92
272
252
365
331
189
249
369
251
392
235
214
308
355
168
284
146
281
209
145
401
309
233
84
214
220
190
227
318
356
190
194
387
289
276
307
284
331
253
279
305
282
245
238
136
176
355
320
159
374
391
110
176
258
387
281
317
61
218
236
183
212
200
214
135
124
406
171
207
309
321
320
258
53
263
354
99
75
341
379
177
235
271
210
213
300
254
306
124
332
230
393
253
122
89
100
135
157
395
218
113
102
9
171
79
390
52
69
211
263
97
130
161
281
206
371
324
401
139
62
267
393
194
81
358
128
286
158
42
114
145
173
360
152
329
219
260
24
158
261
28
188
225
66
83
104
299
360
263
362
210
267
81
270
302
330
145
189
226
286
160
274
359
31
333
360
159
186
333
58
63
80
346
203
318
191
112
360
101
295
134
111
360
198
170
357
317
230
272
92
208
310
97
265
239
235
216
268
162
269
240
371
332
128
334
235
258
301
259
264
379
168
207
45
363
331
184
286
122
171
284
300
197
296
179
54
237
319
187
145
210
149
303
387
245
163
302
165
279
306
312
257
278
297
96
169
117
15
205
237
293
156
149
289
291
35
157
179
297
30
408
144
224
195
190
42
219
166
260
59
211
201
376
83
93
276
180
41
181
172
260
192
401
213
382
326
101
218
146
224
244
335
281
298
195
354
120
311
243
151
95
340
276
359
232
357
101
194
122
206
174
317
160
336
398
218
325
239
406
414
350
312
384
216
119
99
176
312
260
298
321
109
273
149
85
74
132
138
410
317
367
348
152
244
239
140
177
204
323
248
348
209
325
139
279
202
207
179
238
280
136
193
187
316
42
348
79
128
255
350
281
274
144
168
223
175
293
276
108
133
156
340
192
384
206
94
323
189
414
354
246
321
98
309
169
85
245
312
274
118
288
340
256
211
238
166
313
172
329
279
143
215
240
267
287
201
320
410
189
98
278
293
223
340
322
350
147
186
130
100
357
379
316
112
348
149
93
296
195
280
273
370
93
308
242
71
206
359
173
164
92
84
337
284
236
146
317
378
119
258
164
359
115
262
317
297
235
130
74
307
189
226
216
62
304
264
108
186
264
359
311
124
277
164
198
207
416
307
196
253
150
155
223
225
205
220
301
390
305
382
156
319
178
95
280
315
147
207
267
58
156
227
338
300
332
211
206
121
386
106
309
207
120
337
161
240
248
221
312
309
82
191
190
341
86
354
91
142
357
243
224
214
181
168
265
406
290
345
84
180
256
160
197
152
359
324
119
177
140
110
150
255
410
213
189
47
221
166
315
127
409
56
322
358
188
220
197
102
330
61
61
90
250
201
95
381
368
218
178
240
382
77
366
409
348
254
154
65
208
124
271
250
140
240
213
361
89
102
179
280
210
226
134
94
12
225
302
227
243
337
362
142
370
349
303
186
118
67
381
54
317
6
55
255
38
177
372
180
113
189
246
274
270
134
321
265
100
314
245
241
267
32
111
374
266
327
309
328
262
237
223
352
298
253
158
143
316
257
148
245
218
153
125
36
247
310
246
249
34
241
393
200
163
118
197
263
275
256
71
122
33
119
156
120
29
398
172
17
396
166
63
210
300
268
160
215
69
152
290
135
58
173
202
63
168
81
66
382
166
287
344
279
200
274
124
333
45
213
239
39
247
108
182
124
386
150
25
346
326
204
220
312
270
142
215
240
263
195
175
47
108
406
332
193
174
235
264
199
343
386
213
262
274
231
151
328
96
294
308
340
399
245
228
213
344
75
280
179
193
344
302
259
297
238
194
155
349
146
241
213
99
318
67
249
39
248
86
240
210
304
319
295
315
202
288
62
268
286
266
43
292
93
283
257
183
185
263
67
118
407
277
320
346
80
149
269
77
146
296
359
113
282
162
382
312
69
245
262
214
374
204
247
326
225
392
232
215
141
395
59
187
300
84
275
192
221
203
206
29
284
135
142
354
64
285
223
379
134
192
187
248
340
99
166
312
198
103
30
215
161
177
183
295
131
231
201
170
199
177
202
217
249
70
363
177
385
220
113
241
246
127
152
162
145
223
278
277
118
182
185
225
351
239
299
121
294
120
93
404
39
285
307
209
284
235
198
138
309
323
140
349
164
227
100
99
367
272
278
41
307
370
348
164
147
126
264
107
370
255
248
269
376
285
264
116
385
187
250
304
219
47
243
290
84
256
376
26
302
300
320
218
231
173
341
304
235
63
162
372
404
333
166
316
140
186
182
266
279
409
311
179
333
241
356
365
279
146
262
176
227
196
303
261
38
89
278
233
387
246
335
296
105
296
177
239
304
224
264
395
257
108
242
66
114
233
318
335
175
409
273
340
312
73
251
229
270
345
222
193
63
113
156
59
361
152
108
117
259
379
189
219
348
320
305
42
392
290
350
252
237
359
233
330
176
287
46
174
226
201
292
414
228
110
302
162
355
270
79
141
308
332
372
244
280
364
132
293
226
133
246
210
393
95
232
122
30
101
368
176
324
221
193
137
303
295
260
296
143
260
333
197
391
278
383
225
203
342
247
292
260
184
49
353
143
320
322
279
79
216
259
258
34
279
223
200
171
141
198
319
271
242
56
120
79
344
200
279
385
125
336
264
98
195
395
217
406
55
289
172
180
232
5
365
78
154
355
388
188
334
113
88
240
324
316
71
365
356
408
235
81
166
386
199
270
228
258
105
169
361
81
190
230
196
164
51
256
85
195
206
38
319
323
262
214
98
275
308
292
263
249
70
316
136
171
256
277
185
361
219
111
314
258
361
70
289
245
192
220
209
152
150
269
83
224
54
275
104
312
246
223
413
334
355
361
169
254
404
174
102
221
155
212
202
116
298
328
145
315
138
26
272
302
76
116
310
159
291
164
210
301
5
224
209
416
298
204
213
195
160
237
213
321
325
201
278
134
317
291
310
233
255
238
368
165
352
237
64
163
245
36
65
228
276
205
355
203
219
161
214
256
271
183
186
212
38
205
43
198
336
273
104
309
295
203
231
44
387
156
319
154
292
197
276
167
277
230
409
294
51
292
220
186
160
134
73
295
242
223
193
326
308
45
219
193
338
216
190
143
265
87
239
316
290
165
149
133
103
110
246
63
153
27
23
358
153
163
150
109
76
56
210
245
371
87
201
143
138
40
181
206
161
261
141
37
381
229
204
265
314
358
334
58
223
277
203
200
154
329
243
271
303
89
345
222
305
320
103
272
214
108
29
244
150
401
174
135
317
349
219
109
253
177
381
211
375
283
341
361
79
274
83
224
334
272
173
348
290
185
141
353
320
249
181
257
297
278
202
148
153
96
74
184
140
69
146
284
61
128
123
286
270
325
238
251
195
125
265
179
161
184
219
69
365
357
153
405
321
233
203
406
151
418
419
208
208
71
39
334
125
354
86
256
205
370
152
86
182
349
151
86
261
218
335
243
360
140
275
190
213
331
317
281
281
360
305
251
114
199
367
263
203
390
297
202
221
64
109
52
124
81
130
166
198
182
341
196
279
141
223
148
388
151
140
230
332
213
91
345
107
251
281
294
188
304
284
279
408
330
37
366
110
82
280
266
147
193
144
287
165
195
135
283
195
23
277
81
198
134
340
173
112
272
401
227
394
239
71
305
291
220
130
368
113
114
323
177
265
333
126
38
289
239
175
94
219
140
379
349
233
178
120
326
165
404
268
109
275
122
212
154
319
350
252
235
270
216
113
243
188
111
384
331
264
225
281
326
117
162
381
305
311
225
240
104
156
398
131
45
219
68
328
143
148
211
305
85
276
125
247
392
303
154
246
226
238
300
245
379
158
204
309
360
74
37
175
221
295
369
130
115
266
218
322
323
211
331
404
244
195
324
80
31
333
306
321
311
216
238
405
96
60
272
250
408
73
269
315
359
339
406
355
206
267
316
276
81
152
253
39
401
230
271
372
185
