33
34
22
8
1
16
34
18
30
32
15
28
20
23
19
24
23
44
28
8
22
41
3
23
30
33
40
3
18
42
35
22
4
25
38
9
29
25
41
40
16
25
28
28
25
18
19
39
14
6
41
25
40
27
41
17
37
18
28
22
9
30
18
38
9
25
20
34
36
15
10
11
28
28
25
26
41
40
27
28
35
33
24
33
26
35
36
38
22
14
6
41
32
29
13
45
36
27
12
29
21
16
26
10
19
19
21
31
30
32
17
11
30
33
25
21
44
12
21
34
33
29
30
29
30
15
22
40
32
22
33
19
28
26
16
20
7
41
14
28
9
41
34
37
10
7
21
26
36
26
20
27
18
33
36
18
33
39
26
33
34
35
13
12
27
36
4
17
39
20
19
15
9
20
12
42
11
40
23
20
17
41
12
8
31
44
16
23
33
27
12
31
17
22
28
19
16
13
26
19
31
11
28
39
36
39
16
36
11
13
6
7
44
27
9
43
28
13
26
9
27
4
15
22
32
14
8
8
28
41
15
38
23
16
24
23
42
40
28
11
33
17
30
26
20
37
12
39
18
7
28
24
26
15
26
8
32
39
32
23
15
33
19
15
9
22
9
27
26
34
25
28
0
24
41
33
18
40
4
7
22
28
27
17
31
44
41
27
29
39
23
12
35
21
27
25
18
33
34
11
16
12
15
18
29
19
27
22
39
27
41
19
31
22
41
4
42
24
10
14
16
36
21
16
36
40
9
23
21
25
14
22
33
42
40
6
37
3
10
34
27
22
24
36
21
19
45
20
30
15
20
36
12
15
4
9
27
16
26
26
26
38
33
35
41
41
17
32
19
15
28
31
1
26
21
22
18
25
44
11
7
21
26
41
22
12
40
8
42
35
22
29
