5
6
10
5
10
12
5
10
7
0
2
6
15
6
11
9
11
11
8
2
4
4
8
10
10
8
11
5
4
7
13
1
4
4
10
9
14
14
3
3
1
9
2
13
14
2
13
8
6
14
14
6
12
10
7
13
7
10
2
12
10
14
11
8
14
2
5
5
4
10
3
2
11
3
8
6
3
11
3
13
4
11
3
6
10
11
0
15
7
5
0
7
10
4
10
11
14
4
12
9
9
12
8
0
13
6
9
3
4
7
15
10
8
10
9
5
10
14
2
1
0
6
8
10
14
2
14
6
12
14
10
11
8
2
7
11
3
10
4
8
11
10
9
6
13
9
5
10
11
8
13
14
5
2
2
12
4
2
9
6
7
9
6
2
15
5
12
3
1
8
3
13
1
2
9
11
14
10
13
10
14
10
11
6
8
5
7
15
3
4
5
7
12
9
7
8
2
8
13
6
13
11
10
0
10
7
3
7
10
10
5
13
12
12
9
12
10
3
1
6
7
0
12
7
5
3
10
5
8
6
10
3
4
11
6
5
1
8
6
2
5
6
10
11
4
9
8
1
1
14
14
9
8
13
7
8
3
9
3
11
7
13
7
7
5
5
6
4
11
4
2
4
4
6
6
7
3
7
1
10
4
5
15
3
14
10
10
3
9
3
13
3
3
0
9
5
13
13
1
4
3
8
8
9
14
3
12
5
5
3
8
13
5
1
3
8
11
9
13
5
10
1
3
13
10
7
12
6
11
10
13
8
12
6
15
2
7
6
13
10
11
9
12
12
10
7
11
14
10
13
11
11
11
0
5
9
7
6
9
8
2
6
6
3
7
3
5
8
12
1
14
14
13
10
11
9
11
14
1
8
11
2
12
7
6
13
12
15
9
12
4
6
10
13
2
10
10
8
11
7
9
13
7
7
14
13
11
9
14
2
5
8
13
1
3
2
3
13
1
11
13
3
10
10
11
10
8
10
4
5
5
10
2
1
14
11
8
2
5
7
2
1
8
7
9
13
9
0
3
10
4
14
1
2
14
13
9
10
8
5
6
2
4
8
10
6
10
6
4
13
8
13
3
7
11
10
5
11
10
6
11
10
7
1
3
11
2
1
1
10
5
14
3
0
4
10
1
1
10
6
10
14
8
2
9
13
9
13
11
6
5
8
3
2
5
13
4
3
7
8
14
5
6
13
4
12
5
8
8
0
7
9
11
7
9
1
10
4
1
12
2
5
13
14
12
12
2
13
5
2
6
7
3
3
6
10
6
6
14
13
6
8
9
12
14
10
12
6
13
9
1
11
6
13
8
10
12
2
12
10
9
1
14
14
8
12
4
2
10
0
11
5
2
14
10
5
13
10
12
10
2
10
3
13
9
9
8
4
3
4
12
8
6
14
5
9
1
3
8
4
11
8
8
10
1
7
7
8
10
5
11
10
6
1
13
3
11
7
14
2
9
12
13
14
14
2
12
13
7
9
13
4
11
7
9
10
7
1
3
11
2
14
10
12
3
11
10
7
12
4
11
10
10
8
14
10
2
7
11
13
7
9
7
2
13
12
14
12
3
13
9
6
10
9
12
9
7
2
14
9
10
10
8
2
11
1
7
10
7
10
4
13
11
10
2
7
5
13
4
2
10
10
10
1
4
2
4
14
4
11
2
5
2
10
3
11
10
14
11
11
10
12
6
5
14
6
11
10
0
11
10
11
2
9
10
5
9
10
11
13
13
4
10
13
10
11
10
15
14
14
7
12
11
11
7
8
9
5
10
10
7
7
4
11
2
13
2
4
12
8
14
6
7
10
1
3
11
13
5
8
5
8
9
3
4
3
11
10
2
14
12
0
10
9
9
13
2
9
1
1
9
14
8
9
9
2
11
10
6
