28470
3246
71926
74220
56412
14459
61894
66725
84470
5434
33136
9588
9594
21704
35634
38231
16372
14110
71031
3158
36314
25914
39486
3542
27085
21687
26315
1170
50831
49281
36492
49313
8235
6803
44206
1153
28639
594
16220
50203
16625
22521
29696
16234
12661
42119
27760
63177
44560
11802
34725
41341
27223
46016
11313
7472
1274
20915
3546
59958
56366
78775
55212
18720
6575
9002
47351
24147
61708
1853
8344
83748
84925
6047
52795
67389
9846
7169
13868
52434
29408
55278
23527
17417
20409
19925
49281
34998
2596
41589
17831
15415
14036
33192
5717
54453
27867
39087
33736
16814
68505
16682
5927
17621
39540
11600
87625
8863
37809
59570
58633
1144
32492
71935
23834
7637
64105
33081
60706
50620
17353
33858
58777
9778
14161
16095
65236
47535
33591
19848
68126
45422
19201
26940
45648
38893
54972
31987
50485
6903
47701
72399
58678
26932
15623
12950
18726
12937
62897
29912
72619
39236
15492
91819
34954
79817
40227
33199
28127
4120
38763
4053
37058
26010
24978
13407
51710
11673
13640
31936
60316
13343
40699
6453
32708
50582
11539
14001
3955
4782
23777
35688
22464
55392
21091
31280
53303
16421
7188
10362
36285
7276
15461
20982
4143
5510
30620
41967
4986
49447
22499
73938
51782
17645
52332
19027
24012
87798
40910
15282
35178
16073
15982
35753
9176
44019
29526
39235
4075
17405
30591
90210
9340
17722
677
17225
68883
43893
15106
13823
27382
38839
14215
16706
743
65485
25235
26581
17094
65090
4745
22364
3435
81143
20707
9680
31583
59658
34298
62148
36014
212
27851
55344
27244
5933
40111
23954
29258
7782
25854
82399
2109
421
27171
46201
28952
45253
5669
14403
38190
3878
71806
46496
7025
27878
12930
2081
21973
34896
40340
33092
52798
4332
1109
43668
29597
18988
3467
86439
3227
8205
3597
1953
41915
28044
1863
22143
31824
39849
37621
20147
25557
14805
41826
48637
22427
16118
29626
61757
31314
75685
2539
39202
18491
4026
52967
69437
48868
34608
7039
19442
41921
47911
49057
36441
5148
24828
27190
40760
56610
5431
9084
27410
8281
13910
7795
17747
71004
38148
1627
14601
2447
3199
54809
17792
66104
53122
5753
24455
38306
54574
39125
40653
47598
45913
18041
38103
5222
47265
13151
26916
50983
46333
66982
2119
26672
5383
59739
34591
92272
45426
25820
12123
15673
51084
23792
51408
15477
54282
35073
67913
42803
34447
22461
14603
15533
39449
48309
1571
46201
19025
11007
4984
12493
40800
71980
78811
3497
55247
25036
58552
76071
10108
12137
69317
31431
40113
14979
17022
13146
83731
29142
11943
23439
24212
53062
775
77439
51327
6537
29825
49230
4609
3783
38568
58388
50051
1745
33538
29420
9384
15883
43340
52996
29801
34775
38036
22295
67503
688
12323
12329
69761
70152
37210
15144
7207
72146
4781
56667
10357
67934
12725
9273
21291
51361
59968
59808
4138
31430
65686
53043
10525
42094
3101
17479
12697
30772
73032
13931
26658
10052
43412
7757
87677
9375
5521
11418
3482
51115
30880
7559
18935
22001
72891
9098
1102
30756
32985
30009
25132
21035
20930
76202
40255
815
9829
54964
52555
3259
21609
62649
4173
40492
34794
56452
50389
32085
61991
48149
59290
4438
51433
3544
82623
61866
3619
16834
44407
50898
57332
78023
16544
30921
14099
29087
170
26948
10218
11025
22695
36601
70564
3375
67653
13552
887
8522
11401
9094
62650
10180
55376
22845
30127
8634
29222
14156
61394
7040
19632
56180
18276
17210
12212
20947
53066
24582
44580
19916
44949
63520
69037
21656
76784
23455
44371
85522
16615
8787
25769
44267
19318
16242
25569
3225
16319
11876
83332
5761
42972
23099
50320
43702
7442
851
2634
26854
31309
17913
15164
10711
22399
76080
18710
59543
33524
30035
93812
16920
17455
39589
6082
65235
8863
75515
23879
441
30114
7776
36819
15456
8442
11120
2014
68167
6358
17150
45934
29280
9885
48002
10145
60813
21631
9341
7295
681
1154
9679
43115
51165
64526
28101
3658
8046
45888
28617
47120
10439
59505
58771
11102
21810
16205
8276
45616
3286
43012
74430
15258
21217
42006
12352
23637
19726
1257
26314
22998
25033
29503
39521
14957
60422
14348
57560
14411
33214
54744
59726
47173
12879
53957
25295
897
4516
7558
61603
14474
20206
12478
1231
75565
87618
9209
62293
21905
963
15097
15050
50612
22227
67716
38011
31268
5825
28551
2039
71037
11773
41660
15327
52977
42630
16409
31518
26734
77574
18908
19617
19590
5434
11924
48089
24822
50464
53112
65261
271
3269
26690
42445
4587
4024
59947
7988
33805
31035
40949
8493
24624
38049
31477
68808
11285
5867
873
24612
1507
2070
57041
32435
39329
17027
65073
68850
87670
85550
19961
32388
949
74721
31577
54623
18003
54481
55046
32523
35680
12632
42119
18054
3648
86054
14430
24095
40312
8691
51036
51738
30560
70529
840
18455
23251
15854
42568
5901
73281
42862
19037
17049
62886
39243
73123
41199
16496
6791
9680
78158
42089
37847
32760
12300
4507
37345
7786
35694
24979
77006
21320
57325
48359
60569
41523
43904
17068
25391
25372
18604
43159
10213
4949
39020
22591
35756
38883
39397
54582
14975
69572
69803
5515
61600
32105
23384
69356
22076
5758
29105
10764
65322
6689
6362
53949
36020
6322
34678
78975
73330
71610
75050
12096
31113
7427
1198
38601
48193
25786
20410
1040
11938
54989
24996
60603
23501
13764
16959
18898
10036
22537
41870
21568
51824
60163
12119
49820
46651
57733
59707
18959
15577
16149
12315
25904
57330
11876
2715
28307
24113
21010
53594
42493
2321
48103
47400
14185
25650
27887
9848
9903
2029
8105
44642
86534
15566
92575
31251
64934
45278
20406
30983
86344
19447
46146
2653
45675
44803
18209
33221
43467
55085
74090
39424
11874
54769
545
62366
33895
21189
905
32776
46555
2687
44362
2981
9632
69523
92032
77379
58941
27889
48700
20587
23268
59343
2615
38645
68637
45382
32730
18543
19440
14017
24483
33065
42974
17072
62617
62387
5133
39115
16499
19598
10378
58445
78456
3928
11256
32370
1409
8569
78453
64220
27398
69256
46222
77164
10802
27135
34945
2992
89102
6344
3814
36170
32420
65278
12794
19836
31073
29054
6757
2347
89724
45881
30810
94151
26279
73704
45503
15169
39592
32544
30538
66620
17251
16846
43047
43783
9497
5727
5148
31238
24312
9549
20408
48106
16359
14393
77108
22226
12748
3516
7883
4006
20489
14469
13499
176
52876
20457
18136
14925
12352
80939
48829
58254
27936
43865
50272
74825
34574
54393
69465
7038
86965
25661
15092
16623
69823
74740
29530
46108
33165
5682
24482
14843
63625
51971
14374
3373
4186
326
65078
514
73949
93943
50131
37593
52883
33667
44290
41214
48318
573
4202
45151
10882
23223
22504
22698
14278
16276
16972
31935
6255
82260
21125
25125
57745
26311
31276
8083
22019
80661
39666
91618
38143
7472
32218
35792
62840
27042
74710
31506
5670
20375
19884
1979
27131
51227
36357
41766
16377
35144
30758
287
2085
42517
5249
7431
21183
37572
2239
67596
19136
1950
44556
12619
15208
12941
54833
17300
30700
28147
56247
13316
17635
77734
60365
73015
16968
65557
18111
33315
18366
73725
44929
78455
54272
80147
39595
77353
57842
12764
68911
40086
19608
29652
13512
58627
37992
37279
22420
6525
18710
48235
15436
53889
55282
41533
37564
19210
26468
21107
3713
69710
6414
49284
6496
2869
54008
4655
73813
44928
3109
9838
10050
12994
54738
12256
53874
11045
16716
60085
19947
88138
67820
27718
29338
4596
6861
40573
32391
23587
39282
17779
8682
33156
44359
63397
19496
75478
37386
9729
11800
32644
51343
35333
69638
44993
46505
40246
40827
33986
40584
55668
11989
28263
39028
24787
35454
35755
33191
53797
22761
39841
37356
27219
80586
16030
47789
30913
21969
9367
28453
78917
34508
50088
32865
60024
2061
37452
77945
19735
7585
12028
19739
8480
28033
29914
31657
3399
28324
1342
13888
52561
30581
40842
33854
7462
16743
23390
979
2832
27804
66008
34418
32459
37107
2222
14212
7243
29576
8288
35266
16949
10005
56073
17467
5613
28652
50553
31981
10781
504
15494
44205
18010
8921
4532
2984
11050
6331
85409
36625
16389
7599
36579
25853
10037
79908
54918
60432
4293
21930
31665
8520
45399
12662
2261
10649
22608
45134
78148
15599
39536
10773
53852
5786
8734
27006
20412
3882
41828
50878
27671
61665
45565
2641
10060
2214
70407
67484
31764
32493
17222
5507
30707
79280
7208
40874
21160
37021
6614
27232
44551
1684
69659
17246
45475
4060
30129
7593
36524
20670
73439
8242
2705
14875
13299
5971
57936
20607
4557
63016
2185
7008
74472
7462
53890
20525
66012
15838
25380
53071
17249
20979
43143
2979
9549
3385
27329
70983
46628
60982
31655
62955
1673
63667
21499
23393
25095
64159
81049
16772
24141
9209
25610
4824
34444
66704
22068
26055
18218
21038
36742
10773
18660
19594
31091
16670
37261
43113
9791
17664
24
39160
27604
25578
64729
45181
70367
78869
15103
23974
35266
30985
65383
58266
46369
39146
16024
28485
13039
16987
45494
46375
39172
21080
65577
64433
32839
39162
7439
92963
68647
64800
5982
30325
69608
34469
1105
24248
66776
21259
2934
90333
45184
11354
31514
31018
23283
4007
34027
228
8972
40115
39706
13083
9883
9934
30678
86920
54095
77828
55756
46515
60383
40687
36962
37456
18095
4682
22115
44534
39448
22605
3438
2508
20358
19258
50640
9594
2055
71439
32959
31776
68315
23109
2617
48369
62333
43096
27040
28014
47291
14836
16020
71331
58547
57603
29988
18641
6535
11802
18936
8218
61073
40037
18399
87446
38050
54749
8080
9540
26043
7170
57288
38106
45705
4740
11043
34941
64732
36141
71150
9162
79508
57296
32043
87307
27419
26896
67655
9792
23084
4524
8503
30620
35028
96190
9907
9793
38668
65076
15410
23854
49385
38293
46302
42500
23049
32563
3208
24067
42393
3312
43509
52978
28630
15985
38727
2962
44
84063
14741
47957
89039
34025
12241
29600
50697
82234
32403
33468
29097
2552
92149
58257
7737
79583
35742
18932
46751
43257
16003
37490
13165
49138
536
25644
13702
31331
13214
1506
66700
13068
28307
65399
18892
12381
76691
2528
36563
15951
64159
23311
15435
30571
32215
67345
7594
20214
62149
44608
62809
14088
60096
16293
2409
48252
31588
54284
8091
47366
74558
34371
17148
16115
80538
1106
18999
337
9026
54440
18604
13262
31454
27204
17997
35643
83956
20298
17863
24449
1707
45452
7800
48932
92711
36617
57540
84356
20336
50849
18473
65406
41217
14854
18550
9779
87022
18408
6479
32863
8246
20139
20776
17238
74843
11081
521
50709
14661
45733
16411
41242
3030
64165
46847
80897
49709
19624
26462
56173
25412
55662
51323
6657
6094
49041
52228
14077
34910
4085
15515
51290
44670
11502
44317
35551
10039
13691
70964
30831
3237
30479
23145
25935
17635
52612
12932
19944
41732
67809
935
13074
46007
42448
1441
34919
26264
30933
36569
62166
65665
7478
17009
5860
6818
17633
10283
15184
21571
7558
46972
79484
76698
2597
56179
13822
15720
16354
8736
53388
22294
41191
72244
22679
8196
56995
34899
61940
27026
13038
26353
44126
22417
11467
26962
29708
78161
62858
28456
6681
19107
24608
11816
32687
16686
8789
6845
9297
39630
5386
63396
29674
21970
37348
54288
50193
30330
85232
1610
6507
18756
13412
53490
5867
24291
32113
40991
41193
31295
1991
36161
22008
53220
46044
18637
1690
44246
44908
15933
6230
86787
26519
11558
20321
8268
48055
4214
46467
44213
35995
92694
37841
23870
61843
23860
33403
3964
16836
47143
44301
12907
10496
5365
55216
6012
16234
49400
64395
60106
22970
31713
13398
5804
27074
3051
79119
3560
49814
23192
23546
24562
23059
15151
1599
34272
41334
54306
57619
85735
28628
9141
38558
14064
39666
51041
20275
24919
2530
68597
13637
35716
37104
4794
7009
52170
7194
14751
13247
2938
24286
77608
13583
10871
31138
16214
36572
67907
2087
14102
63259
44402
7898
50040
8006
28195
57410
31563
3182
47307
7093
38700
64581
46098
10726
18670
49264
67325
8842
45269
38421
14535
34575
19730
18192
1427
17520
3299
59628
26251
39560
16284
28837
41995
11651
44106
39733
55980
27887
30442
25555
16211
16385
5441
46831
41524
17459
12154
82843
16972
918
39973
61816
2583
1691
18747
11736
30520
14516
62565
30549
36207
58167
15771
4776
13144
8477
48822
6714
71543
90017
16240
55291
39022
6928
12666
25672
65564
17914
98662
357
913
61760
5696
75678
54893
5639
42433
55515
26443
2737
61745
33058
7971
45747
38345
74932
5223
37382
13380
22176
643
51159
70866
2518
32747
2785
44549
57537
18769
44415
88085
13136
89532
86350
59173
42944
8236
36042
24189
84360
12884
30229
190
12505
61829
61729
6043
18965
5228
33795
1695
63365
9531
28216
30074
12957
19867
24105
8855
1254
67259
13043
4034
77000
47257
62406
44175
22166
26271
52031
28836
42328
13557
27310
50417
41282
11745
60846
29662
58286
16161
59294
20863
18311
2453
58851
56010
590
6840
2442
36098
3230
49343
34504
11786
55893
29718
34806
26484
34174
57289
786
44592
35727
81223
86790
69218
12530
27301
93851
9986
28897
65004
58881
959
384
24816
24584
68059
32109
34980
37045
322
72010
51416
12786
56042
44123
39939
38331
13665
31420
3930
3424
59981
45390
44452
48536
15614
5471
5617
89311
1111
28515
3618
3948
36325
77622
8336
40761
28784
47972
54383
35753
79528
15464
17516
40194
14459
12805
21471
43738
91413
31788
31052
19146
30237
42802
2238
22598
44305
54975
62700
38068
14003
23128
1488
47522
29222
40924
29469
2788
21078
24262
49046
22381
19221
43412
91987
11038
29722
16594
42735
10931
22081
14288
19270
11358
55636
34898
73878
40490
45988
2998
22662
298
43679
3415
36456
6229
45942
14259
46931
12590
11179
23279
79259
18033
63451
92821
4205
57267
10753
667
59266
15950
23777
47761
50446
37883
21018
7928
2058
57366
25403
48001
2528
71315
2887
53920
64498
69536
14265
35446
20831
1777
55666
1312
81670
25028
89000
19029
4903
13377
38073
46455
3879
29142
32384
614
2046
64408
75112
39137
62845
5443
26136
16473
10513
60718
77737
47852
21797
24687
45329
9643
25681
61624
18035
10219
72522
65377
70488
18540
89140
6022
60981
55520
22031
42037
29024
39657
32626
59881
20783
10834
20790
42609
38372
10540
30055
36806
40843
17100
79188
31211
14798
11937
5990
44746
43241
8094
29122
12354
66322
20483
8169
32266
1393
52
20634
9954
15294
10905
22009
19617
39715
10006
826
841
37272
36962
3440
22675
29727
28423
8595
21815
50072
16487
33155
31879
73277
14856
7777
28664
24493
61812
21255
61919
11906
36825
19714
39967
79785
38236
47769
31696
42684
38679
43232
10282
39603
1965
41938
9035
25728
13552
52498
46057
31816
18137
18612
26625
29229
25971
50042
75873
12378
5827
32281
93575
73374
25612
8487
31067
28430
27542
35122
30958
41344
17686
51763
38364
27196
17628
27280
26790
51769
41447
13865
40765
23640
4903
11862
53842
10844
52209
46334
50017
10595
69538
6052
7315
31389
46859
52899
23385
30174
3428
8858
67461
30511
24551
23653
53736
44259
40716
23530
57959
34609
6600
49066
30948
39503
67525
43487
82773
5162
43601
19053
43110
27293
8040
73082
18796
70392
50262
14604
3956
36985
14898
18115
3528
32576
33211
28487
75432
28718
9684
34132
51360
15028
43579
49487
11859
11032
76530
83186
84167
16510
15823
34127
1271
66134
23591
58731
57447
49097
80449
4958
48127
27734
23899
1920
18711
19279
8696
19724
49870
30596
12520
45755
46000
70506
18830
14699
62539
24026
45683
14479
35907
7776
63046
4512
17859
5887
1608
10184
35968
7774
8445
57006
34962
48957
59001
8544
85458
23229
30190
14360
35011
1803
25756
47497
29699
4361
20933
1903
85967
22191
42335
19901
26212
25866
3462
9740
83323
29462
32285
44581
30383
79669
24918
45946
64372
1153
20663
33449
43102
43585
87131
46714
27014
23292
29216
1994
64537
39333
16224
61287
67107
72457
28768
35185
4004
948
60189
36362
65587
54651
62169
6189
19588
61899
1886
36165
45215
79110
14
36253
39542
11673
57709
42566
24101
7528
38447
54569
24251
7484
75760
40338
9893
10117
1595
13691
63715
33619
43954
36675
58616
21383
60728
50963
19693
34047
33929
36139
39496
22816
21636
5330
42540
18206
22465
54009
60515
17630
13540
37599
16818
10827
6203
9043
24954
38247
50952
58168
9967
74576
23498
61380
25249
22908
22212
11727
21467
19876
90318
3418
27485
8806
25045
10077
39873
64379
66092
603
22758
1691
23425
7124
27988
23686
73564
63379
31591
22142
10175
18809
49324
383
22731
5970
1285
58192
45603
69184
12403
1012
24384
65768
35417
34767
10116
13522
6899
32107
45416
17998
29704
14813
20350
20639
45413
6558
20221
20855
43967
10258
81429
825
23038
33553
14008
5160
7854
5777
5908
234
36307
33991
38505
968
16862
40922
2511
16120
1949
821
59957
70993
6814
11594
7812
6298
13505
74558
12190
49628
85117
85210
14211
65259
26040
68133
18799
25553
51282
29364
6032
4345
3837
43837
50568
27268
34277
28496
3158
68083
12045
48263
31898
15431
33958
1585
13677
387
85642
34423
30604
11110
49639
73946
3672
32695
63053
19941
45751
69945
47110
65897
66495
19223
9193
39001
59627
48427
81928
16495
41179
348
21733
53479
13579
48009
1475
35517
35483
72091
64736
83352
40541
4289
35570
12661
20894
60672
17436
8351
10990
14024
28488
5604
60702
11148
46331
58938
12497
8906
17296
19480
15475
31647
8937
36033
28487
73013
38334
17681
45821
67499
379
18393
48031
3826
97319
97401
15065
11861
41583
33749
4597
15370
80502
54117
24937
34668
45003
7922
3214
1367
29816
50068
46776
32753
48980
17519
6477
17612
6094
41821
7469
13244
581
5843
28690
9262
46722
18195
3693
36001
50478
511
6254
46893
73697
44756
44563
59801
16875
46296
24404
28686
20256
15600
86247
37813
30099
29676
12570
9949
22775
21369
25238
8620
4202
4102
21062
34702
24065
36413
23160
5965
22940
498
15623
56830
2617
30701
49997
23031
27610
6932
36990
38703
69995
49987
5172
64188
41704
10861
69479
23519
57231
2730
560
80155
69926
3518
25819
23455
28370
52991
12810
14447
45565
2179
13424
39682
32388
7211
25267
4225
90478
1380
89274
4878
13454
1596
23606
42248
14278
56124
15967
87121
3150
24807
3424
64998
44444
23646
14245
4893
20331
6229
80375
30777
27519
4671
64754
7384
28671
72688
27150
41882
26252
67171
11727
10530
23416
65653
319
38175
44362
905
21732
5516
63639
67231
827
22351
3216
10847
30562
45000
22688
25353
27153
13687
71410
54583
14018
26142
40376
41295
4264
27121
52658
12911
2522
38120
15348
50125
28764
29063
18616
11083
69486
88650
27964
40279
25721
24158
40513
51347
59200
36162
26783
43433
10829
16363
92726
50434
12483
6583
18937
43757
1861
34440
23609
2684
17004
8900
10496
20294
36010
64191
837
15717
69199
23522
62369
69302
49864
10976
35347
24747
70442
49625
23167
2309
25774
42547
12105
64927
14977
5816
28552
62653
13432
25154
68637
34133
9274
54868
6694
4990
11516
5635
2454
56754
13249
8621
7734
64987
61232
49063
810
26996
94586
2630
52043
14818
75189
23023
78154
11811
37571
67483
1522
10913
9762
30363
22699
82632
27909
51125
17115
2848
19339
39621
49374
13148
18714
4000
31880
46136
332
13845
7757
43538
2561
31180
29940
3955
86979
55070
14017
21485
14519
24503
30024
25213
38677
1504
54235
40998
75560
60577
77994
13538
37823
7605
34155
54281
84592
40409
22522
276
31277
45674
78165
15835
10421
9489
90025
1560
55465
55649
30714
23726
35356
48073
38437
9843
20804
57842
50405
4943
56514
30960
46244
35527
54345
37416
2390
41611
20100
6551
62036
55797
29266
64884
5579
3746
8926
10735
12338
6305
61630
23243
38715
10188
42233
55590
61176
60092
5839
64327
2147
19590
15494
47818
63088
14903
8815
6099
39984
14418
22662
18775
19582
76591
42109
90047
13987
47198
50999
60364
6346
29329
52384
9523
16460
32629
26111
62453
2281
7844
49980
82864
52508
42600
56260
12698
80514
27980
41180
7549
48381
24845
32923
4054
28211
5631
41861
87744
30493
47212
34361
45012
62695
22364
80572
54758
78076
13543
19996
50850
132
12141
12048
18715
42852
2141
27237
32150
24222
21614
10109
26811
74854
56869
30096
29012
2239
46316
60159
23877
51274
46191
24095
56061
50726
5774
15121
468
8339
39392
31682
26192
16161
30031
14262
51525
50595
36864
1940
18303
1113
81204
24041
3397
9661
73312
21675
72800
54921
46172
19070
7597
50134
6676
5876
3773
31701
451
21106
14427
42111
30544
53204
84704
13810
25228
8073
17063
39510
14847
9526
19612
2694
72412
23226
21151
28717
38424
83856
9059
30114
39661
41235
56971
1966
35048
26982
18455
944
17062
6083
28952
19672
29331
48384
5793
5236
35577
8786
52719
73438
32234
34518
12606
35520
80236
19658
16131
60391
31791
31271
12894
5211
5243
28290
5483
29914
87271
30198
24138
44981
10630
15590
1187
63795
48382
45553
72222
46300
32554
27170
31588
4218
37325
5576
2174
21526
13756
11313
23224
15719
12767
73322
14624
50477
5793
64684
50116
26227
15575
75072
25210
15282
33941
47376
1415
14567
32922
53362
20070
2527
6942
50164
60917
3506
37648
32791
76880
11250
58467
502
18051
59841
50271
34111
11736
22203
26399
3028
34258
36088
7341
18467
35093
70091
26949
75276
11861
17005
35754
31900
22199
52273
84762
25169
11783
48294
32545
9401
46213
56213
41795
34202
24001
62013
35084
66111
7106
32578
41284
31819
70919
92401
43807
29071
63542
19663
60048
74421
790
43728
8023
9343
53804
2362
45394
93840
14830
34662
56185
37706
45512
57779
11723
16328
9669
6306
20448
39779
65969
45377
1151
11355
47651
62854
70831
15893
59334
36165
3708
12041
27172
26008
42204
70987
93393
55498
35043
24934
61407
68839
44759
54568
78795
31219
15791
51121
4760
76560
25167
10465
23522
2876
817
35757
42032
28070
20417
24470
8397
17540
86767
1073
30350
7128
7851
37386
8496
40449
420
58587
4931
17914
36390
61363
19547
1509
60637
35394
42942
21344
8072
77576
61867
61946
52642
90736
36797
24181
32426
34723
15750
42184
12147
18659
34667
39992
49910
29672
32046
2972
325
84776
10889
71853
23452
62159
3766
83424
52533
14507
38527
3954
6373
23943
35779
19147
6632
20984
76200
45353
35251
81090
2281
30989
30376
23323
48553
32256
3097
40268
58388
55712
34329
72485
24361
5529
32763
47899
18905
27719
62124
10107
67555
65319
16135
24610
4565
68604
18892
20070
66133
26684
12118
4710
28858
57821
17288
176
44628
60828
9468
27904
18358
62574
28281
19822
40786
53559
38678
33927
39141
51070
19969
54747
38448
48358
15693
86124
92887
9677
42343
17040
42070
63638
33800
19810
13540
15820
13331
14436
48920
11501
42393
2674
75006
19136
27581
17297
21208
9230
4706
12952
54242
8820
5708
62713
38764
54337
19172
41883
1143
67539
5957
4573
41122
22036
87123
3759
9790
27459
36837
33782
4486
3988
70726
13533
12394
3619
25502
46881
15693
45446
39621
87811
47739
46023
45564
31752
12012
80286
13885
8466
10738
14924
68326
18414
3639
1391
27517
3518
3717
24259
33071
17421
46783
23983
45730
63945
59919
50961
5128
32562
52166
27845
45667
45590
5970
93123
53984
34605
3134
5545
52132
14834
22448
37734
79525
31932
11659
27085
63936
21874
37578
40063
49614
41144
8789
59918
5931
749
26973
65815
57924
39495
1557
12169
2123
15493
8684
6149
56483
22442
21423
15082
18556
26289
29309
16935
42609
4523
44209
22750
14836
25232
50407
24934
25003
44816
18086
23971
3314
58242
84383
35600
28029
17915
57249
54907
37226
43403
43874
26928
9188
71877
29455
74805
59768
44727
33762
40522
46777
34532
41353
50817
24745
2097
28114
80844
23973
13933
38114
3432
32914
5800
3964
36890
45037
32852
56961
7099
20540
73082
33075
35658
42765
11876
32381
53508
13411
24816
9486
53257
79799
20020
61754
18731
1357
19215
40287
51831
37295
4671
36199
5422
32435
74349
8943
32663
7774
13599
6980
93355
31786
22823
50909
24503
30963
33917
60172
52187
91445
56911
54236
16885
44207
10614
18502
3629
55021
63677
71399
2292
7879
33811
39552
70382
30517
19226
45181
57529
39272
16902
39081
56396
5411
56946
82527
20652
77484
7473
38625
60862
82052
47514
19660
33185
3540
36184
73943
39283
65697
17061
14309
16590
27390
27372
11212
32677
39651
48072
25387
26786
932
12674
76219
35390
12188
32677
43800
6124
9146
1745
23080
50619
28699
46605
25064
6852
11293
62378
35327
27312
46382
6649
6517
23499
2259
50863
48012
26526
27813
37088
42720
4271
72421
35329
29566
54702
25004
33947
59543
37446
35682
13078
2204
28011
49067
29713
3215
77046
52637
38087
54042
45503
25821
11065
47376
16564
26721
43616
10730
14195
17782
35391
18242
10815
7972
3091
45637
43532
5878
40174
14841
33319
55440
21957
42023
63194
20280
50401
26354
57311
62609
16131
14699
8025
58116
7042
46375
21370
7679
26910
6711
54725
54113
2496
68686
80928
6913
40433
32714
14986
10707
23119
8878
17833
6026
41904
7542
68241
67926
30386
30166
8573
8024
18903
43143
68370
15407
18146
41136
27142
18761
66723
78605
35096
30745
38277
45178
2652
36064
10211
35900
27356
48
60909
18719
28772
56951
651
38921
63958
10680
10570
41534
11689
33989
17834
14681
34828
28021
75298
4010
7385
11001
69540
28067
44326
5774
27157
9951
25417
92355
13925
55577
16543
55355
198
64772
39331
20099
61956
48272
82100
9626
755
91585
85593
5670
40680
58939
9640
55384
12457
61129
8803
6489
13507
11875
14963
37997
6479
33433
17762
33639
45392
23085
45099
18709
12017
32288
84255
29434
6448
36796
6854
3850
5441
49650
80626
134
1120
28851
36416
22327
42878
25710
90359
96065
7301
87546
29588
55445
19229
77411
30484
45560
15299
58425
32907
25708
3367
71263
34459
19411
42306
42191
40146
28189
8151
15696
20122
74400
6152
7781
72938
30143
18712
74596
4283
13304
13555
64324
1750
17669
41458
2144
62602
15327
37073
50856
8017
2615
5501
7365
46826
83076
54091
55309
52600
59373
38117
14017
45609
34794
42655
37446
650
15116
43408
22963
49888
50087
72531
31521
69951
33858
30139
71330
26787
25764
53309
11010
46394
21227
24126
42667
10370
23439
36451
6537
2070
36320
42845
30808
5356
35230
24535
7423
8486
23545
35874
21487
3881
6111
14834
30683
2784
25049
509
12816
23032
54390
69765
21280
62412
15811
18814
4212
56385
61799
62510
49265
49824
3779
30575
46688
88568
79576
3875
24364
28960
5068
341
26500
9764
25296
64806
19737
20383
70026
6074
3622
25813
38962
1291
49179
74599
56214
3174
40824
23536
41649
77898
14000
57768
19700
69892
5383
22639
17255
27370
50041
30814
3591
34767
48967
26850
27429
6554
77303
56978
62833
4574
19603
10510
44730
58910
785
54288
2212
57129
88497
25929
17346
4784
81007
23500
4666
334
34038
26614
54912
26239
5137
29598
45985
3169
7276
19476
20029
87889
14964
17983
17954
45
22785
48493
31959
58131
17493
21456
43887
13258
30640
60956
22844
87314
47494
30734
90360
65059
32308
64401
39584
10619
21423
8903
27446
18580
23022
27987
35547
6039
64293
1996
19724
58780
52669
25076
29120
37878
85573
22426
11778
10864
17060
5482
18082
30608
41140
32326
28151
44917
27130
1880
43874
65242
33261
2763
5853
59625
48946
26992
24520
41713
7144
21925
12148
39761
34090
28319
67970
24995
41796
31797
91768
18664
61685
36378
9673
18149
32693
2654
35410
38614
9203
17079
45056
8748
67130
19302
7702
11664
66003
30409
23227
26691
10021
54450
1465
56914
42907
71078
24385
11349
34329
7921
5343
6485
33885
10768
21538
7855
12218
18146
22447
18054
10014
27322
9226
64277
42075
70543
38536
50672
43562
10472
70468
11277
35017
3832
20826
29237
32467
2921
28553
244
39809
9319
4345
55391
7138
32371
36239
54580
38423
2313
24004
24522
22890
71738
53619
42053
87342
20050
23879
50155
22461
44279
3197
1568
3848
26279
26547
5414
37529
66535
19650
51338
6815
54273
8026
16106
25997
27478
6406
45658
13855
11635
14649
6926
50647
47870
7427
57917
31768
23878
22535
29828
26805
20670
16057
19853
41616
2292
48700
838
58039
8141
23259
11003
90157
45147
9969
540
45519
53162
28809
14102
29160
27021
52478
3600
80194
16877
22666
61053
44015
60858
21117
4921
33649
35491
15260
35821
67137
53796
3470
33135
6514
4256
84472
19576
29421
5866
5408
41276
50887
37335
63514
34490
50475
42345
38446
41072
11850
50160
14645
45280
2450
31010
79145
44227
17116
14125
1816
50764
52241
15597
13090
60129
6685
16302
9900
8828
18071
76829
21072
21330
54083
54877
36898
70426
85056
39632
8542
51876
3763
17002
82563
27755
5508
44439
2700
24735
19691
24533
95378
40479
1745
50881
25985
12031
27422
31783
90526
14993
212
83645
46266
20054
50799
11315
2157
10617
31219
26955
67554
48392
66679
19064
45341
15680
47336
90358
89663
30627
48173
46736
80229
37345
59498
79216
24905
19520
13648
29761
20964
9521
83313
55611
49784
19472
8916
40296
31167
16756
27517
21111
31982
10962
4450
64452
62220
51168
9835
60409
59179
11254
39601
37527
82648
87283
42663
24726
21788
49756
3591
20446
41349
8973
40345
44058
37495
40423
28224
16291
45052
53448
31299
11265
25902
6449
21340
62383
1274
48180
8009
12506
3759
40224
39626
31620
61318
3206
78113
28610
22854
34644
76795
40527
1621
10264
58083
4764
12761
46506
63071
31573
53941
44140
14275
13367
39662
14404
6516
22714
42801
3763
862
1295
75283
37170
54722
66106
43639
17614
28982
34966
25208
46212
66899
615
19224
44319
69405
39976
17738
18459
53006
30536
49347
19997
36719
21965
16931
7720
14118
32666
49254
19593
18824
51473
5601
12282
76552
12714
73809
1552
37923
15942
55687
13331
20847
20876
3895
58929
15585
19361
14845
48847
25284
27206
18522
49914
15364
15032
51419
55159
39765
14261
7364
9908
58361
18850
2091
23723
48483
7125
7853
43836
14070
73390
20050
48359
28383
3977
24925
80739
88414
6627
34680
64873
21321
4780
29623
14535
43413
83661
29355
310
27417
20715
24053
11992
16659
37587
42628
2032
88521
51369
40312
45774
169
5033
95038
10582
16480
11323
66074
30196
22139
17453
44755
33278
15405
34010
72034
33519
65987
7104
26719
27789
40021
66099
55986
12534
3345
14674
13512
13350
68425
51939
23497
88435
45409
82608
13789
12801
9060
4081
40018
34743
38090
45765
37876
16739
41637
8306
71150
43483
20761
82356
63135
9552
30167
45768
1452
23097
53686
11205
22626
15471
59307
6600
32595
54962
71499
73106
50028
23251
6259
71882
60196
32150
2304
2175
2426
41920
6643
47421
17548
1060
767
37467
52325
7601
66600
66047
41285
21489
59533
35722
17539
17173
28128
42199
50870
41137
57005
26076
26056
32516
41286
25103
9001
72857
24713
91314
85098
21847
34860
28463
20569
34406
15509
72343
28064
43651
44881
82647
47667
26548
3881
62239
44696
54932
83651
9311
14413
76961
27187
37581
10129
53489
42585
21341
16097
34922
39177
35148
17932
68173
30080
25276
589
56937
9981
5988
39636
15490
8047
35073
27233
83564
46207
15956
299
68352
1833
7917
30509
5627
79358
10034
14496
60835
33428
53832
4747
68271
11557
8040
55056
94883
40714
9934
3422
19890
36893
49483
11175
15149
70291
43660
19005
10179
53089
1953
67090
24309
1961
51202
13756
11901
43077
758
26693
82253
84277
27726
40671
12851
2634
17830
64849
52641
53834
15478
49957
790
16160
6941
17002
51507
37978
57369
26743
486
13130
2271
56827
6165
25258
12909
12311
15063
52305
34630
74369
22207
26957
21091
57882
56905
27291
13054
58902
14831
13427
25431
20452
40434
47143
50385
4984
10217
6106
59488
20411
38069
14006
9859
52315
31301
64799
35450
80724
19736
76199
29049
53656
38040
71531
105
60579
44384
16830
71204
68731
2567
27245
9203
10415
44510
45135
72570
23455
27755
67674
75757
30727
21481
82303
4803
58686
10754
16970
39558
1347
35341
59184
31716
32404
28716
2540
46478
42076
45924
8182
63180
11251
12548
32853
67410
55242
62819
17863
14815
52635
30222
19914
8032
26161
37122
46313
51414
101
10009
12543
57657
11582
42690
4732
59684
90485
63413
11995
77386
14819
21140
95872
43251
40320
12276
7059
3096
24891
26072
38088
57839
50487
42818
22102
30573
57167
57659
36479
79163
3953
7820
24534
26837
1879
55575
5871
10658
30481
76137
5242
22932
30273
47340
77860
41734
15236
42418
12044
30582
79757
24760
5238
44269
55745
13724
23720
56228
43226
5253
26218
72161
4702
909
13516
42538
15696
78862
50488
1843
80106
28131
37347
42983
9991
93005
42677
58628
6943
84440
14937
59072
24939
48129
71640
12914
3677
35334
42111
11721
38941
61338
15164
15494
13282
33524
38088
63700
31930
29211
39342
59402
76956
18583
7306
13611
29950
58991
73618
37944
40870
34555
78679
33646
1745
302
82991
36311
36676
14851
41717
69831
68833
9704
55510
7242
62045
61315
3813
30709
39668
38333
10607
629
87971
13502
58355
11389
94204
32791
61021
1851
51790
63593
46798
24399
29534
8831
23651
50688
26657
29943
24794
56158
43185
34707
5152
51719
34656
11118
27871
95897
14866
80
23883
36361
5245
27323
19521
3150
19284
64655
63938
835
21627
7107
24558
2527
41652
36611
12229
53674
35563
86788
1132
7832
44932
34151
18524
23860
26999
37974
39008
64591
60812
5852
22737
65213
31316
7959
40250
6662
14976
11987
15057
31653
8849
3435
61811
7211
26325
20605
15456
1332
7540
37518
59893
4195
85039
83526
20109
80725
25503
21671
21257
30534
1613
40681
25375
42377
54193
19082
33263
25579
22644
26155
15013
1112
20183
30546
44489
38780
9292
17715
8369
53526
1944
9927
3152
93387
68457
1776
43011
47862
59250
62426
43614
21687
7538
50554
56080
35327
11181
18500
9261
29628
32278
939
23025
54243
57989
37436
18818
29697
78471
62751
30826
15407
48391
11580
59875
741
9175
18506
43732
52118
11700
5461
41530
8374
31872
22447
5641
71261
1103
14842
20141
35358
28606
9469
1490
2081
81256
3841
17553
43385
63630
11016
4147
62090
64897
34023
6817
7104
47044
35905
40365
27458
1039
28090
29084
1266
15481
13430
79560
59753
34313
8435
28808
14055
68152
20920
15953
48165
3330
28349
11957
29343
22620
19136
19962
78365
91199
64176
27610
17737
37100
63120
39323
3350
40228
14905
77408
763
33508
80841
67212
5821
39178
1370
83484
29463
37747
65023
3925
20784
31089
46248
110
17532
37080
15193
57716
37190
55223
15173
4489
51778
38113
56691
34679
52072
4968
53935
1672
8127
1501
22970
35550
7871
42570
59483
72794
39223
15963
70369
49069
84182
7415
73889
2174
47765
2471
2529
46689
1653
78365
63790
4599
63977
4963
86955
58539
7686
47235
55666
23009
68891
87921
7699
48800
27939
53525
21068
56782
7343
44781
64310
22461
55066
37999
60203
29219
32479
68888
15203
18132
27147
66104
12411
21009
58450
69724
82539
30329
16235
13628
9053
29690
9581
47650
67560
56102
36243
41998
7810
16777
32746
34043
35971
84051
40161
8917
16183
23896
1744
49351
71043
78387
462
16475
68279
3174
2406
82883
30420
28420
59831
4924
1212
25229
74659
9460
17991
35773
47790
62247
63612
24415
39026
21792
783
33095
36207
4199
32301
1454
52939
63511
7232
54544
52966
20524
78203
27463
4196
3111
24218
1925
64823
11893
39671
66767
4899
59882
26364
2067
41434
37807
68431
4196
35289
70241
18323
44509
60737
48922
35324
4482
78666
52301
9036
5612
31200
23436
74
59080
27955
35388
16839
19152
47255
26571
4398
38789
32059
38913
75573
5231
60576
49607
32953
2931
30540
53348
28517
21149
77298
31174
59764
7024
63940
58385
7380
33099
13822
45247
54404
6591
660
11317
10944
4042
40509
44702
8208
8130
25898
35012
15786
85861
72220
17541
952
9211
66758
3802
26625
7978
45167
22648
79348
87318
38551
48987
48733
8435
72636
39599
7627
16111
30296
43444
23309
79224
16274
17930
47945
52096
36978
53194
4309
54581
50230
17468
25513
29467
58802
17226
37393
79093
86661
64357
39369
35422
69077
21855
91989
14233
17151
17617
21971
34681
18458
25133
21213
61879
33205
40568
19708
32897
56999
44555
11847
14372
26731
50588
61383
15482
44333
47517
1611
11645
71551
34744
63824
24271
488
15457
10576
3336
56593
64081
67780
29291
9606
76543
16050
11813
47145
14897
6206
38225
22305
10567
90636
48399
73194
71099
1750
17839
43860
12483
28405
58064
84167
10173
769
2598
54201
24013
14855
33848
35593
36498
46010
64485
35763
15836
5616
34237
70214
42213
3772
10173
8913
54921
55975
1102
74913
11526
8136
8242
20665
9087
9078
2662
4894
27381
44503
17250
6228
2373
24934
51318
75284
22267
29755
33612
42039
33675
14823
38167
422
2560
1438
6547
65277
8
2980
28972
22563
45384
54579
29010
20642
34852
13850
54105
15639
46489
10850
7183
2825
51548
28727
9178
40656
39815
23481
14147
50783
26923
44616
12567
58756
88783
37212
15250
13611
16773
62192
17937
17913
53040
23435
16680
13305
23777
17258
10523
27533
2058
31927
11751
54222
7739
8435
2964
64555
38600
76401
6756
23003
1746
81277
195
34616
52999
25986
12919
66328
35023
11513
2933
686
22620
29609
473
17099
77702
12832
20708
25653
81980
7921
31125
94576
13045
47728
83257
50439
51138
19469
54620
37295
45953
22069
765
44625
31824
41512
33889
31580
37989
62360
32383
40235
11959
11020
56758
71791
45841
4597
57872
22172
75470
39524
56635
34074
61781
47673
35137
4807
15806
3112
77712
53025
12265
39944
81646
24150
41245
46598
49328
57015
45088
45309
3714
6238
3188
57161
10224
15745
67164
62706
33601
25174
6323
6212
54385
46427
55605
10572
35976
11687
18569
30318
59464
78909
20
64927
68019
93889
10248
11926
14840
19308
71601
51123
29713
52866
21233
71494
4266
72712
21791
28592
54761
53300
59016
20598
33290
2793
11436
28657
47829
21372
8900
64720
42751
31659
47442
29194
4390
40326
60561
12212
50462
15114
62486
29897
37831
10785
50600
36726
6665
36193
17148
28950
86991
89822
44044
27154
9861
11561
41362
14008
42564
30739
45228
203
46111
14624
35904
29984
21673
6911
28922
86858
22182
46269
36742
20777
56697
18299
70772
26926
22223
2496
7596
47943
54589
41721
32593
33640
29120
38063
97660
59115
30996
19120
22437
53427
3204
3348
35358
18685
3404
9787
36364
36581
18755
24118
757
9844
11690
36326
10005
50040
6279
46646
50061
6249
96
29339
4965
107
60247
48882
31047
41471
49235
55146
59652
39152
64042
6979
81164
13459
79649
30242
49839
8679
21027
23651
91203
30998
55574
7628
10281
15156
64941
65928
56411
40870
62666
1741
14482
33796
4549
1292
44931
44013
20827
3859
12360
7897
71609
20291
24840
16808
26872
52626
13611
31244
9885
78065
10759
82509
24524
12734
39808
637
36593
16594
28093
64270
47129
21360
25664
53978
51752
38950
12873
55598
12301
28954
7464
14551
15866
88956
39207
4086
27721
5214
72583
45445
18623
51292
42109
5596
5656
67227
44456
34050
11871
10822
46405
36377
15829
43417
89151
66215
6875
8418
7122
10796
47902
21559
50996
38354
37171
12774
35030
38272
5796
7780
40729
28025
50633
640
41016
86409
50903
61276
77873
10932
59612
3531
20812
2523
37394
9620
33866
51540
15709
35809
41722
44176
62584
39321
6580
32470
36036
27664
2701
32779
40693
23359
47749
21032
45673
919
17170
38146
14499
80500
28355
27088
70016
45369
24998
38201
55881
23341
28565
11165
37615
39269
13965
30785
7920
4280
54035
18322
89036
16416
1871
13443
2456
38324
12242
50953
1079
72171
16733
55480
17248
56890
11946
72769
57496
22804
30587
83626
6843
16251
5774
22767
25026
47636
60406
3524
24053
79057
57379
16228
46420
49099
29104
31342
15645
14613
35086
37690
81337
29729
38754
64633
77449
22615
33527
32056
28560
39100
24936
8175
49219
8758
17390
20326
27369
13271
28152
48801
8523
41278
74889
33663
58963
54476
7991
38735
75675
49909
16160
18913
41125
29648
22946
17778
15052
2133
24753
11213
6669
25485
6138
86070
20553
26324
54147
19163
10027
8471
27357
6717
1118
31407
55786
8355
15804
19361
62964
11949
24345
445
74281
37326
19995
36493
79065
82155
73240
42329
58998
14010
9762
77879
18777
10973
21646
22030
20376
3247
25446
77377
35134
24784
80265
50939
40591
3578
85843
1858
9018
474
11948
2346
77507
26456
5402
3689
90751
29950
79063
21763
18533
7500
24046
14611
15227
5105
16105
82077
51233
8831
3066
13228
40466
31635
30249
51587
8076
45346
12758
48702
29893
13262
93213
17379
20557
20362
57312
30325
23491
65878
57015
16510
67554
542
77587
47408
38457
10136
25441
69257
84876
2033
19311
5329
20405
71526
2725
3896
10271
16061
37126
41414
27589
37100
19448
54068
49790
23653
78137
19433
4452
82580
16746
21629
7622
8655
687
42069
4345
23464
12971
3292
73398
28495
91205
11241
8214
12956
21909
5625
7487
75131
54446
14763
77243
20153
40803
54519
83873
41953
80832
22903
14311
9411
17494
62247
20052
66117
1227
13373
61133
16944
19490
466
49377
42894
36687
67765
49076
52315
14874
74357
8748
55293
47585
32071
27027
13245
1402
45450
42685
20640
42550
1477
71712
33314
31071
1668
8290
67
4328
34865
29662
1671
30149
3510
36972
39295
37089
60443
64909
42132
16924
8009
29728
7144
23550
2319
1820
82455
67178
40379
43722
9379
22630
21107
79781
47279
2814
19967
27580
1258
36673
96877
30214
41666
17922
1058
86683
24298
15622
66734
49467
31203
59810
61935
22465
17166
25946
31630
47118
27268
5249
20978
41584
46225
9266
38288
1800
18582
49770
17756
30404
15089
11151
17428
15457
16494
112
13694
68067
54239
36731
47262
32920
63952
8232
9225
7886
37212
11708
67075
18385
21881
27196
54180
47481
20997
9882
27592
60257
9851
35281
31548
17562
9995
56855
12617
4742
7142
83408
24632
65107
1629
61197
3689
16118
78970
16456
36812
12478
22527
46026
30349
648
25746
42744
39970
72811
4112
32116
72124
66346
24834
64510
18408
54403
3595
49432
64049
7631
15254
50416
46412
7615
3508
2744
66986
72762
44519
2286
46511
71175
12495
24214
75698
6726
72687
43193
38879
955
66677
56309
78342
10227
11997
54276
10196
33693
51081
20743
53264
38273
62062
7770
20834
20322
38099
41677
11047
36703
80721
13415
55045
42152
22003
88852
33245
45765
10393
21018
10819
53859
845
9030
36294
78211
46299
54758
29880
26187
6174
47513
46260
4228
20752
26792
8832
45058
42273
3013
28912
34771
79968
48681
48454
64701
50284
14585
15424
1631
23103
9520
17787
36998
42678
45982
29430
35084
14986
9527
17180
8195
17756
10128
38082
13565
36989
3982
74767
36827
67583
43662
57338
60365
21235
6572
20331
53155
20544
80526
56313
722
80235
29636
22541
6559
50958
27505
24893
428
21783
30429
84025
52030
795
64994
76735
78320
73167
34409
81360
24901
21804
21377
13139
10112
60509
34934
81378
21694
5380
48464
50169
26081
2454
36752
81752
34612
27615
42933
38358
71595
45661
5186
7813
43687
83454
88648
14518
82118
62111
35738
68385
28631
32421
79865
43121
7986
22589
11449
86747
10695
16483
44636
9984
25895
15538
59969
17431
16271
6460
36434
79332
624
39695
39815
51926
12842
82005
24701
1690
90668
8188
67705
52450
25262
28873
52774
9719
35590
34702
3379
63715
58471
11314
24977
35746
28515
76817
24288
48676
32438
69843
50469
12835
1006
1925
4581
53217
12902
32802
30569
43621
25588
23709
62735
60791
5310
22884
60641
7315
21002
15938
49778
25029
50334
17188
72638
29387
13728
17980
5005
67616
76571
34469
49520
57900
10432
26025
39665
46134
15710
63436
39717
87730
44296
2302
28592
31495
43612
7866
28283
17876
22982
13779
26567
15551
26175
19820
47413
21387
73553
25526
40647
39225
27117
13225
6843
29523
73805
29951
50344
5928
63278
11694
44093
6132
53798
55641
68993
9140
1165
9245
14442
6070
9173
40310
73328
33189
2564
59828
27443
10140
17914
25597
38795
23327
17825
69687
52022
14614
14223
941
27975
6461
22081
12205
10457
11233
17953
76542
43493
77844
11602
4865
6152
1819
8598
51331
11996
58823
32158
46231
25718
21174
75154
25495
87408
349
51983
36056
1858
61212
40048
75424
35226
78428
37653
40148
79065
16697
21279
56299
81860
21430
24760
26296
58892
22664
8206
56906
34867
631
10864
53385
17251
12914
34995
21935
60101
3522
20135
56103
65762
92150
3498
3411
35247
38061
11475
54751
30365
786
26872
48987
73417
57914
35587
40395
15233
5962
66557
1509
18512
13123
5642
23468
63699
12237
46743
54987
4011
80984
56629
46311
10141
24689
71538
16035
30410
72090
68547
25755
35194
20987
47031
3384
5061
4719
49915
54265
11903
83173
29103
28083
67449
15081
2914
27494
5312
1185
3643
16278
51426
50237
5792
10038
47282
64724
60804
5313
9515
29978
83947
35530
27924
2201
14395
3934
7674
64472
19821
49096
18433
47344
23100
40253
63706
73356
74106
24193
6164
29166
73397
10399
8209
55084
63206
12699
1000
16659
3315
17959
10617
41269
6831
24372
40079
10317
68821
58941
49216
56381
30725
44186
10167
3068
1220
20730
42688
53583
65583
53790
74736
13878
17283
7278
6815
12386
5309
17683
49553
26309
25169
40235
27572
40647
14460
37191
26924
43073
50257
38046
23239
50999
44290
3279
20403
35518
18396
4550
57263
28878
11644
1284
23094
10165
70434
12638
21125
15186
22569
5719
95454
36706
13942
7075
27013
18223
10491
38662
12312
5049
48971
74974
31241
1665
1861
28594
27871
46248
2342
5693
6429
61687
5097
23697
4218
29640
9328
2195
7475
87306
6765
75346
16079
46152
44742
62346
68569
20606
47158
16706
61711
32174
8418
3828
41187
21367
19821
17341
14280
4721
48188
14253
21543
79013
8803
30767
34177
28920
131
34837
3488
11013
22302
7837
50951
65209
18914
56463
43353
62458
38516
74468
1858
62527
46122
25531
47667
8030
57386
56265
55763
11850
55326
9042
26461
41718
11529
15172
42384
33708
5309
60477
23907
67380
17314
3704
41530
32465
47993
77553
24443
44440
72272
15326
7498
14743
16844
65293
27941
24993
56209
23799
1768
4981
8252
28917
38467
1482
15346
22454
69148
54796
39226
15639
21720
70845
32999
8062
83947
32265
19107
35565
18045
22838
39460
10805
27353
32122
68697
43875
32562
1146
15178
6507
63598
28119
8086
80684
7758
88279
62496
8080
23633
7578
5166
56910
57472
80668
73500
46047
3857
34341
3007
50700
68209
30789
3534
49283
29425
31609
15698
45551
62236
46658
45896
48551
25487
9875
9121
21410
40922
28943
74914
34504
32273
73571
2631
82610
45143
1770
62516
71469
42619
45024
54831
32011
72959
11522
18292
22752
53619
48880
41520
8982
15702
74220
995
27612
60597
6634
36256
7989
18508
23312
53465
7613
79570
75442
31566
1906
35684
6907
48142
40521
796
3658
58308
52506
10798
53656
21508
24173
19629
15665
42682
61790
52502
74674
41393
59833
8298
24336
61827
48235
36981
55983
13330
74567
90457
18184
23689
71726
5400
6427
23291
17519
67618
69511
21093
12044
18647
37396
14270
56162
33675
38100
5354
22502
11085
24575
6168
12120
5140
28211
9533
3784
24285
2484
15082
15563
6540
79582
59495
6603
2268
65146
38041
4981
9517
17896
39572
13667
61524
51413
20441
25705
10461
14418
8547
24083
5892
16989
3298
13834
50322
28905
17336
24095
34215
44498
41469
14783
15538
77682
40972
56646
35979
60250
57346
30649
14064
262
45381
73436
3504
10626
57801
28807
16556
10690
50217
27649
30861
51181
29451
26207
13514
28045
31027
65077
43113
17847
42130
2168
34190
55945
60335
52137
17082
50911
11575
43987
9702
28728
12647
44964
49465
32484
1270
28895
64030
53402
6476
17616
62125
12475
11586
13432
31847
23763
67363
45305
40301
44089
60680
9123
24098
34725
43719
7296
51556
9179
49701
43860
40542
36868
33897
9431
21437
84426
1081
72326
84
17927
39482
5480
24538
30841
5938
54589
10423
61560
63541
19920
68752
2580
70488
76595
7173
3997
23999
55554
68371
54156
31342
10463
88835
14046
44977
51531
9107
30813
16980
41024
45918
30980
78672
22150
29041
29893
38135
355
18231
33982
39482
27461
2811
70514
47558
21274
13502
55626
16292
78397
12111
28019
23000
72788
52974
6721
2101
19677
20053
1606
14298
52698
42771
95209
13827
40729
49871
48285
43098
24433
56132
65655
4252
45217
10459
65602
67031
56289
37669
35581
52096
52732
80061
14007
4978
60951
40825
16978
84332
6749
13501
66655
14949
80482
28366
48317
40294
75146
41162
12404
20736
63587
33181
27935
53192
3068
13444
16146
76586
35757
45020
20538
41275
23844
14943
14616
38151
17349
63116
25886
47405
32727
786
42872
17690
11682
56633
68656
7997
23606
49853
76935
23067
24301
6031
13409
15372
381
37627
4530
23847
30443
21229
29784
7293
77095
32668
50282
27521
52301
75778
17505
7505
1386
614
13477
44026
13053
13441
68935
18315
39986
41945
43194
68623
26996
29545
17085
31557
71536
283
63262
44125
70007
32181
69299
