669272767972176898
0
-443410033
-605059197
-381972826
-1025481306
-540592253
-381972823
-327128676
-240358562
-907952938
-166666674
-327128678
-703970325
-381972817
-633899664
-1025481302
-703970326
-1025481314
-170946250
-1025481307
-540592254
-327128678
-166666675
-540592252
-3
-1025481306
-935048345
-858814640
-25481314
-858814638
-443410029
-525481314
-605059194
-805361812
-1025481307
-2
-240358563
-540592255
-703970327
-4
-633899668
-605059196
-907952938
-2
-240358560
-703970328
-605059196
-166666677
-166666669
-540592249
-540592253
-703970325
-633899660
-443410026
-443410030
-170946251
-907952942
-858814639
-858814638
0
-327128679
-935048349
-633899661
-605059189
-166666677
-166666676
-170946252
-858814640
-907952939
-935048346
-381972823
-2
-170946244
-240358556
-805361814
-935048347
-907952942
-907952939
-805361819
-703970321
-935048343
-605059198
-858814640
-443410029
-935048343
-443410027
0
-805361816
-805361818
-327128675
-805361814
-327128673
-381972824
-170946244
-633899669
-170946250
-381972823
-240358561
-633899662
-240358557
0
245592484
1087329
12527872
30633
0
14339645
0
388319431
0
34
0
0
0
0
0
0
0
4686595
794042157
1524
72774426
0
20446800
0
0
0
17026746
0
0
0
0
15953639
0
0
0
0
0
1701
30784
0
0
0
0
0
35640473
0
120842716
0
0
0
12367
0
0
0
0
0
0
195981
0
567682542
0
0
0
0
0
0
46000
6287
0
14945
0
0
0
0
0
0
1930523
0
0
0
0
0
324
0
1790901
3951549
0
181246241
0
0
1086
0
0
363172
0
0
34153
0
599785472
0
0
0
0
0
0
49728990
0
0
539503
0
0
50111
0
0
0
465086941
0
0
47718592
354013
10665871
0
0
56360062
0
0
0
0
177195
0
0
0
0
0
0
163
0
0
0
0
0
0
0
0
0
0
0
0
0
0
769112433
0
0
12763871
0
0
0
0
0
1327
0
0
0
0
10459842
0
0
0
0
0
0
162
0
0
0
0
0
0
0
0
0
256442545
0
47904145
154104939
1028663
0
34761537
0
0
0
0
0
0
0
0
0
0
0
2615
0
241068834
0
960927
0
0
0
0
0
1328961
248168840
0
0
0
8400080
520674081
0
0
0
0
0
0
0
113
993
0
0
0
3608562
107925
49550
0
0
194
0
0
215788
0
304
0
199884
0
6640
0
0
0
0
178503
22431636
0
107358345
0
0
663
0
0
276467435
0
0
0
0
623844641
0
0
0
0
0
953
0
0
0
0
29999115
0
0
0
0
3131987
0
0
0
10766
0
0
0
31420025
0
6125
0
0
0
338802
0
245
178
0
147
0
0
0
0
0
0
0
0
0
0
13472715
177028
0
0
0
0
0
3115316
333547
0
52544
0
101700477
299
12160742
0
0
0
0
0
0
22885
0
276164
1771348
0
0
0
0
0
0
113223186
105261
4120799
54388
0
0
0
84652436
15454828
0
31390075
8298
0
291547
0
459646778
0
0
8878
0
629386091
335194
0
605953551
3972
0
0
0
0
21221646
773340110
462585112
9916
45239
0
3357
0
40669484
246937059
0
1102808
0
0
0
2054
0
104964600
0
0
0
0
205173905
124157580
0
0
47874157
0
0
0
28207328
0
0
0
0
0
0
0
105041512
0
161778
835918840
0
0
0
0
0
0
0
0
0
0
4090073
0
0
0
2910
0
0
0
0
0
0
0
0
8996
0
41434
0
0
0
0
0
0
0
0
678
0
0
0
0
0
20776999
0
0
0
0
89
31
0
0
0
374194
0
0
0
0
10676058
0
0
0
67416
3670016
0
2281
740483
0
0
0
0
0
46369
0
99476304
55661
0
0
0
0
550950418
0
82220827
0
0
27565
0
0
0
0
6385868
0
0
0
0
0
0
0
0
0
0
0
7251
0
0
0
0
0
0
0
0
210198
0
0
0
315907
0
0
0
0
3854
0
0
0
0
0
0
0
49
0
0
0
0
175414803
0
0
0
0
884
7138
0
605590453
0
0
0
594
1155
0
141
0
0
0
0
0
0
0
0
0
0
46124
49771
0
1838
0
0
0
0
60351
0
0
0
0
0
0
36031
45519715
1184
0
0
0
0
0
0
0
0
0
0
33
0
9208
0
0
0
0
334
0
0
0
0
6160
55189
0
0
0
0
0
0
0
3220
176638273
0
0
77628154
0
33554688
447823825
0
0
447493965
0
0
260570
0
0
31341
0
0
0
0
0
552401222
1098095
27866009
0
0
0
0
0
35200
13422944
0
0
0
0
0
0
0
0
0
0
0
0
436452164
0
1622864
354755
1317
0
0
0
0
0
221
0
0
7760089
0
0
99690120
0
0
0
0
0
0
0
0
0
0
0
0
0
2710193
0
0
1568
1515184
0
16662079
45804338
0
21754
0
41355
0
0
0
0
0
1693024
550943059
615629
0
0
113
0
0
0
0
0
0
0
0
0
1174
81124763
0
0
46417327
28902
0
0
0
0
62262676
0
0
0
0
0
0
0
0
0
0
0
10502956
0
0
0
0
0
0
1711160
0
0
140643
0
0
52943541
0
0
0
130289960
0
0
0
1111
0
0
1319449
234773123
0
0
995778156
44732
0
0
0
0
0
629
2582706
0
0
0
0
0
0
0
0
0
128230
81555828
0
0
0
0
0
0
54648
1268
34826
0
0
0
0
0
0
157245278
0
0
0
0
0
1093449
0
0
0
320963740
60351
0
0
0
0
0
0
0
84269
0
0
0
0
0
0
0
0
3967
0
0
467
0
1879458
0
2423
0
741751
4136211
0
0
0
768148084
0
0
0
0
0
0
149657539
31832893
65
0
0
0
0
0
0
0
0
0
0
0
0
0
0
45670097
0
0
0
0
0
0
0
0
0
0
0
0
0
295529
0
26229972
0
0
0
0
0
52979572
0
0
0
0
0
0
6730
0
0
0
0
149615168
0
0
0
13111
10418525
7910
0
0
0
48133032
0
0
0
0
442
0
0
0
0
0
0
422591391
0
0
0
0
0
0
0
459421709
0
938604723
0
0
0
49233651
15409377
0
15201
0
0
182730013
0
435073808
0
0
0
0
0
0
724707
1273049
0
0
0
0
0
1653409
0
0
0
85990876
0
172850
0
11350
0
0
10982
0
0
0
0
0
0
0
0
276986807
151959559
0
0
0
738922997
0
0
0
0
0
0
0
0
32394129
0
