649137107043118877
-482994370
-267789336
-553717912
-553717905
-185607291
-316327708
-553717905
-2
-210388500
-859631033
0
-3
-563258172
-692964369
-18940622
-267989031
-185607291
-737726203
-737726203
-553717910
-939836731
-620586665
-567012882
-267989034
-316327708
-737726203
-185607288
-620586663
-567012884
-316327704
-316327704
-567012882
-859631033
-737726203
-692964369
-859631033
-563258172
0
-185607291
-439836733
-482994365
-1
0
-267989032
-620586660
-6
-563258172
-737726207
-939836726
-18940626
-316327710
-939836732
-210388500
-267789328
-482994370
-185607289
-210388493
-267989033
-567012883
-620586660
-692964368
-185607289
-737726207
-553717903
-563258173
-18940622
-267989033
-692964374
-267789328
-563258176
-267789333
-567012885
-18940624
-563258173
-567012882
-620586664
-210388496
-939836732
-620586666
-267789331
-939836733
-692964374
-482994370
-18940627
-482994371
-267989029
-482994363
-210388500
-859631032
-18940624
-316327709
-553717909
-859631034
-4
-939836733
-859631040
-692964372
-210388500
0
-267789334
0
0
500138471
0
226492416
0
0
0
7046668
0
0
0
912886268
4210496
0
897320
0
0
0
0
0
0
294912
91934950
0
0
0
0
0
6894293
0
0
0
67583488
0
0
0
0
14430
0
4010
0
0
0
0
3445
0
0
0
352
1236955
0
0
0
0
0
0
197475287
0
0
0
0
0
0
0
301801
0
2460818
0
0
0
134646554
0
0
0
0
0
0
0
0
0
0
741
0
0
4262
0
0
1971524
0
0
0
0
0
0
0
9180923
0
0
0
0
0
0
93531304
0
0
419
0
0
0
467440310
256
0
0
626548635
0
0
0
0
0
586
0
0
382277484
134310172
0
0
5434
0
0
0
0
9564811
292251384
0
0
0
0
0
0
37272
0
0
0
0
0
0
0
0
0
225103
386675
0
0
0
474669343
0
0
0
0
0
0
0
1797248
0
0
0
1265
0
0
0
0
0
44086
0
0
0
0
130999
44006487
0
0
0
5616
0
1551191
0
196126417
0
0
551563076
423
0
8923220
934
0
125
0
0
0
0
0
0
0
0
0
0
0
0
251
0
0
0
0
0
0
999109071
624
0
0
0
0
0
0
0
0
6453768
1524205
113886
0
3314731
0
0
0
0
0
0
0
0
0
0
0
0
0
0
0
0
0
0
0
242115
67108864
0
0
0
0
0
647417
0
0
0
3411
153957716
0
8768210
0
0
917
489381
0
0
0
0
0
0
859
1081
0
0
0
0
544
0
291082096
11454
370448
0
759150
0
0
0
0
0
481
1130
0
134650816
0
0
0
0
0
0
0
0
0
0
0
0
0
0
0
75917394
2971
0
0
7535
0
0
0
4761991
0
0
4610
0
2887085
0
10150700
24560
0
0
0
0
0
3445
0
0
0
0
0
0
0
0
0
0
0
0
0
0
294912
0
0
0
0
0
0
0
0
0
0
2462435
0
0
161158
0
0
6102
0
0
0
0
0
0
0
0
0
0
0
0
0
0
126103
0
635456
13071243
4416303
0
0
64607510
0
0
0
0
0
0
0
1156
0
0
0
0
47432514
16173
0
1302715
0
0
0
0
1039
14864802
0
0
867
0
290552
0
0
0
45459378
0
0
0
0
57
0
0
0
0
0
0
0
0
0
0
0
467457572
0
0
5536
0
0
0
0
0
1320837
0
0
0
0
0
296068
414534
167080668
8692
0
0
0
0
0
49178
0
0
0
27041038
0
0
0
0
595
0
0
0
0
35021
0
0
0
0
197580650
0
0
0
0
0
85961770
59368912
0
74199958
0
0
0
0
258127362
36630741
0
0
0
386145766
0
0
0
197472002
2627
0
25075
0
213845
0
0
0
0
134217728
0
0
46127
0
0
0
0
0
0
7254
20436
0
71637324
0
0
0
0
0
0
0
0
0
0
0
53693
0
912888773
0
0
0
7770
0
0
0
31919
0
0
0
0
0
0
121279
0
0
0
0
0
5643008
0
0
46681
0
0
0
0
0
0
0
0
0
0
0
0
0
629091989
0
0
0
0
0
58248787
11656611
0
64969371
0
1223908
0
0
0
0
0
49
0
0
8245772
0
0
542519451
310348935
473
0
0
0
39791792
0
979655213
720851
315946
260426
0
0
196
0
0
0
12607
0
0
0
0
0
0
0
0
0
0
0
626502706
0
0
0
394266018
0
1207
149970992
0
0
42469
0
0
0
157927290
0
0
0
0
2673
459633489
0
0
0
0
0
0
0
0
1001
0
0
0
0
0
0
0
0
272699912
0
0
0
386146507
0
0
0
0
0
0
0
0
0
0
0
568204
0
16592
0
0
0
260734158
0
38127646
31488
0
0
0
0
0
0
0
0
0
0
0
0
151
0
0
854578
100
0
0
0
69289349
0
9519761
75831800
9735406
0
0
0
0
0
0
674
0
0
0
141340431
0
0
0
0
0
42260946
0
725
1267214
0
201717628
0
0
0
0
0
0
0
0
22489
0
1504
0
0
38982
0
517496559
0
0
352
0
0
0
0
78
0
0
0
0
1750486
0
0
0
0
0
0
547865328
0
0
2180437
0
1797729
0
0
322881454
191163
0
0
0
0
0
0
0
0
0
0
232018828
0
1405411
0
565480960
149956081
0
0
0
69318977
0
0
0
0
0
0
516297438
0
0
21328469
259804
0
0
0
1056
0
732993
0
0
0
128
0
62532
0
0
0
0
989
625646972
0
0
39874
0
0
0
0
8373762
188816953
0
326378
0
0
1005699
0
0
337021
0
0
0
20138
2296
0
0
0
0
0
2887085
0
0
0
476371121
188426
3445
84508242
0
0
0
0
28954450
0
0
4899352
0
0
0
0
0
0
0
0
0
0
552080650
0
26157
0
0
0
0
0
0
0
0
0
0
1876552
45801
627298683
904418522
60357938
61845531
0
0
352
313095567
0
0
0
603678
0
5591563
473366205
0
0
0
0
0
0
0
0
0
904046470
0
1513497
0
0
0
0
0
0
0
0
55395480
0
0
0
0
917
0
0
0
0
41048064
0
2460818
337913295
0
0
0
0
0
0
154951422
0
0
0
0
71213928
0
0
0
0
2939349
341031
0
0
1358139
8245772
0
0
0
32003
0
0
0
0
0
0
0
44191
0
0
0
0
0
797914
0
0
0
863
0
0
0
0
