889876924335638672
-333333349
-625588211
-1174246531
-1007579866
-986085493
-830203613
-1214815002
-1214815002
-267693595
-625588211
-333333354
-1174246529
-830203613
-667872034
-333333346
-166666674
-333333342
-267693598
-1007579864
-985496278
-344663308
-344663308
-595466889
-986085491
-1007579862
-714815007
-625588210
0
0
-1214815007
-166666672
-7
-985496278
-1174246535
-333333353
-166666676
-5
-333333348
-267693598
-1214815005
-595466897
-6
-267693598
-344663306
-667872038
-667872037
-344663308
-1174246538
-986085491
-625588208
-595466893
-625588207
-511329974
0
-830203615
-595466890
-344663308
-667872041
-667872034
-985496275
-830203613
-781173366
-1007579866
-511329974
-511329974
-511329973
-511329976
-667872037
-830203617
-781173369
-830203615
-166666676
-166666677
-5
-985496276
-1174246532
-985496279
-511329968
-1214815004
-986085493
-5
-625588207
-781173362
-166666672
-267693600
-344663303
-781173369
-781173369
-986085492
-1214815005
-985496276
-595466896
-595466888
-267693599
-1174246529
-214815007
-781173371
-986085493
-1007579861
-1007579861
0
0
0
0
0
0
0
0
2933592
97828949
2094999
0
2460
0
3145
0
0
0
0
0
0
0
0
4933
0
613
0
112
0
226
0
54646
0
0
177422
24108
0
324560
0
0
0
0
0
2232276
0
0
524288
0
0
0
0
999953600
0
1951049
0
0
0
0
603979776
0
5409
0
0
0
0
0
130
0
201103304
138693898
22525971
0
0
1895
0
139937868
0
0
47501
0
0
379807
0
0
0
0
0
0
0
0
213390016
0
0
0
645
0
0
0
0
0
0
0
0
0
0
0
234
0
0
0
0
49244718
0
4114952
0
0
64148580
0
0
0
0
0
0
0
0
0
18974
8138210
0
0
0
0
345639
0
0
0
0
0
0
1187
0
0
0
0
0
53153610
0
5436
19328484
0
0
0
0
0
0
0
0
0
0
0
0
80
0
0
0
0
0
0
488501
4662
0
151619192
1223
0
265158504
0
0
0
0
416834104
678955
734
0
0
0
858425543
0
0
0
0
0
0
0
0
0
305247
547
0
0
0
0
62176420
0
0
0
0
0
0
0
0
265699692
0
0
0
0
0
241485
0
0
0
0
60845944
528413
0
0
0
9743
0
102
0
0
0
0
0
0
5418
37598
14589796
0
0
0
659652720
0
1983855
0
0
0
0
0
0
0
0
524
0
0
0
0
0
7371891
0
0
0
497568527
31091683
344277705
0
0
0
0
0
0
0
0
974
0
0
0
0
565
0
65497218
0
0
954662
12901814
0
0
153168
0
7321039
391
1081
738464
0
7167
409
0
0
0
0
9006393
0
0
244
0
0
0
582
33801082
0
998473019
409211236
0
0
0
0
705813279
0
0
0
993420
0
366649096
0
254361864
0
0
50878
0
0
55829
0
0
0
0
0
351911
0
0
0
0
0
0
0
11709062
0
0
0
0
0
0
0
9917574
0
0
0
0
0
0
0
0
21012
0
126171986
0
0
0
0
325762194
0
7598
0
0
0
0
0
233748
0
0
0
0
4920
331674
0
480567
0
0
1989830
24548871
0
110
0
0
999775218
0
29874
2215
0
0
0
0
45368788
0
0
130596965
0
1143
0
0
0
32374
0
3497711
0
0
0
0
0
0
0
0
48707444
0
0
48
58035591
0
0
0
1152922
0
0
0
38719
997281911
0
0
101271
0
0
1486505
765616
335695290
795869
7067516
0
284
714449777
67712651
289862
13290298
0
184
0
0
0
0
0
0
0
1027
2215
6010
0
0
0
0
10576220
0
0
0
0
0
0
0
0
0
0
184345046
0
0
0
6663595
191
290810
31592
0
0
0
0
0
0
0
0
4070
0
0
79703737
0
0
0
960
0
0
0
57727683
0
13335943
0
0
0
0
47305
77248210
2820
0
20496
0
0
0
0
0
0
0
0
0
9029977
0
0
0
0
0
5470973
30800116
0
0
0
0
79758142
0
0
495568688
0
0
1952953
940470387
0
28847722
80
0
0
5672
120166
0
0
0
0
9014800
0
0
0
6295
0
0
0
0
1632214
0
0
0
0
0
0
0
0
0
0
341851021
0
0
0
0
0
0
0
0
0
809
0
0
9543515
0
0
0
0
0
0
0
0
10503
0
45644
0
10396037
225717
0
1850
0
7084232
0
0
1138
0
28393824
38062905
0
0
0
0
133
0
0
0
0
0
65575435
0
0
120028
77268128
10140249
0
0
0
0
0
0
1610259
0
416430430
0
0
0
0
1215396
0
1990701
11709062
0
0
0
0
0
5627
2852959
150101564
4471
0
652330113
0
0
0
1575879
0
4898
0
0
0
0
0
0
0
776863
0
0
0
0
0
0
0
0
0
0
674470279
0
0
0
402484815
0
52120692
2500
783
0
600
326512
925572529
0
0
260933484
0
596387480
341670
729
309190774
0
0
0
0
0
0
0
0
0
0
0
0
47016
0
0
0
40950566
0
636
0
649256457
0
0
0
0
7316333
2500
0
0
0
0
0
0
0
0
0
0
0
0
0
0
0
0
0
14469737
0
0
32158750
0
0
9512252
0
0
0
742
0
0
0
1490
0
0
0
0
0
0
0
0
0
0
0
0
0
0
0
0
0
0
880
0
46691
0
0
0
0
0
0
0
169
805306368
578
0
0
10701529
0
0
0
0
0
139821
0
0
3405372
344398040
0
0
331068510
516
10256859
0
0
0
0
0
437067241
0
0
0
0
0
0
299944
83609604
0
640
0
0
0
0
0
674911120
0
243945
435
0
1044458
0
0
494166278
0
1376033
0
0
666340027
45386711
0
39573
0
0
0
0
0
0
0
0
0
0
120335
0
0
147
0
65493009
0
0
509283829
11065863
0
0
0
0
0
73017616
0
0
0
0
0
668642
217278
0
0
0
0
0
0
0
0
0
0
7234
0
0
141
0
0
0
0
27650
236754044
32
0
0
0
0
0
1209824
0
0
0
7
66721126
0
1127365
0
88585191
0
41014
0
0
0
299300
0
609
0
0
0
995047071
0
5478696
0
0
17181
0
0
0
0
3679
0
0
0
0
33763
0
0
1032
0
0
5979
0
0
0
0
0
801011
0
0
0
349016
0
1078733
1301590
0
82438448
0
0
50993
0
335434510
3283
0
0
0
0
0
0
0
166
0
0
662801961
503602071
0
34317353
704668
0
0
0
5125
0
0
9228231
0
0
0
0
0
