1189285780915004869
-316622514
-483289178
-483289177
-483289175
-509012051
-166666681
-972179642
-1099303060
0
-166666681
-166666677
-166666681
-1305512968
-6
-1305512964
-229964234
-509012046
-675678712
-675678708
0
-1237732570
-1472179639
-803173419
-509012049
-803173415
-969840085
-1305512960
-483289179
-1046796967
-1099303055
-1046796969
-1046796967
-689156079
-1046796969
-1472179642
-675678709
-689156074
-803173419
-689156075
-689156077
-316622512
-472179642
-1077025994
-1099303060
-1305512968
-7
-803173413
-166666677
-316622511
-1099303056
-969840079
-1472179637
-1077025991
-229964236
-1237732563
-1237732564
-969840080
-229964229
-509012047
-1472179634
-483289179
-675678708
-1237732568
-229964231
-316622512
-689156077
-1046796967
-969840086
-1472179634
-969840085
-483289180
-1099303054
-803173419
-803173415
-1077025994
-509012053
-689156072
-1305512966
-1472179632
-675678712
0
-5
-509012042
-229964234
-1046796968
-316622510
-1077025992
-1305512964
-969840082
-316622511
-166666678
-1077025989
-1099303051
-7
-1237732564
-1237732563
-11
-1077025997
-229964232
-675678711
0
0
450212010
0
222076423
0
0
625
0
0
0
0
906650622
0
0
0
5956402
1304651
0
0
0
0
0
0
108018
287518712
0
0
0
0
1000266
2184
187736
0
0
2701257
0
0
0
0
191460
15426425
0
0
4200
0
625
186780
15375683
0
0
0
0
22310654
0
636225265
0
0
1146882
294320154
38815746
0
0
0
8200
601521645
900850570
148
0
0
32651245
0
65771921
119103
3459
0
0
0
0
0
0
0
0
0
0
0
4013478
0
0
0
7627
3439
0
0
165585858
0
0
0
22419891
768300750
77658854
0
0
4584
39240328
0
0
0
5551
0
0
0
6448485
0
0
3412
56471
0
178
0
0
0
0
1054575
0
0
0
1689865
0
0
43065060
0
46749751
145620572
689062
0
0
0
2894715
0
21336
0
0
0
0
1620313
0
25260
1221277
5274783
15875
0
0
0
3417
0
2641085
175519
0
0
0
229271271
0
584
0
0
862631
0
8557363
0
85967
0
0
26
0
1525421
0
0
0
0
690
0
26738142
287213345
0
0
54597236
0
0
308
0
0
33554432
0
0
0
0
0
0
0
0
1290382
27886
0
0
0
1125292
133
0
0
135493
140532
0
22
200
655
196177
143
11664
0
486607
0
0
0
0
0
0
39061057
0
273264018
0
19538687
685517
0
0
0
0
414
0
0
0
0
0
0
0
72584
0
0
0
0
14012
111
29474087
2578
0
0
497963896
1328
0
0
3083338
57594274
324015896
217164882
1132410
5966798
0
0
16888312
0
0
0
0
650424970
723909691
0
0
1534
0
0
0
0
0
0
8270305
225866521
0
4298
0
0
695
0
750858
33583229
0
0
0
0
160942
931759764
0
752649621
0
754049858
0
0
90730560
287712851
0
0
0
0
0
0
0
672
0
41228
0
29682893
1330
0
5993292
1554
0
0
0
0
0
0
0
0
0
22938709
0
28561
0
0
0
0
0
0
0
0
0
0
0
0
222836
0
0
0
0
456913
0
0
129923216
0
0
0
0
0
0
0
0
270662217
0
125442416
497918230
0
0
0
0
0
0
0
98408001
0
0
0
0
0
0
0
0
441
92516223
0
0
287360173
0
0
0
0
0
433972058
0
1463
0
0
0
493196
0
0
0
433127430
554
6307639
23658
127932841
0
152747
0
0
0
0
210
0
0
0
0
0
0
18174075
13267503
0
0
0
29234
7903
0
0
0
0
0
0
0
158322251
0
201164891
0
0
556626
441674402
0
0
0
0
0
637
0
0
856321
0
0
29141249
0
0
0
225197126
0
24128477
0
0
50829
641007
0
0
0
0
0
0
0
296963843
3412
117941
0
0
0
1619
0
57191
0
0
226848
0
0
0
0
0
0
0
0
132520586
0
0
564
0
0
0
946002569
0
66298
0
0
13402516
0
0
140168
0
0
0
0
7991261
0
0
692
0
0
5699841
0
79793
6131
0
0
0
0
0
0
0
0
0
456
9542487
848091
15794178
0
0
10017
190374
0
0
136363829
0
30657955
0
0
0
0
0
0
0
0
116
0
0
127644816
233845392
133831911
0
0
0
187584602
60543
0
0
739967490
0
478161
0
24828
46
0
0
0
0
20941
705100
311896537
0
0
0
0
0
0
0
3615
0
3626206
20741
1019
0
201492567
0
362020
0
0
0
4589781
0
0
0
0
0
0
149458
0
552
66596
0
0
0
0
0
0
421522
0
0
0
0
0
0
0
337775225
9254
0
5932306
0
0
0
102
0
0
36666
38398654
3675
2728051
183
0
0
0
150161149
0
0
175107
569
0
0
0
25031
205
3147593
134632
0
151224
225951607
0
2013
0
0
0
0
418805231
0
0
3896
42728129
3271
0
0
0
249
0
539
0
839292276
0
0
0
0
10816
0
341
0
680
0
378212174
0
0
0
0
0
6977490
0
5774701
0
0
374
0
0
0
1318
631153972
0
0
916
0
72711614
4250
0
226275026
0
753969
8684
0
0
897286380
14254345
54982396
0
376923539
0
230156517
0
0
0
0
307695338
0
0
49240433
0
51218302
0
0
404
0
0
0
0
0
0
46217378
47147216
0
0
0
0
658928747
0
0
602
5587310
0
0
0
0
0
0
0
0
0
130326738
0
0
109309559
64
308
0
55
0
12375346
53436866
361
6358594
0
0
0
316198766
0
0
0
0
0
27412
0
498133146
146889
1810
413967707
0
0
297776
0
243520001
2176
4592
0
0
6462744
0
0
549
0
529051886
0
44934
0
0
0
0
0
0
130
25936876
0
0
0
445108
49634553
3532
0
0
195303
0
0
97716827
0
0
662
0
0
2272
0
18246993
0
0
0
0
0
109389
0
0
0
0
0
179469017
0
0
0
0
0
0
0
1703002
0
126306835
0
0
0
6478373
0
1177
0
210397528
0
0
0
87
2937
73872
0
0
147524497
545080364
7491366
567
0
15614839
0
316011815
0
1458
0
0
63952150
0
0
0
0
0
347193464
0
6644570
0
8175633
0
0
0
4112
110
0
650
0
0
0
0
0
0
113331
0
0
0
0
0
0
296198922
0
0
0
30555
0
0
92575
691896
177479
0
0
0
0
739954910
0
22450103
0
0
27509
0
0
0
0
3330920
0
27675
0
0
0
0
0
0
0
9495
474771759
0
0
0
0
222896135
602
0
0
0
0
0
0
0
0
0
0
0
996605
0
0
0
0
124551301
0
0
0
4564252
8165633
0
0
0
0
34358035
0
0
0
0
11167
0
0
0
0
0
0
0
183
0
0
