663947023503464440
-803078454
-419842908
-763342378
-692278757
-610982452
-344869236
-166666673
-803078454
-415391330
-246968512
-246968513
-415391335
-692278759
-692278759
-344869236
-126758089
-6
-610982453
0
-246968509
-264431955
-419842904
-861511214
-507706090
-264431956
-419842909
-763342380
-5
-861511213
-344869236
-126758090
-793070052
0
-415391332
-793070052
-803078449
-302088985
-507706094
-166666682
-803078449
-419842912
-246968513
-264431954
-246968514
-610982452
-793070058
-166666675
-803078453
-302088986
-126758096
-415391335
-419842908
-344869236
-793070050
-763342384
-793070050
-126758091
-507706094
-344869238
-264431957
-763342384
-861511219
-246968516
-610982453
-793070050
-861511210
-415391335
0
-763342378
0
-126758088
-302088980
-344869236
-166666680
-7
-507706091
-302088979
-302088981
-361511219
-610982455
-803078456
-861511211
-415391335
-126758090
0
-302088981
-166666681
-419842905
-264431955
-507706097
-507706093
-692278764
0
-763342379
-692278759
-861511212
-264431957
-610982453
-166666681
-692278762
12701400
310779328
0
0
168
0
0
0
0
6453670
0
0
0
0
0
0
0
0
1061
234610
0
0
0
95310004
0
4194304
0
416
195854313
0
0
0
0
0
0
0
0
96
0
0
0
93791439
425060795
440761216
0
2259782
0
0
0
0
16213371
0
4090
0
0
206109
1164
395149463
2166896
0
0
0
0
472
0
0
0
0
0
0
0
1003950
0
0
0
0
6264
21
0
60668914
0
0
794723
258819
31862
0
0
0
0
0
0
0
831261
0
0
0
0
0
0
0
0
0
53842516
0
0
2364516
0
0
389922971
18
0
8532
7344
0
0
47455528
0
0
0
16274
0
0
0
0
0
33648
3422
0
0
263134
40389
0
424124613
0
0
0
0
0
0
0
12721275
117723385
355524577
0
0
1547830
0
0
0
0
0
0
7957476
0
0
0
0
0
0
0
0
0
592949590
0
0
180802509
0
0
0
0
0
0
0
0
0
0
1946508
0
3945
50165
0
0
6811
0
0
0
0
0
0
0
18331
0
0
281463923
30754
30337
0
1287865
0
0
0
0
0
0
0
0
0
0
0
0
972
0
0
0
281731288
0
0
0
0
0
0
0
0
0
0
4475
0
0
0
0
94
0
0
0
0
0
0
682
34620
0
0
0
0
0
0
0
0
1860
0
0
0
0
1070
0
6317362
0
0
0
0
60631077
178969
0
0
165542
4937
565
0
0
0
0
0
0
245458516
76787082
0
0
0
0
0
0
1087046
0
122353631
0
47369
13569399
0
0
0
0
0
0
36721288
0
150117
344442
0
0
0
0
0
8766885
0
360448
0
0
0
12708314
0
0
0
549042937
0
0
0
0
31674363
0
0
291307
911
0
0
0
163017
7924
0
0
0
1009613
106542963
0
165762
0
0
0
0
0
0
36723751
0
0
0
2283152
62371086
0
0
0
0
0
0
212627
0
0
367454901
0
0
846
11731084
389754673
0
0
0
0
0
0
0
0
0
0
0
0
108117602
0
3375
0
0
0
0
0
0
0
0
0
101617
164082018
10434508
0
42704391
0
0
94143557
0
0
0
0
0
0
425
0
478529
0
0
0
0
0
0
352351434
0
0
37837
0
0
0
572730640
31397563
0
0
79339939
0
0
0
0
0
0
0
0
0
0
0
15362
27236998
339820052
0
0
0
0
0
0
396483556
0
8911
0
0
0
0
6138
0
0
0
0
0
1153367
228
0
399096262
0
0
0
645152
0
238154
334842144
0
0
0
53724486
11237763
0
0
0
0
30435960
0
0
0
85786624
0
0
0
0
0
292031
0
0
0
0
0
0
292064143
0
61279478
0
0
0
1458
0
0
0
0
0
0
0
0
0
0
0
0
655320955
0
8466
0
0
4895
19419185
0
0
0
30337
963
0
0
0
528915278
0
0
0
0
0
0
95347
0
0
0
0
0
0
0
0
1856
0
0
0
10084
0
0
85651
794
1495619
0
27840277
325769
724
0
0
0
58446693
0
0
0
13518163
0
0
420
0
0
0
75623817
0
0
0
0
0
0
0
0
0
380450505
0
0
0
0
67934160
135363
0
419152
0
31361
0
0
0
0
0
0
0
0
0
0
0
0
0
0
2285396
235285599
0
0
0
0
30927
0
0
17438
0
0
0
0
1278181
53798
0
0
0
0
243
0
0
0
0
0
0
0
0
0
0
52896116
81593198
0
0
306736
0
0
0
0
0
0
0
84242476
0
0
0
0
0
0
0
4955
0
144321362
0
0
0
15693840
0
0
0
0
0
107
0
401856793
0
0
0
0
462
74453990
0
0
0
0
321610469
0
0
0
0
0
0
0
493191860
0
30356
931190
0
0
9321779
0
0
0
0
0
0
0
0
0
0
0
15402242
0
0
0
463478866
2463
0
0
0
0
2119850
0
0
0
159383552
0
0
0
0
168039
0
0
0
0
0
0
1129660
355164385
4315
0
0
154218
0
65665946
0
0
0
5905166
0
0
0
0
147407
0
0
0
0
0
0
247044947
0
2141514
0
6811
0
0
53451825
0
0
0
0
0
0
794
0
0
16244298
0
0
439892969
41692029
227766191
0
0
0
0
0
0
0
0
0
0
0
398133517
0
0
0
0
0
7789
0
12778495
0
0
0
0
1180331
0
0
0
0
1206
0
0
0
0
0
0
58347509
2080
2216
0
0
247044947
56421
0
0
0
0
0
0
0
0
665288
0
0
0
0
0
0
0
0
0
0
0
235292596
0
0
0
0
18602774
0
0
0
0
0
0
0
0
0
0
177903
1047
761397
0
0
11975655
0
0
5895
0
267365
0
0
186
0
0
0
0
0
42652033
0
310549
0
0
0
0
43325
0
114
256
0
0
0
995578
0
0
7849
420
3211
0
0
0
0
0
0
0
0
0
0
0
0
0
0
0
327
0
0
0
0
0
0
0
0
0
0
0
0
0
0
0
0
10296652
0
0
0
0
0
0
66914171
0
0
0
0
0
31435394
0
0
0
144
0
0
0
0
0
0
0
15264
0
136920012
466178224
4154376
0
0
0
323766751
270036217
2112181
0
0
0
0
0
0
245492589
0
0
627424529
161559
0
0
0
0
56447300
0
0
0
0
0
0
0
4667996
0
0
0
0
0
0
0
0
0
172
0
27784652
0
4703
