987360927997430249
-161433272
-1150201573
-1195956108
-1150201577
-312631089
-1051894352
-1057158160
-736237108
-1137685608
-200735868
-1150201575
-1137685609
-1236237101
-312631090
-1057158161
-768256899
-467355144
-452125244
-312631090
-601590235
-1051894359
-1236237103
-885227684
-885227680
-885227685
-452125246
-1057158167
-166666669
-3
-312631091
-467355145
-467355142
-200735873
-200735873
-166666670
-1057158166
-452125244
-1
-1150201573
-1236237101
-1051894359
-200735873
-236237108
-161433272
-1195956108
-467355143
-200735876
-161433268
-166666672
-166666672
-601590237
-312631090
-467355142
-885227687
-1137685604
-161433264
-452125245
-1137685605
-1051894354
0
-601590241
-161433267
-452125248
-768256902
-1150201568
-312631089
-885227686
-1195956108
-200735876
-1137685605
-2
-1137685604
-1236237108
-768256900
-768256897
-2
-1236237107
-166666673
0
-1150201571
-3
-1195956108
-1195956109
-166666672
-161433266
-768256898
-467355141
-601590233
-768256900
-1057158160
-1195956106
-1051894352
-601590229
-452125246
0
-601590236
-885227677
-1051894357
-1236237101
-1057158165
794718
0
0
283
472567124
0
0
905689321
0
263014142
0
2363272
0
0
372
159616
0
0
38119
0
95287574
421148242
0
0
0
0
0
0
20
408160496
125
0
0
0
0
4128270
259789080
11905067
1049
0
8875
0
0
0
0
0
0
268911131
393
908433584
410294
10564578
0
0
242885031
17784646
0
3410074
12521
0
6887
2739051
0
567529311
0
3513243
0
0
0
0
0
9719
0
16384
0
0
0
0
0
13467176
0
3205
0
0
0
9590924
0
0
744
0
0
0
102130
4744019
38586
881
0
0
0
0
0
735875894
897563201
0
6126480
0
363226
0
0
0
0
375648879
0
4964832
0
0
0
0
0
0
0
484493555
183651907
0
0
536249776
0
52098
239741
0
0
0
0
917
61930441
1879739
0
537712528
0
0
422712260
0
0
0
0
0
0
0
0
0
0
0
0
0
0
62382080
0
0
0
583396
9436
0
5345
0
535
8571
0
7354
0
1813656
0
0
266588
10114653
1206
0
0
0
0
0
0
0
0
0
6079
0
2566321
0
0
0
416797170
0
0
5045624
0
0
473323393
0
0
0
0
0
0
0
78800335
0
0
0
0
0
66232952
0
72340381
0
0
0
0
1961
986
0
0
15479
0
0
0
0
0
79134
207182
0
0
0
283747432
55828
0
0
9238215
251
33004
0
58741526
0
0
0
0
0
0
15
0
0
0
58307587
0
0
0
7152421
0
0
78217609
0
0
0
17971428
0
0
0
0
1489
0
29760097
0
0
0
0
4533692
0
0
0
0
0
0
0
0
0
0
0
324184910
0
0
0
0
3750
263763621
0
7879073
277272545
0
0
0
13124
0
0
149366
0
0
218142
421504558
66357869
293733
0
10323
0
0
0
209768
0
0
0
0
44812
0
1757
131682187
0
0
0
47618
68
0
0
0
0
6240380
298230155
0
553978467
1985053
0
358207975
1680440
2234
1620
0
2473228
0
34127
0
0
2521015
329242521
6787
0
58487
0
0
1694
1154
0
2284330
0
529891433
0
0
1777325
0
27617
0
9111818
0
1462546
2948620
0
0
0
0
0
0
0
0
0
755
0
0
62391799
233360847
115
0
5801
5498375
0
0
290366
55858581
0
975
525153
0
6117830
0
0
0
0
89194827
0
0
0
0
0
16349
0
0
0
123459919
5509386
0
48709
0
0
0
263424913
2343795
0
0
174
8067
0
881
0
433316900
0
0
11687
0
0
1589473
189271456
0
104
0
0
0
2552577
0
0
1910530
33190382
0
2062986
0
403648
0
0
0
0
0
0
49863
102880
91589531
0
0
0
0
0
0
0
11127774
2530032
0
0
0
508
0
0
0
0
166933
0
0
0
0
0
0
0
0
0
1017
0
0
1248
55051
0
0
0
212947
0
43694160
47529
0
15772777
0
0
0
0
0
0
0
243434
111618884
0
10494678
0
0
0
0
0
0
0
0
0
3118194
2411677
6992
0
0
0
0
0
0
0
0
0
0
0
0
83153278
11360715
0
0
0
63518
423189490
9877188
0
20074
0
0
0
33735508
0
0
0
828
0
0
20250488
0
0
0
11624
3863303
0
4319092
1121703
0
485438457
0
0
0
2337179
0
0
0
0
0
94671
0
5376862
2487381
0
0
512608
1449606
18067385
0
933
0
0
0
0
0
0
4348304
0
0
0
0
0
0
173495
0
10722808
16777216
23993
0
10784
0
0
0
24698482
0
0
256967
0
0
0
0
0
0
0
0
0
3463052
0
0
0
42756
0
1290
0
0
0
0
34368056
1880247
6126
0
0
0
0
0
0
2009
0
0
0
576130472
0
0
0
0
1473
6274577
0
0
0
0
0
0
0
7443
0
0
11062803
409
0
0
0
0
0
0
0
0
2685331
0
0
18920
0
0
0
0
0
0
0
0
0
0
0
0
0
0
0
9698
67369709
508
0
0
0
0
0
0
1348
0
0
0
8361950
4209765
15852713
0
0
870
0
0
18242549
0
0
0
0
0
0
0
2257674
0
0
2041946
254691
232770
0
0
164289
0
0
467575614
0
4311
0
354478500
0
0
0
0
0
0
0
0
9881331
0
0
0
0
585021
136
0
70
303148935
0
0
0
0
2262164
0
0
0
46034
0
0
142910602
0
0
0
0
0
0
3246
427349328
1388828
9735530
0
859786276
2260711
0
0
1035141
0
0
0
2585740
0
0
0
0
0
4106564
0
0
0
238357814
0
129707214
6992
0
0
91356
0
62391998
13152028
0
0
0
4484
0
0
0
0
0
219563644
426559218
0
0
0
0
39175051
337667518
1190
0
0
0
0
0
0
0
0
6302761
0
0
7019094
314505
54411
697
6336
0
0
0
0
0
0
0
0
0
0
0
0
0
0
0
0
0
0
0
0
5534
0
0
0
0
0
394321
0
0
0
0
0
0
3574859
0
1199627
4049
0
9158
0
18204429
17706430
0
1290
0
0
0
0
1217371
8125
163920710
0
1772683
2731091
0
0
0
7972585
0
0
0
0
0
0
0
18532
690573
0
7359
0
0
0
0
0
0
37059
0
8172
0
0
0
0
2764167
1211
2640972
0
0
0
0
0
0
0
0
0
1332
50073
0
0
314212110
0
0
0
0
19732766
1473
0
0
9534960
0
0
0
217311
0
102591
4601060
0
0
4836
0
0
0
0
5367164
0
0
2331709
1106
0
0
0
0
0
15977
0
6046455
0
0
0
0
43112
702197
0
0
0
0
280982238
0
0
0
0
0
0
0
2699211
0
0
0
0
416708600
0
