861545217180460672
-736789561
-706332699
-479089577
-706332696
-587897147
-1108970072
-840472102
-587897141
-942303401
-914031210
-52615328
-548843352
-587897151
-660767824
-52615326
-1108970075
-275636756
-1275636748
-775636756
-467671796
-736789563
-1108970082
-467671802
-942303398
-479089578
-660767821
-914031210
-301005126
0
-301005127
-914031215
-3
-942303406
-914031209
-840472095
0
-166419817
-736789562
-1
-942303401
-736789561
-660767829
-548843349
-706332702
-301005127
-660767821
-548843357
-166419815
-479089578
-479089577
-301005126
-840472098
-166419813
-548843351
-1275636751
-301005122
-1
-52615326
-1275636748
-467671807
-1108970075
-840472094
-660767827
-166419813
-587897150
-166419813
-706332700
-166419815
-914031211
-301005130
-914031203
-587897145
-479089574
-840472102
-1
-660767826
-1275636752
-587897147
-736789559
-467671804
-840472099
-1275636747
-548843353
-706332704
-548843353
-1275636756
-706332703
-467671804
-1108970075
-52615323
-736789561
-52615319
-52615324
-479089575
-942303404
-467671799
-942303400
0
-1108970081
-1
0
42962119
1930728
0
128013
0
0
0
4545
0
569955
0
0
0
134974913
0
50
196918997
0
0
0
388
40769
0
0
0
9871804
37600
0
0
6464543
0
0
22975
0
70910839
197579
69684038
0
0
178520157
36220
0
0
0
0
0
0
129092049
1358584
0
0
0
274
0
0
0
59326802
0
0
0
0
0
0
0
0
179120548
0
25721
0
0
5705
0
0
0
17557
0
0
269140894
0
0
0
0
0
0
0
0
0
0
0
0
6243
0
0
0
175153779
19282815
8727500
2512
0
0
696724169
0
0
0
0
0
0
0
29266434
0
700
0
5540
0
0
0
0
1077034
0
0
264851
0
0
1504960
0
267401
0
0
138
0
162600
0
456
0
0
777
9461504
0
0
0
92618930
0
0
0
0
547
54236530
48096870
0
0
0
0
0
0
0
0
0
0
0
0
0
48618648
45764
4365826
0
0
0
0
0
48657368
574
98516718
0
220612
0
0
0
7763032
0
2377
0
159170
1462205
0
0
0
0
0
0
0
0
771
0
297829
0
0
0
0
0
0
0
496125715
3267
2533287
198091842
166902
0
0
0
410300
167040
0
36954
0
5472
0
0
11655662
0
0
0
0
8214272
5634
0
0
0
0
0
0
0
0
0
0
35256
0
871401663
0
0
682782
0
0
0
0
9910476
491842129
0
0
0
755027
324
0
0
302489133
0
4981433
0
463975968
0
0
0
4579830
0
6092160
0
4976101
0
86178186
0
470
0
0
0
99
22119
0
0
0
0
17
0
930766372
0
502075
37015
0
0
0
0
0
37
0
57184546
0
0
0
0
0
0
128
140929045
0
20489833
268479101
0
0
0
0
6209121
859610423
1121409
0
0
0
30
330091
0
0
65370706
0
101938
30044
0
74
0
367618499
0
167535
0
0
0
0
0
0
629541986
0
0
0
0
889
0
0
0
0
0
0
148
0
0
0
28541362
388241689
0
0
0
0
0
804035
33708612
3402
86705140
266466841
0
0
0
0
0
0
0
1719048
0
0
64895118
0
4227575
0
0
140456824
236
0
1914
0
0
0
136738137
1360566
490
0
1548976
0
0
0
8279609
0
0
0
0
0
0
0
0
65028339
0
7214
0
0
0
0
89520
52989
0
0
128128
0
0
0
0
167780410
141803
0
0
0
0
0
0
0
0
0
54715206
0
0
0
158791838
0
0
0
0
1478
2966
0
0
510
2080
0
0
0
2158757
0
0
854603
4643
0
176799250
0
0
0
0
0
0
0
12718051
0
11306
0
0
0
0
0
0
0
0
0
0
356925
0
0
0
0
0
236
601278613
0
0
0
0
0
46
0
1842929
647198
0
0
0
32851
0
0
365462722
116591
0
0
0
959570674
0
2682
0
0
0
0
0
0
0
41164927
421986429
0
0
0
0
0
0
0
0
606165
0
115293
0
0
0
1009928
1187532
0
0
0
0
112303
0
0
0
0
0
0
0
0
0
0
0
0
0
0
0
5482
0
0
0
0
11758492
0
0
0
0
37118244
18235662
0
0
0
0
22123
8506
0
0
369101340
27004593
0
0
0
144727828
0
0
0
0
0
828729
0
1197
0
65056
0
0
0
0
0
0
1048788
0
0
0
120187
0
0
308029506
0
0
159
99064359
0
0
498607376
310188056
0
0
0
192064955
0
4633
0
0
18043064
0
60370407
38012
26787725
0
0
0
122304750
0
0
0
0
0
0
0
0
0
0
0
918172967
0
0
0
155396
0
0
0
2029
0
0
0
0
0
0
585150754
0
0
0
0
0
0
0
0
0
0
0
0
0
0
0
0
0
0
360565
0
0
0
0
0
203047734
0
0
154790
441593691
0
0
0
0
0
1539840
100431810
0
0
0
4616
0
0
2069
4160
0
0
936942441
0
399822137
0
522109
0
0
62952078
0
0
88235
0
0
0
0
0
0
0
336
0
0
0
0
0
0
11788897
0
1083427
0
127369210
0
0
0
0
0
0
0
0
0
1952617
0
0
0
0
0
11050799
8056998
0
0
0
0
0
0
0
0
0
0
0
0
0
149536858
0
0
0
0
0
0
52260230
632
29756904
0
137703667
0
0
0
0
37809
0
0
7287600
0
0
0
10299675
302470687
0
137338471
0
2269
0
267161647
0
0
0
0
0
0
0
0
94069148
202
0
3585
3793348
0
17393517
0
0
0
55320286
804
0
0
0
0
0
0
4921
0
0
0
0
0
0
76610
0
10506766
0
602216001
0
62003009
0
0
0
0
0
0
0
26777
0
0
1410461
476896
0
71874813
223341043
0
0
0
0
0
235773
0
0
861593391
0
0
23151
2523
207475
86118428
41
0
0
0
0
0
0
0
0
266638524
662
0
0
61951931
353019995
0
278526522
0
17831
0
185866
11464147
0
0
157165
0
53977277
0
0
0
0
0
0
0
581
0
0
0
37636467
11005272
0
0
0
1549
0
0
0
3213663
0
0
196893974
0
0
19490851
0
0
0
0
0
0
0
0
0
0
101040
0
2330
0
0
0
0
311139603
0
0
208006790
57332816
0
0
0
2556
9279661
0
140414526
131825
0
202554
0
0
0
37556
190801
5147
0
0
351
2007562
1552
0
0
3815
0
0
142201445
0
0
23357
0
3375157
20009
0
0
0
0
0
3649
0
0
6063766
0
0
0
0
616573960
622
0
39830387
0
403196469
442658
0
0
0
0
0
0
263559
0
63859
0
0
0
