898176114360267560
-178484931
-520515715
-108499459
-154744531
-178484929
-1020182659
-792160871
-115324538
-998095781
-420162094
-545531570
-115324537
-998095785
-545531575
-345151594
-1020182654
-712198231
-178484930
-1020182655
-998095785
-1154744527
-3
-998095785
-712198235
-178484928
-2
-712198233
-115324538
-115324538
-1020182655
-3
-520515720
-420162095
-420162092
-243870107
0
-792160876
-520515713
-345151594
-420162094
-545531574
-243870106
-353849045
-654744531
-792160871
-345151594
-792160871
-243870109
-420162090
-853515990
-353849039
-712198236
-353849041
-1154744528
-345151594
-243870110
-520515709
-108499458
-545531570
-853515988
-1020182658
-545531576
-108499459
-345151591
-1154744528
-1020182654
-1
-1154744528
-353849045
-998095783
-792160871
-243870106
-115324543
-2
0
0
-178484929
-1154744531
-108499457
-853515992
-420162094
-115324538
-712198233
-520515715
-998095779
-353849043
-353849043
-853515986
-853515988
-853515992
-345151596
-792160867
-712198231
-108499459
-1154744528
-243870111
-108499458
-520515713
-545531567
-178484925
0
0
0
8900057
0
0
0
0
0
0
91810193
0
0
230124
0
54802
39812895
0
0
0
0
128279745
0
143640219
411431570
0
2080735
268050
120
0
0
64383978
0
0
0
0
0
929721693
0
88476267
0
0
244085811
0
0
0
0
0
0
0
0
0
0
0
0
0
2154564
0
0
0
0
0
0
0
0
0
0
8500067
1419
76947
0
1625666
0
748504614
0
213
0
0
0
0
0
0
0
0
0
0
17617
0
0
0
0
0
0
2056118
115785623
0
31940903
0
0
0
0
0
0
0
0
0
69679
6211092
236969455
0
0
0
17169772
0
120242881
0
311265
88118202
275193810
16891622
410642
0
0
0
0
0
1094290
0
0
0
0
0
0
8446
619
0
0
0
0
292357767
578087577
0
0
425003
0
0
0
0
0
12239
0
0
0
0
0
0
25493
0
0
0
0
0
0
0
7673437
0
0
0
271196
75851426
0
0
0
0
0
0
748381
0
0
0
1211
0
0
0
0
0
0
1151
0
0
0
0
0
0
0
0
0
0
0
0
0
0
6521338
0
0
0
0
0
0
0
133454021
0
0
0
3782
0
65515054
117711890
0
0
0
0
0
0
0
0
9142
0
0
0
0
201942089
0
13337496
1939370
11463475
6989952
0
0
53569
0
0
1505004
0
161
0
0
18686
0
0
0
0
49420
0
825918245
117
0
1173
7487
83240008
0
0
0
1216593
0
0
0
0
76
0
0
0
0
0
1841
1589
2372377
0
0
0
0
0
0
0
0
926917
0
0
0
0
0
0
0
13405798
0
40356141
0
0
0
0
0
3306535
0
0
0
0
0
0
0
79847
0
0
268
1666475
88096
0
3081525
0
0
4870656
0
0
0
0
0
341756449
40880
16438102
1140
0
0
322911700
77912669
0
0
0
0
0
0
0
46887
0
0
0
0
94043718
31865404
282104
0
77
0
1069717
0
0
0
0
0
9214
581
288117
0
0
0
920
1226331
18455242
0
32559
6813
17322039
0
0
0
0
110010387
929714206
0
0
31532049
0
625121802
0
0
0
0
0
84293137
0
0
0
0
0
0
17816394
262996
153028509
0
0
520
110864510
0
0
0
0
0
0
0
0
0
0
1589
0
230
0
0
0
0
0
0
0
0
0
0
0
39306
0
0
0
0
0
59259
212
0
0
18447596
9647
331287526
0
0
538901
0
0
100665876
0
0
0
0
0
0
71085019
0
0
0
0
369937
0
0
0
0
0
0
0
9356
163371467
0
0
0
435236820
427125
0
0
0
0
0
0
0
0
0
0
0
0
15487752
0
0
0
0
0
278157
0
130560483
0
183417
16777216
160055776
0
0
0
357659
4253
3299
0
0
0
0
77446804
0
7197
0
3891
66495645
0
938329
0
0
0
0
2790
42973
0
0
0
259394760
0
0
0
0
0
0
22835
3371
0
0
0
0
123123898
8882831
8978
0
0
2168923
0
0
389368455
0
0
324288
0
32378
0
0
0
0
2366883
98
0
0
0
19297942
0
0
0
0
7204038
0
0
69366893
0
174
672545666
0
0
2555883
1718053
0
0
8583
0
0
0
0
0
73718827
0
0
0
0
38320
0
0
0
0
0
0
22128
0
0
0
69251
313869
149388
0
0
0
0
14091286
0
0
0
0
0
1561834
0
0
0
0
0
57144462
0
0
0
0
40815024
0
0
0
278081
120242881
0
0
1595
0
7103
0
0
0
1520297
0
0
0
6001304
0
0
264502537
0
0
1003
0
0
3003
0
0
7882
0
0
0
1507
0
170311
0
0
0
0
71
0
53388
0
0
0
0
1705825
0
0
0
0
696363738
35990
0
0
0
0
0
0
15651941
4067
0
210292
0
6938346
1678287
0
0
25789
67110912
4900
556172172
0
0
2224835
0
0
59160
0
0
0
0
0
0
0
0
0
1501422
707245044
45298
159338
117535773
0
9928261
0
0
0
0
0
0
0
0
0
0
0
0
264350
0
0
0
0
0
0
0
0
0
0
0
0
0
0
0
0
30156137
0
0
9335517
0
0
0
0
0
0
693007434
0
0
0
756
4489
77146129
0
0
15431968
0
0
0
761
0
35530
0
0
0
0
71
308009
247412
0
0
0
0
668
0
0
261671533
199533
0
1222
0
0
84204
181
2244349
0
40956
0
0
0
0
0
0
148490
0
103795787
0
0
169
0
0
139981770
7213
0
0
0
0
0
233541953
0
0
0
13839880
851559
0
319740274
0
0
0
673146118
0
6365504
0
1178
0
0
0
210
0
72181601
0
14547
0
117440512
0
7200386
0
0
18401229
0
1173
47852
0
0
0
0
0
0
0
0
0
0
9510
0
1033946
0
0
0
0
297424
0
31511572
92662
0
2159
0
0
0
0
0
2149093
100270
0
116265
0
213
0
0
0
0
0
1618041
0
0
0
0
0
0
0
0
0
84291718
0
2780339
0
0
0
0
1353
0
0
0
0
1374635
0
0
365881
0
0
2532
0
156679
0
0
0
0
0
206
0
116740551
0
163057906
0
0
0
0
0
0
4949
1266
446194688
577985230
0
118563504
0
0
433
0
14073978
0
0
0
0
4253
552053016
0
0
0
2763570
461475945
0
0
0
0
0
127803
0
0
0
600671
0
0
0
0
235130390
7273
0
1249
0
4801
51800802
27763737
0
0
0
0
0
0
0
0
84291718
0
0
0
0
0
0
3265292
0
0
