-6684939
-115023
-40251
-40251
-29758
-115023
-72205
-106498
-95438
-40251
-84430
-75099
-83380
-40251
-86960
-66485
-100221
-53283
-40251
-99120
-110322
-91838
-40251
-28797
-29758
-115023
-72205
-106498
-95438
-36375
-84430
-75099
-83380
-3225
-86960
-66485
-100221
-53283
0
-99120
-110322
-91838
-76112
-83607
-29758
-115023
-95457
-106498
-95438
-159969
-84430
-75099
-83380
-164050
-86960
-109900
-100221
-107852
-146075
-99120
-110322
-91838
-40251
-40251
-29758
-115023
-72205
-106498
-95438
-40251
-84430
-75099
-83380
-40251
-86960
-66485
-100221
-53283
-40251
-99120
-110322
-91838
-115023
0
1
0
0
0
1
0
0
1
1
1
0
0
1
1
1
1
1
1
1
0
1
1
0
0
0
1
0
1
1
0
1
0
1
1
0
1
0
0
0
1
1
0
0
1
1
0
0
0
1
1
1
1
1
0
1
1
1
1
0
1
0
0
1
1
0
1
1
0
1
1
1
1
1
0
0
0
0
0
1
1
0
1
1
0
1
0
0
1
0
0
0
0
0
1
0
0
0
1
1
1
0
1
1
1
1
1
0
1
0
1
0
1
0
0
1
0
1
0
1
1
0
0
1
0
1
1
1
0
0
0
0
1
1
1
1
0
0
0
0
1
0
1
0
0
0
0
1
0
1
0
0
0
0
1
0
0
1
1
0
1
0
1
0
1
1
0
0
1
0
0
0
0
0
1
0
0
0
1
1
0
1
0
1
0
1
0
1
0
1
1
0
1
1
1
1
0
1
1
0
1
1
1
1
0
0
0
0
1
0
0
0
0
1
1
0
0
1
0
0
0
0
0
1
0
0
0
1
1
1
1
0
0
0
0
0
0
1
0
0
0
0
0
1
1
0
1
0
0
1
0
1
0
0
0
1
0
1
1
1
1
0
1
0
0
1
0
0
0
1
1
1
1
0
0
1
1
1
0
1
1
1
1
1
0
1
1
0
0
0
0
0
1
1
1
1
0
0
1
0
1
0
0
1
1
0
1
0
1
1
0
0
0
0
0
0
0
1
1
0
0
0
1
0
0
0
0
1
0
0
0
0
0
1
0
0
0
1
1
0
0
1
1
0
1
1
1
0
0
1
1
0
1
1
1
0
0
0
0
1
1
1
1
1
1
1
0
1
0
0
0
1
1
1
0
0
1
0
0
0
1
1
1
0
0
1
1
0
0
1
0
0
0
0
1
0
0
0
1
0
0
12
13
0
13
0
9
9
0
9
1
13
12
0
12
0
11
11
0
11
0
8
8
0
8
0
12
12
0
12
0
9
9
0
9
0
7
7
0
7
0
8
8
0
8
0
12
12
0
12
0
8
8
0
8
0
6
6
0
6
0
9
9
0
9
0
11
11
0
11
0
11
11
0
11
0
8
8
0
8
0
5
5
0
5
0
11
11
0
11
0
11
11
0
11
0
8
8
0
8
0
