-891004420273291883
-913202744
-913959541
-474156904
-906584553
-914081902
-914098253
-913586023
-633172765
-914098164
-914098198
-914097544
-914064178
-914061850
-911826391
-914098219
-913945810
-914098231
-914098252
-914098249
-897757393
-914098256
-895973770
-914096920
-695248065
-914098222
-912807392
-914097251
-914094242
-914095159
-864022050
-858039087
-803515903
-914015600
-837833649
-716713695
-267731156
-158437983
-914092282
-914097568
-914066572
-498519907
-912890216
-914098237
-914033478
-914098256
-913682891
-913233325
0
-353379970
-914097294
-914098253
-913040331
-914097351
-914086088
-903082108
-879536807
-107234476
-830575868
-914097521
-913919335
-159056915
-914097981
-914093419
-914054513
-909854104
-914098255
-871550965
-912969434
-914096837
-913973992
-844738340
-861269200
-914062894
-914013527
-909252067
-914076575
-914066067
-914098256
-913556773
-914098226
-895709315
-914098248
-886524308
-914042820
-878257580
-914098209
-914098209
-576256405
-914093189
-861505976
-817837819
-914097396
-897647911
-913984507
-914098137
-914098246
-913814590
-912394080
-914088532
-914098252
336
49888213
-3502230
-6
2843
19308
0
-6111235
177
140
74
-9343378
0
-796
525451988
-40
-224
16
-706988129
12
41046658
30906809
17
125540529
-534
6270
0
-3
-1860
-7
-16880248
-20
2
148372
224797963
258
67
6249
39
-814
-26
449205
33406
7705820
0
92130
-1
0
113
119005283
175890
-118042
6154
-2247
4
-96824020
187230549
-7396032
7055917
-117
-13978
9405
-56326
-24781
-40246
70902989
595
1138832
44717585
-6279
-143521
25
-5478354
-5
16102846
238281072
779385
12
35631326
-29367963
-5
-1
-14410602
560295
3
-5567
-2244
-377
-65
0
-19517
2595217
-34644209
-3
-88891505
-1037311
28702272
531
-7
-1
-16065
-132
3113
-32010712
270705
-22198348
25252
-175983
-119375
-287
14664
27
0
3165106
43389183
5925430
598
3776312
-807
-274524889
812
-11542
-12
2388
469087460
-171150
-110
210414651
-6
-224
-295549876
-651508
9107259
41948634
1759
-3651573
-101103
525400
202381580
-5
-111
861
192905
-6679005
5391497
-438050225
-5655
97
-85626
23720908
-13
-89440505
912893
-661
-107100
2460290
65536
-3
1849997
23
-32
1570989
115257773
34147
-13
1023044
-123155
112
21961
-11783
7802
-1158
-12452
-8
63412
-4407071
-394
728355
-444621015
4242
54492
-1991291
-25106
2708
39
186933487
1275093
5350319
3003958
17
12271
-9840
2320196
-1038
-9869623
704874434
9985210
2819
12125586
-22135784
-2521265
0
87
-450938
53439848
33
-97661
362
-512
2007359
-7004
-36641116
192
-2616
0
-103387480
3448768
0
1349
-27787
71599640
97143567
-1686
8562
-16747
14087937
-1
28149585
18
-138848
-10769
192
58480529
-451
1298248
334
205004
-6
7234486
-2225743
0
-56
672525872
-9829664
149211
9640920
0
-488115522
-7563
87
-1733660
-908
-411271360
-39379
887511
-2426444
-5
304
-826146
-749916
0
-12
1
-611062733
-7
-1241142
0
83
115753
-2428931
63
-256
11262525
685
-128889874
0
34998
0
-2724074
406
-1017560
7464
0
-102948450
-13633286
-1458
-10
10179
-87514
-1
46
2836487
32955709
23820
866811972
71791
0
12767552
12341
-128029
447044
848594
-167
262634371
-47980559
46778
-41
100848
125
22148960
16384
-245
-34
-707584
-207
-89
-135714187
-4858582
-7108173
319586249
4348313
-947247
-5227
-23
-46
0
-2695039
-21730
-59
-14060486
1757
4474
3614807
-20
0
-487468985
-22
-284
-90954
-117610481
-7
153
587
-244667
-346041
-376
4428760
-2299
-7279838
24129
2
9306726
10986357
134550170
-816625
2286269
-25930138
1027869
9
-4310315
-1341738
-129
-309205
1781
27146805
-693199
572
-78082
63
-4503471
-11648601
59068
-334116415
438
-30484
1583
22
-11687
6534932
-9
5
-74590
-265029
204862
10
-28024
14
-29177
-2458
-727
1670
3
170661
330
-35366
-6743
798
6251435
-2323522
31435
-557
9286170
91
58846
720409
-287562
116136584
7954123
6158001
-7
61519
11300102
1674766
-62
2349790
16
-88692092
1832627
-2150
-29360291
5702
-144498
-97885
1433
-39180
-2
476443
-240
8288
-1209
-124
60046949
-193798
58
818496
39763247
361166
69225
-122638036
-23084
526
965
-3796
-1571
141549929
-576
-81315579
46037935
0
-136
31770
4914550
1683115
34528
-54
-19
-384158
-3
-1936200
70
-2
-1353435
22599740
32234898
396935
0
-10059596
5829624
-127
-37926465
5730240
-11545403
-15400
15245911
-708577
332955787
-79510
-63608004
-423
-91
545873
-290410087
86363963
6712476
12331041
-33528209
0
7004
-23151007
-885850
-65
447404
-126
593
38
-3234849
2204525
189937126
-38
47014027
-930672
211790882
-61
1783060
-1915124
109474780
-203
-11185624
-18203
2213
-3081
-95433
78
124542
261753
-198550079
-42259
-87703
-9364
35960437
53174
5171238
5602238
0
0
628657
2696426
4632
-3
2115075
285324
10611946
-17792
149437
-18526
-592362029
17997511
-1719239
-41
-18774326
-8469380
-105557941
6714
-309806
-2019155
-3082538
-58109
-908
-1301
354061
-1969153
-8441191
-75
1065
47387
-84231
2
-521354141
369
417685
-162295
-46
-54
-10067
0
628
-5
-348
16611
-60879
-704
28
-59826
-59816
228158650
-464684099
1550
-260763
37663
-1
-1
35
7230074
343721759
122389
-77440
4
-24115
-32
877639660
-144984118
-171
-72028199
-8
-3037
21
-1385
8066
375951
-1538
-181230
79386464
9
13201
-60
-422524
0
-1790
-5263507
23550
11
28847568
1813
3532152
163050
-9
41
857428
63
-234
112
-8940034
1
-17475855
-34109
-331287324
769881929
-1451
17382643
7
80344653
27450540
18
0
-614
-33828
-1
-1
994
-15479807
-943
226814205
33345652
0
-4669324
-21478997
725175335
-78040096
-591
64
-44389
12855
8051
-38731769
1129522
2976
21409
-42357554
295
25
31
-8287552
-7498240
-39682129
-346565719
351
1701
-987398
-678300830
-909
23
25960
1859220
116733838
-2530167
596
-118040352
9775851
25168207
5
534508681
1347
33971
-206544
21584
58
-7
-260498
-136971536
-11358462
1
175500
58658
-1024
-3350
-58
24
14
-18978
-13313116
-4055
0
2
-297
1
1213
146
-2497330
14
72290
-84442951
207745
0
8596333
10193664
-128205488
-556530
8
144691
1406
-4
27985068
-5572790
-99063
-27687934
-1331
-36
-13280563
-13276
761372
489
208454
1775
-6
72762252
-2536405
-984462
-257042141
-103107998
-662
-194634035
486340
0
-19758
16
-35360540
57225
-3523
-2662
-27250
0
-18564569
-9392194
-21
54
-136
956109349
308510622
882
7844965
-50789
52
-603270
-81304374
0
18038737
5391515
-5839897
-6996
-6
-11715619
30605592
834067
184739495
-627138757
2
-18
6
79643360
3112435
-71349
-247765
0
1975347
9588
6826
-38004590
-24736
-17883
-7009043
-8956414
19
391
-1471
231
-1
-2398795
-13043790
0
-16181527
520012775
-1484
10227
-29063119
-12950481
-3
250
-40156
-17403988
105848
-42377231
299
-11487417
99247
-93
-27636477
20189
-357180709
-204492116
-4198950
-978897
-167901
215127
-18
-351
17082
-14029132
-20762812
-17337108
-9
-16
546087
-969
-478299163
-536944
-9373898
-828583
-646
2
7737600
159995298
-6420980
-173703654
-424
91
89
64892286
312204
-1838
3602182
-26932
-32
14919682
-34423
57
-319
-447473
-1235
-5587010
-6682
29783406
-35066335
-21
-246
-165091032
0
-5
12
-103189
3
13167621
8452
3369
145813
-182
12861
-169059
4822048
0
4685507
20
-66
4243
6138982
42477252
19403
-10
-48313
858988325
-655816
-2
-35859699
1502188
50
-42178
0
-10709
-12520
3
43677916
-187
-3251
-4
-38405765
-1
-1023
77899
2040
-77712
195010
221
-1654872
3314
14712415
-1
35
-430395807
-20
-4353
5654
-185002
-1
928
-285581
8603270
-36949
793
-201
-23990841
138
-815503049
10397705
6543496
-309
-22
-15
-5458
-7
1
-71887314
0
776271015
-328476
4600418
-42
-6
280897730
-5978988
-763710
-4019785
-16
8368738
-10359
3709
1273
-802
11693594
-2540050
-27227772
6451
85912724
0
25263854
-27
225783
-6295
2064
119379
-3393497
-34
475
142
13
48
3879556
-106515268
0
-97310314
-16
2
95
56637
2425
-652
-861553237
2
362451759
-241045
-119338344
-233014
-552937
194833448
-12
-40
49927
129199
626264704
-215
-10743
2787
