899902558627552458
-642809664
-642767567
-641378332
-642799808
-642811217
-642811205
-641661632
-642688944
-642810975
-642649953
-642764399
-642811146
-642811214
-642811212
-639812208
-618286077
-642796187
-642810961
-623854576
-642543099
-642688485
-641332238
-282778554
-642765687
-642811200
-642811215
-639971527
-640091316
-642671874
-642341105
-642766126
-642802756
-642811217
-642734394
-609629197
-640587872
-642193996
-637168127
-642732573
-642811207
-641431249
-642811189
-536828986
-642811197
-642810202
-642811050
-642811114
-642809786
-486131847
-641454070
-327899122
-642741780
-642811212
-642811192
-642591982
-642759837
-642811219
-642810805
-642698043
-642810726
-642636306
-642811082
-640467605
-636237978
-500763708
-642788229
-642805601
-642803555
-642803964
-642397402
-642811219
-447494412
-642518641
-642810953
-642807762
-637127448
-642738287
-642811210
-642811217
-642811218
-642811217
-642805361
-642696343
-642811215
-639355631
-642810944
-642811216
-642789561
-642811211
-642803558
-620986839
-589637727
-642811052
-642810063
-642811218
-642811216
-638274572
0
-642811219
-642330637
-2784563
8429687
-74960590
-73
318728
-2707078
-489786
-135
-2993746
5131
162043
5
154111
-794
-61935
-417683
-21104208
33362101
1274
-12
-507197542
-13538
5082136
92406
-24343
-211772509
59
-1624348
10704
-251653761
-8
492620
69780
-128
-34348883
-276217
168585007
-103
-37450951
321065174
-29508
-128731
-532595177
240005661
39214
6601
0
244339
7029
2496
-134910
10670
0
19
27
13210
96544046
-599226
-134975
-201577575
0
4
-34
-45
-7
-115
-147949
24101120
3056
2022
0
23559
-14
1775
17
9
27583
-526
1375755
987391
-73289621
422522574
23
-39
-1443
-213331631
821
-3183950
29519887
-8656815
84
-218831684
-19
459
-35118187
3840082
-1073979
-2
-195772
-461602
-31632
-1363223
-6
-237799
-7827
8
-69664
-65
-1
-4322141
173745
-31903496
-73916
2
-143551731
-4022
-169909
-35451475
-70471
120
-49120135
256487
-1643313
90765
1521
-32311811
-30575515
22
25
13003645
-2
-474382
2589
-1
13
-21179
226
-54657719
1044
51933448
23
1958051
-430746642
-499
47653
-1273
-10602
-193764638
-4573
19
-1035
24
5340
-74
-93279743
-149003
-9178
-7037000
-17894
-7813
-10
630
-8609606
3543
-5
-1289332
-1048829
27823612
107
7014
-212622
-82126
33704061
-48
20583191
-801688542
434956
4250889
94945935
60055
1224
407865725
-411864
-5817283
-472712
-72
-12379513
5828
0
14
540059
-66104104
21
-18758092
-51686703
34
-5822880
-7117694
47108850
40160335
11948
-4517426
10
-128253905
54
-6829
-762
-654154
-15235
1403553
625513934
94
1
-611292
-540611624
-38834095
-131123
802972
-437964
7
-1
-993606
-84510359
656
0
-13
88
9194
-7876
1306860
-535
9574093
134932
0
129
22593219
-337905963
-4
2
14
-429472
-109927
-12710
481865
1
2
-405005850
2103593
16648
660759819
2885
114442
-431542
150
55
541969490
-5
-60496576
80052016
21368
2367175
-453002
0
-472769632
-3389
1
-93446137
28080
-4
3897973
-104934
442686
16384
55321
-407548551
-17896407
8155
0
80688
-28439757
78477
42271
-3
101
-1
-77315
-7226
-169331026
28615
-1170047
-61858
-51766336
-368748482
16552248
60
-558505
311425
230518911
-21979
-43
-52
152661
-2
-5059965
-13175894
-12740545
-8
85
545951
-66514565
-232690
-1
-335844973
-1617
-25086098
9006371
2903198
16
494836
-2837171
-6059
3
49476832
660
-61895852
34919879
-212035737
-5892
90019816
4395312
-36
201288
172
26844
-2642
124479204
-41458841
-37027168
2
-1391
-108934
7485
-78122302
-63541
374706227
-11617
-1722575
-90893
140089624
-15325963
-4
17
-1823
147412542
19906091
130
-180
-206242
0
0
544365
1439
-6
-84446
-29
-10
-47624
371
-34917
-533687
-3001866
5936121
-25
-2829
135091
118353368
-3
29254
-239216
-633
150667737
0
229
266414
9
13755078
-255174
-40
-14
-135091
-1542616
-2021
-18940
450817036
-2
-1372
1383
8
-5152
-920733
8830
-98380876
43170752
-5350866
112232
-55027048
-1
449399060
4153
-330802
36
98
-109530
172503364
-2314
13059
32
-66
-223050
2034
59873358
4695065
111938726
-32766
-416507850
8
-7862
-403559
59417171
-2478
520
-194
-5447000
-669
-8758177
101
350
19
26480494
39175543
-3
716
32008552
598
5154
0
-20
172028987
4936256
42788
709282
6384
-371
-1160987
-4131946
-13667470
0
-30250
40
14
-35499638
-389702
-94101298
-8546327
-227193
527898
215
39860184
373
-19335
-5
-11785057
18
4672
12663579
-56885692
-1686
11237
392887994
-685
-3859
44040192
-11
0
4789
-1973
-506
-573284
7004934
526
26400216
-36790
3649
3716260
-12482
-59912835
-990
-22
-91809848
8040
-7323807
70
-324820
7
167497711
294280051
744
-3294
-29
-1139
-850386
-50847978
-2629
-1070037
-110230
198397
-163444
4600832
2098622
-10423281
335432
-109397292
27680
394522637
-2
412192
3170987
37358784
3301
-346368008
25212
-147874
0
-1675045
27830
13
-1111
1
-51552389
-103
4514692
-11
-107890073
98
-590
1855681
-143
6
-957
-89606
10982
3763
22959
0
2502773
34996
92
-664471
-26074765
-87006027
9
-199896
0
16964576
55
7
-163
-11
-1484
-11216
-290413
-396
91
25774
81966090
-526
-7
282073011
12245
574
-725
-22277126
-299736
538
52653
2104
-5035225
0
-593
-471255740
-15822
-2722846
10688
1459225
-4398680
6962042
124514381
-1
-7737
1537315
-42936725
-58
-500396945
-362532093
5
44
-610100293
62
-122587
-56904
-78514
-5
-24521565
2113
15
-448455
-91143568
-271
680
-90128886
-1766
3688
-15885
16
-891
-95
23
188508658
208568102
580179
-86
19870
-8622220
41808236
41961
-114284869
-12841348
-59
-3
697600
-67760940
1539
152
-9598
-22
-81956094
954
202281
-1362
-65701
-6776029
-9475
294657
160817
-14436
-788
45548272
2
1672800
688863
-46510791
2595132
-535839
1113770
-40066
-14075
213
-19325118
-177270
200814627
-1068609
11
406
25
21166
38
3
491
0
68003
-95199
51928
-1120
35
-7509148
-7297392
11935019
8
-31505
1
-3
-2075145
-1901
-939770
6
19463
-4174
-8090
-7
-361242443
13367
-33
63
-1185
473
6
359367306
-15943
19260
417
-258372924
39156
11564443
-4329
-11582725
9088409
0
-715
-5225465
-4237965
424221650
798344
105
-1133861
23425
253461927
21593
6136
-11
116665
14745657
20
0
-93
-14396295
251312134
-8730
-3021451
-597
-105310693
-2154689
-3106220
-10806869
71956669
-14651019
-1228
10873818
3173645
-264270
8157883
-2757034
190
-1724484
176517110
49336175
-12
856
306
-338090
-295334698
0
1317105
-304630718
-1504
-1892947
-6
29630258
2343
37
0
2204
0
-37127
163727355
1644
7
13421400
-10699717
1023
1984
70708434
-6490007
-158
-14
82394345
-1458639
-462231
-35793996
-608011219
-598
1166
-883482424
-300159599
-3091820
410
-1274
16
-17
-27502
-51797212
-1114
40
1248
1
775
-2871610
-3508243
252562
-7
-24928140
-10
0
-336
47
-115967080
0
-176592435
-1056
22131724
23
9227344
82
240063
-825741
0
-3519321
10002
-12013
-1095
47275469
1782800
3266703
11
0
9
-9
6942040
-163020913
-7
2162
-136393
-15833
1342
-14111094
-80
15536445
20867314
312
33716
-23862660
-98086178
-75042171
1056
-1598252
4757906
-61
1924
-385
-73
-4519066
10527
-9214
-16
0
164
22848
284998419
-14009494
-426476
-8230472
29627
315788
-249
-4289
8950
-643
-462175
2073960
499
14660
-372968522
98759561
-580
10525307
-39809
5496831
-14336848
604013
54362
-159809053
-153819
2300
-207
-575
-4861958
-43126220
-1302840
2977
58239
0
33556659
750
55491
51
76001
-74797
-26916
-11226389
0
-326658
-104622643
-37
8337
7932
1
-28156923
-6043165
36204721
1105768
1611808
1
27
1038
-258849
-7338
-46439
-103724033
13399015
7
36068
-52
-5
-411748480
-121848
-4081438
-276423
-2169151
-127
124
-50
-2703
0
8362
226
722
-1965
-557676
80
14154514
44886443
8
1881
62
-11969
-5557
-21517393
1632
-84
-264
185
383978
-997
-274
-51994
69
-797552
-647819
-3883509
167
186
-729997
-1
6685897
-6027471
-9470
-7004
136239
-13332
-5004919
-28601469
2135
5280
-3
248
666940
73262336
3788
-124
-2173381
-12
5
0
1
89
63069039
10
10545
3074281
-1541861
-40
