120660763045239972
-874965219
-875265616
-869146169
-875415606
-875225756
-875391538
-875415602
0
-869755484
-845753399
-875415508
-480039736
-853871824
-875415232
-875411452
-875415553
-875234835
-875414131
-685074206
-875415585
-875292387
-875414653
-875415613
-865534102
-875340986
-875415613
-875415602
-875415407
-337384066
-875411118
-864559029
-875402991
-875395095
-875415561
-875415613
-152289245
-875400614
-874912326
-875415504
-277281527
-234193211
-862094336
-875415537
-875415616
-368873668
-875415521
-875415587
-875415588
-875165851
-875415604
-875175689
-598325582
-874839330
-875405176
-875415610
-875344447
-875415534
-875414511
-873785200
-875415609
-834769587
-875403500
-834088966
-787062423
-875382154
-875324234
-875415600
-875252021
-875301346
-875415600
-875415614
-875415168
-875356469
-874713581
-875415598
-875231569
-875358455
-523730515
-875415614
-874974372
-875415452
-863389002
-875386932
-875358359
-875415499
-871849371
-875162876
-865636341
-875321183
-875415613
-875415516
-874215576
-265875586
-875412613
-636573685
-875415469
-875415614
-875393267
-875415533
-875351049
-74785010
20000020
94473
32950
-328578838
-47
2620591
0
-343158
136
-1582439
-126
-3182
-2303
141
10981
11592
-30200
-4
21
-1838100
-18
-3388
9013
14513531
-96674597
-15728541
1
89271
-1004906
743258931
1004
384177
42
7745343
-7915
1503
-73508947
69026
6
-21129548
7331983
0
-478350
-6882736
-418750
5356062
11801
-2165515
-2219
-9
1729
-38
4303
-230253180
-126670980
288653
-158436620
-30128988
0
-282305956
-5025
763
331423
47574
-110668
1093
-1474181
-318
3862232
2532829
667
45888
-305
186
-3053404
-32321365
35872906
-3648
648508
623
-444754
264572
-2905872
-1
71
1
-49
-58
-27
-2
-16
-320494
-31485431
27
29
-7
-102
2564
4
2
-116034334
10
46266
-152001461
1590
-273591
-460
1198
-2909573
397982
-3
-35122883
1168622
-1769350
6957598
-18
-12662
2339958
-517
-2459
1
-13853090
175386959
4640806
-10395
-40211
-52422
208193118
-103223489
-106
89716871
-1923826
692387
-1
-4596073
-17911
-5
-14
-682215208
37
-14226
101712
918932773
22792
22049266
-43730
140440
-103
-12505323
30
-6
-3128
-6
848
459
1643870
66402848
587199798
8
1024523
99621
214513022
-3
29712403
10
-14354
-465527
-607874195
-2507099
-87
-1207
1177343
33
-2027
11
-3102
19488330
1864954
197
14318577
-1283100
-68500
3544773
-1039
57742352
-228259
146265
94
-5073044
3
230889639
-14
1728
-367714
-171754
410854756
-6097623
526188740
-182191808
79482379
-1121444
-28648
21
-381
0
583
55171798
1112282
1418864
200506852
109615878
69041827
432914
-865
3031
2
-24436040
4079603
21341007
-358
51
-129740
21547586
-3915300
102221
827963
198
-377
10791366
32844639
15632351
-4
-129
67445
-111920640
-8558987
132
-4119
-1199
-5185037
-3065
3
279131
0
0
-11041888
31
-26400435
202
-5122483
-81
343
457
5
180612582
8114
-443697
-9
1497
1
81582009
-166664
-1236
-228
-4056207
-6253
10033842
-1
-62305
-369217680
522
5
3228428
-12719299
-2327144
-578563
-39454993
33490
351
11650862
1126414
-108
591742184
6593
-2
-1103
78928195
503016893
-5
-1306223
-5776232
782
225931969
-204961491
15641
-94425060
60667801
26123
23641
-457863
516
87713
-649836
18
-8
1848
46
-1334
500
312
88667
9460149
2738694
184
-36978
1163436
-2340303
0
-9960358
-926
26918
2
172
-201365659
-7
0
-446
3135
72
-2261
305358
-306591
-27103
-80056522
2
-9288052
-130
212943
-210760
20725555
120572
362940482
0
-65551
2937465
0
15633186
-2062433
6260
129898652
-2975641
2141
240655
-3500430
46229
-348
47
1060742
-3419749
0
234650
312
19988515
-1466301
-18966205
-66868
28
-9914117
-8
-54909425
-803655209
-40
28195429
17
2
-874
-129
2
13
70
-115521492
135029833
66353548
572176
-639
216429
4
-213094
16419
-460
68
78
-5528657
13226
25932976
-139069
36727
53
-3
786273
522781754
56323
-221
71304
-12
-345988507
-311
858537
-110
-48068
22
-56489621
-48977921
3
-210441
193
-377270
-9
6041241
-547
-8224
-128031
0
-7997
809679349
1193577
0
-10037017
1831
-995232
344
-94
-3971
45338789
-51638
33
-210676450
52449910
-337787791
19106695
17373
-10498652
-34
-972
-59
2
0
189
5543
1293
-30992601
-4108
-2342
1321817
2825302
-5
1345
-2739
-857905784
-6854
-4555
-1369771
-10
24238745
-47157721
1
-554563307
8
-22135
-791724312
2055
274367884
-396206
130870987
52
876
-29
206
-40
-3340782
-1097
-1736
12
293612993
-31369569
152694
218358025
-11
3939753
51267888
-2
-180
-58
-1365542
12
-773021
56705
0
-1541
168
422206616
915
48868
-3253635
-285
-58921777
-394
5311
149131
-430622
-28
-2275351
53
8
-380407750
75260
11
34
7
4435
193
-18970
-223395
-4
-14
-3497746
-10125
7640
-266873
-171
45
-1
104281
-7743
0
246728
83521
5586
-6408322
405
-38345296
-156407
-342678
120600
1303
1380488
3
-16
32
-34130
-9
-70923
4150758
-71609079
-2557387
29579932
-1954
190488
1
-17272943
-28
-3215
-8
606511787
-533480
-459129667
0
-1232890
-14
-51259
-8706877
-183
23234691
-1732
-80
3529
-236187051
31351
18045293
-95177
-108427
4146951
-227
235325468
-54
2
-215
3
68033252
-69
-178
-80
-22841
78074
-48043653
-8
-7181695
-55
-768605
21564
1297
17
-3749029
-12551
73942228
12254740
-218302
-117394
0
-39
68465208
393
-9811
5197208
-175212218
1526997
66976575
-33
0
21211058
-5642878
425477259
69
-537400967
-127
20892
-2860107
55457
-49539
31087
48
-249464
-2539615
1
320389
-28244
105055580
-2
-33074542
155268843
-69867
1
-29250
-40087
-19061629
100
-731568
-27378558
138
2
773944988
-1202
18699746
-3520
-235
106783536
132
-50823
11
303
-26266304
0
-109106
564
325
15
-79
268720980
0
43
1912783
16
234242653
9561796
10665760
337391560
2827
7105
22610
15
-27
-12070269
817
57
-13478
652
-1
-11651
119248
246
8187986
-187675
-15730943
128
-239
1791
-161992
5971
1156091
452600
-3148901
15
-14
3262955
-1
1595
10640321
-368
-124347
33
-7814
480227675
44
-49673416
-339991
-21
-701494626
235
-213125315
168108
1551989
-13603
2980
2706199
0
-354004763
56
55
-4088
-31
-26330
-441
173348
-186712582
-62804
128
-195
93212
-1121
8784721
-9034169
100
-348738
-2
0
3368
99254
852830
-30
3
-2675482
552315612
-383083
528109406
-273462
128
-13450557
4
-153
-50
-1847
-6375303
-141285548
-412
81670
-13151955
142929053
16695133
452878925
-105
-625
721104772
135
-119207033
-345812567
8624
-11722908
85
-61417975
-244
231360
662
1199
-49
-2034
-2993407
57351
9394754
36151
-655792348
-6324
-41
0
-15654
-8
-1436277
973131
173
11405133
-99879
-28
-6210
2898
-2735637
-68
806919
7105
-101
-573
10447
-315
235797
0
-1208772
-251894422
-168120
11233
81158
29
-25351
-2
-14
685459983
-2
-328
-224313493
100
-473498775
-242931159
2281
-3531385
80
-28721738
11503449
33973
-2717279
-349461
5
-36132192
-253172
-91
-11638301
-41201
36
12117
-894944
-338022
74565860
24
-133904
829
-13920
18309
461317856
-823
-22526
14
1685510
0
-1123189
7138
275850
1
-195416
21793
24
-441935
-117
1
-3408
-2487339
32132
111429
652568078
-3151070
-34866299
0
-211429035
99
135421
0
-64794003
-131288713
66374963
-5319
-342303
25230
38
191375
713
-5540
-114503
352
-1088863
-322
-713269448
185263625
-63100366
5949487
7593295
-65515935
-2
1493909
7
-16
0
35292
81
-325172334
-982264
-23
-11
6731633
30713110
20
44440108
-23
4258193
89414
5
-41831
-363347150
-25435
-427
-3466972
-418
-16
-61758
242
7203760
244046
-14341
8846052
-26000
2
-236
3863129
140800254
-15726
29968930
6961
-155435544
-131
5
12218089
-2891478
-105
2457
18734
337
16
1746698
24
-143
-73
28295454
-1
33205059
1213124
6
512
116
-6572
-14
320560
1090596
12280
227295567
-51
-1448
647688
5
-1670406
1406
-8730
-8
-667758
6079
286
268429
8655400
-24670
2972
-32
-9
-599
3
12
410654223
-464901
-282700449
22646038
4061504
16702531
-12832976
-477
511
100
-66471
