401119688307713257
-851767086
-849808195
-851767881
0
-851642595
-851770123
-851770022
-851770765
-851699778
-693854826
-582622086
-851770759
-799193504
-851766606
-846784016
-851770799
-851736484
-851770744
-135077698
-851749517
-851524574
-845994243
-851746186
-851330120
-851770551
-851769712
-851770768
-851770641
-851159575
-851770231
-788870388
-850808707
-823415343
-851770774
-851770001
-135043548
-851770680
-851540565
-845798613
-851770772
-851697675
-851050146
-851687670
-851765332
-851769452
-851770786
-851759386
-845490935
-851770559
-851770798
-787284918
-851770116
-851770791
-851770744
-851657715
-851757105
-851588868
-851758014
-851770571
-849344837
-851770496
-851770267
-352379415
-851770791
-851770784
-851770630
-851770799
-851770581
-851770798
-736966490
-851770795
-643105227
-411164290
-851769952
-851500482
-851770790
-851770654
-850795542
-850581112
-845896845
-851508939
-851770664
-216043200
-851770784
-807837385
-849858548
-785902117
-43551562
-851760124
-815450989
-814380028
-851765869
-851770650
-834493258
-830585769
-851770341
-851763611
-851770792
-851770771
-745957766
-9
51850198
-910
1677
-20368922
0
-3
-76697
-177588
-100295090
-231725694
8
-8195968
-20
194845990
17327212
-12811
24282
-420696842
-743
-431387
1517418
-216
47
28007513
14250
-4897982
0
-84996
-5
-3395
-2157094
303
22484001
1001097
6854335
9958
-507
-3623
-872527
-1752
-3272145
16
-348595842
88067
82033310
1564
-11824420
-31327
1899499
1898
-148063803
351836
8416481
-3516
-2996652
-26591371
-32385400
-21
-66818995
0
-27646180
-1196374
-1
454719
-308041
37124
139943351
180758
283214
681
-13
-928525165
-1934
4
-480849928
-831691
1038
-15847
-12104
85481
3259
8067730
-38
2830080
-123
13888
-46128387
9867
-2
-6510
-3935
255974
-33907078
33095
-1554
25
16582395
-6
-1
-6907
-1126
42433610
1
1724222
-250
-14811
-7
5
-848054
-3931
-313323789
31010882
-54
-8086144
14992497
71722
-489105145
-880540
-173963
90302406
169
-826
6010
266086
-4
-6236776
-13
29355597
2
-3260
-12739
-6130
-201016217
-260
106
-46033
135
13
190
-53843
676007048
15
-2961059
132795036
-104336019
0
442109014
23898755
-1340135
12446767
178619
-1772
41564358
0
-3298
-16357
25
46697727
-46
-9222
-1527
71
-56
6891059
543
-9999
3
12201
1032
103
-7085
-73
-20515525
22
17889078
226
125
-608198374
-19381414
-502
80
-738742
-133921412
-5022907
-13
-15384643
-618
92964748
354341765
11170
-76884
50934
-284908155
-87035718
21
-448207
480
-45
292297
-38
-5688992
542
-215028590
-10049899
-3774
73691764
187
45790270
61
1034
-8769
787906
-62
-888
131267
849640
-104684610
-549219332
78
274
159
6103595
409849621
-1626
-683505
-21
394
25919629
-2029350
-3424
4206641
44942
-321
342
-21036475
-2
-7941
-16604757
7458
4857
149240055
2387641
142
-414
-33855360
-487
1363
-142
3656
-793740542
122237
6873
-475721
-141
627214
-736612761
-38810
146429
343
61
258798
-215
-1953
1096306
4937
-126
115207540
-75
-81148
-240
63415825
-371101
-15037
8498913
130
-21
442
550
0
-10729
45643
256
1653
-293
511
-63
-41
-37519
10154120
3
303093
1584
-27582477
-34
-63288964
-753111
-716716517
-48
-88
-183
-243218
9123
40867789
59
-17165
192869457
9607
-46263720
-30435233
-6817
-9176127
-90017
-1531425
1
10466597
-501
2844
294328258
36
-3678
-173
-92
-63
-1757703
643
2
1835
114
52221
-1
88650712
-119
112
0
85974
48
152838593
-1604153
-610
-635445
88053135
-59
623343016
-15618
170225
-41166502
0
-16241
-1423351
15
-63
824517012
-59
34167
-32
118248
-512321
44464768
-1116
-4959630
-814
-949412
0
3762
-1
44447
-10
-3599
32817401
15487688
-3213
26
118728184
152616
23023699
-392
-33908763
0
5
22604603
-8195
0
-158
-4689570
33
597485
170
21988433
880401
-2757902
-477291
0
14428308
0
90
-48351
91168
-673843
3
-883292
-62773970
-16
-43058348
-288
643
189851
9804176
53307
-6222491
-92
-51
56737857
-15734890
493
-63
-4844576
-31665
-852907
5984
-35454
-1447913
19847
186121
65
-1390
996830
34
-133
-8
-3
9996694
-694960
11727
19
6
3070
-22268406
-1
-150
3
-1374227
-255957015
-119871456
-1253
-714534
5002160
-229
-464988
-128608
-79
-6280438
9
-15074997
-32105
331615092
415915849
-717
486254917
129
-764643
0
30675
-478062
-187533441
-323
-14231895
4
6
525
-54348338
-17961
2726
780865
6072
7
-203
-44160
-21
-6954
14922608
-17
2949
38
-11822
47
-3
-9
-47690370
-4659888
1653
-10841601
206714
150463
491555
852
-635
-5415981
77
-1490939
111
-5497
-3952
1346
-9478079
-4937
49121456
588
603
19676
6
88620
208
25
8906
-57593090
148274
-84
160
2732331
5460
-20
-6274586
-800
2484
-26788568
-776
-1380575
-29
7871437
138311038
-86710821
79480581
18815
27335330
8
-47
96516842
-465
172
-1367815
-18
2646016
78358153
-4429844
0
-95403888
3982
1
104122
562223
1054
233476730
-63
473
-3447
67
-643
2
0
-208
-22
-8214944
-13643169
6740626
0
50344
-115412217
-146791377
2341675
23851
-155830368
-44009
-2
90916
-76
0
2016
-1171896
5770174
34738341
-6810
626700
0
15366
-267452548
100861022
300
194832
15005
1661
-30
200
109
8803793
51815717
190534992
72879
6
5
0
686835609
107079396
201346
-194372241
-609
2
1392
83685
-3206038
-450956
8
-231835
1651
68579
4555428
339144
-66758
1331
-12991510
-107445
-3
17848683
0
0
-2
3944123
12
2940349
98
-1803542
-13105753
-2
21
914664
-136150
178497074
874861520
26911
-10161
-3576
116
-28841586
-1324498
941
92721
-34
8
-17587178
177848702
250
111510577
-114288
367440
18125526
-170
19615
-10
8680240
-28
-196
-22269854
-650051
-94
-47703
-249061
40768
-65744012
12260
-128929806
25591
2878338
236045
0
-13905
-2622270
-5064
-9
8
-3066490
-756881
324
890082326
-2213
-662863
38557810
-5
174562199
0
3594913
-8396
-2667003
58661
4427611
-4040
-1414
31176215
132346396
5
0
-117825568
6
-17307466
4
0
0
-257
877
5
-33079
3035797
14633
-3737509
2474
2181
225
-719487
4042246
-216
4327
5305647
-208
-1
-49011893
-255614
-83
-177129606
-62548837
-71359
-13641
1
-111998
-60552
-81325
762
-2
76
1662769
8149
-12120954
-10
1530078
2065280
8115020
702393
5206953
58
0
57687
4532078
729
-47075330
-80962
22287
402
-14298516
281276
240737
-10560
-46832944
2786
11219638
-225999
1467846
2504
255282
394546
-83614584
-73114
237330
-103551153
-60
22
-678
798458
16387712
-864
-458
-553320
1352540
5748904
6
-6441837
39645
16406
-73928
214
11
389309
-126
9587
97615
-362612
393323773
-2189
42
526284774
-91053275
6071330
5532857
-8177
162049728
449921
21946034
-2
3350793
-227
0
10669
2120
7
-4632785
27874
-257
-56750926
1
-393324892
375833137
-143020
1945
-17500899
-2906542
432
-296
10141211
2369
11
4202191
-435
-1777
-615951249
-1092408
-169
-1800150
117
0
-52
-25
0
-189
37968
245547141
-628610062
-14235
-72356995
190
-155772
-11
16890
-21641
55415153
9
70738087
-108184
-80142
-13
-18525367
-126608
215997216
-12501564
17479131
336624
35
-431
47325626
-9434
-7
-8159712
-1570223
725983
2923145
-28
0
-216991717
1143
6226074
21
-3595030
2333
134262006
1588
831888255
-364
-5
1227
21796982
16477
-115192
0
-42600925
-44
7510
23
-446
24
-23
-73399897
-49
-628
230
-5
-2182761
1492030
634116
1197505
0
-77
4
-43
-199
1488
-23837165
216363855
5810797
92
2044
117
728197697
795201
952
147765
-86878809
-1831776
-4125078
664703250
17916966
-6240777
452486759
169004390
205
-10
0
-72416
0
18
26732
2382
1304
3544264
-3705
1983982
-935
-9920417
-402653184
0
-9669965
-4
-64799393
-757227
48181
23263378
-9
111994181
1
0
36
134850891
-4938121
-202361
-18069
249260
0
-4859675
-8
-383
573275310
-12
-2
-483035236
304573065
-48
-237
671045637
-13
489
84
-94561529
60
0
5273037
-30462361
-461481
-3860
-2359
2
-774386
-5450
-603
2779
568077
-2
-116922
-445786
0
7634433
938734
-2536464
98618061
359
-20401
