-406368271145311575
-879326224
-879150316
-879323275
-879325431
-879322650
-745590813
-864940736
-866233037
-416045960
-879268769
-879326219
-879326222
-879324480
-823045717
-554480982
-879326213
-734836672
-879326221
-756915622
-879312180
-70733766
-879311537
-879316578
-879326141
-584264819
-879320488
-844563403
-737765929
-875889607
-879321433
-879322158
-879325813
-879292352
-879255627
-782839952
-875672392
-846022064
-721917876
-879316557
-751827538
-879236330
-871513532
-879324279
-853905966
-872310226
-879318722
-879326223
-610529348
0
-847142336
-879019057
-879255757
-879223553
-879326224
-878849774
-875953955
-879325932
-879324830
-866640935
-879326221
-879326218
-879326073
-879326223
-879325666
-879157031
-879325978
-879326223
-848388608
-879326042
-879320685
-879326146
-879317123
-878254232
-879313261
-806714781
-879326222
-877288482
-325459175
-879325230
-879326221
-551446481
-596251326
-514337653
-877888516
-810513401
-394596474
-879326193
-879326158
-878806362
-879326209
-879280582
-879266404
-879321654
-879326221
-874817878
-879321893
-879326171
-877760983
-879326216
-870659722
0
-9722058
-16
29882352
168592198
1
5867
2764925
53
-8
-11305
-8
6
-157724597
-742651
8674
585006
-9
-2916241
14
0
1822507
-847617546
113
30297
2328
312901633
-333
1069420
1836743
66
-7
21704876
-23397
-348337088
-10211
540
-5225
840987
-13834558
-1
-2
1380384
119
-4469638
-1872214
-236728318
-1
207786875
-64266731
-443987975
42768
-104
-12390
-18878
768333
-26807
752847
252312212
-12126549
45424
639626599
605017881
-14796179
-17371831
33
-5759
167118427
608
-25285867
-305
577645963
135064
15
-17263180
134355
275048850
75285
31
-39404
625
1106
229810
-2086725
104
45
-198
0
-45997
-9
6677214
-684105
-465
61
17
-18952
3308
49
218
186119
802
-1140
6
57492
132108
20599
-97268339
30615
12691374
154
83190
-58
-41
291785
-19308653
2095998
-2855239
-10112285
5068127
-49
955
-176827
12735
-7
-4976557
98
5116
-1
-4929740
-5
84938
8972744
1222
275513344
33
336
19210
-4736
1757
-13669153
34954
-54
-554908027
7
18
8651
-227
1534
28457455
-68929
-27682654
144975810
13
-15
-527436
-1998922
902984
-153
48270
-196986
97634
-87
34
13682
9930115
-46
-425
-1376514
-9570583
2
-42506
783361
12
-246862688
14
24
-51
7473672
-595
-2572
-222
352946873
-716
-3864
102
458102
-524171
-517
101397835
-45348
-8406004
-368
4092
-63
61023640
12
-36065112
19332
-1413162
106
389724
-1267
-720
-6
-16
850501
-79
18608
-15
-87529879
-873
-16038
186
-40124
-150
0
1632
2
-9
1619
33799599
-1
0
-656548
-756
-18305852
-2007703
-4257
15524
20878112
0
-571041
-4326
1152
-239
1
-4756802
-15312
-32
-9720
-16590058
284639
-266827134
-888
71350
5
350504268
-5
-8
23634
-559985
-35064
779
2
1204
349
56
-11075
806783259
-951833336
0
341912696
40336835
-84401
-504437885
-234629
-5823
-49429
5335811
-1558
953
-17208926
0
2932057
7728816
-15881
-274475560
-32807387
-40
-2
2328
-851
-228592
-137486
-63143
-35681
242106079
20
9781466
2452881
5
212
-228023295
256017
33
2704
24526973
2050356
24
-75261
132641
476643737
114182
8
1
608747
-131006
-4433336
-23317
6021969
14211
-8
3995167
955343
26632263
1
-1141344
5575096
169915
-1686824
-1442393
206
38
-14587707
71
1
-316
-3530
825
-16764636
15201546
195383112
103395
-1263
7523649
103
183933
-6503508
126
668349
-45
-241
-20825881
2927
2637616
-22480
74740
312181
389272
0
-1773
984612
46281183
3159
-1185718
-14184383
-118368
18605546
415421
-5149510
2129497
-590038
10
260857172
-4588347
-9223227
-223520
-221
-9451
-1
9
-2433
-109247
-71183
15999667
-180
2710999
-468
-75215
-25564
-130115
-376164489
-179380
-24405
487827872
4167009
10
-20661062
1545
-17143038
-50411
7
419328661
-8
-238570
1
1
33
19153
-8928
-152832
-8
0
13261
-339984252
0
-31
1908
742013
1687
-828
-402
-8697556
0
38
-129292343
-612471
-31412
-1679791
17242
-184790
10
1095
-30799792
36311
5388
-1414041
-385225062
-386699471
-713
-136
-214033784
189733
228
-69613424
3020
83792
-8599347
81
-4525232
-2578746
-11179611
-2663421
-8117208
678360
-4940
1278
-895967
-69985
-408761
0
0
-18
-1061670
-150948
-145326
-80217
-15035
242354
16571851
-395794
-451202888
621
-533
-81
10406376
62184603
101
363
-853
29493374
0
-343
-324
-6880595
0
59175
-16251
-36144654
-44912385
2745
323018
433006
-378396623
-41
-166468560
-45
14
26
32920
25519
146340294
-13553249
3092
1202895
68
-1
60076
683763
654390
-8527
-1520
46
-3
458
135
420
0
375
-198
17194
-2802487
-87319
-2813
-585466
5
1935074
396
1622772
-10587105
-8029
-5
-130672772
-1208782
94654
22
-118563
-9443
13679518
-270
-62545
-71
-37222
77
12753776
15
127724
0
533346640
16
1
-5776613
-13
1234791
1169857
0
-91842
-77496
-1
15232977
-45
0
84
-422876
0
10596176
342974
-185420714
82294
-4
0
-3686489
-1422
-247033
-6651
-64206
31968405
-12385519
84
4035
52981264
-30660167
-188775
-1
-5847
-30639
-183974319
40133552
49054979
5
-816
16595
29
-174
-72315
70252
4683839
0
-990
9647
5342354
385
130299
34
240640860
-275
432
116
-230466
43250013
214530245
-6
2690
-25
168
-3653730
-2095959
97559
183543
22190
99915
32
179417484
13
-319920315
20
-20
-993
-1245903
-81145
4
-92
1510890
-92364924
39184
66558205
-140111105
801
61398
-5
-15915496
-1937974
-5665961
502494
-56187137
-83566
23692849
248082
-1949
-502497
1418
-17130564
62528908
-14
9576382
53377438
0
145754
148316
385685
-2356
-9401485
1344
-12163
571665
33497605
20260122
-1598421
146
414
5
81650048
-367
-3992658
-710785517
-37
2756
-61601
-320
3450
2191
-1
-39
-268
-40
-336
-852
-80861833
-42
9
-162912576
583
1478
8431
137312
7307518
8
-27
5054008
93
-1804
-2329707
12822
-6391
-35262346
965
-19554
33
-103
521
5133
-95582
-2
0
-79548843
373385389
-4
-10333146
-27
62554420
-94
-1200217
-1795530
4326740
-145540911
568738
92
-785374
-2303
8208552
-9
-50418
19389212
341514
0
-1
-30246
6
1812
1041
-5205
241884190
-52
-344145
-10
194595
1274471
28578
12154
-105322737
44
-8934100
-26961084
-489077
3639
-265890
-272851780
73773
-362737
-27434
528
171407899
60541089
-134
-4
-37
-9250458
69090734
-95508
-120060636
-708
-4108807
12730747
4968090
-88452
-13
-152
139
-422330291
28
-3
-1029982
-2804
43
267936710
-454921
-460
-195
-5
1
21
628041
-1246512
-1996
-7586
109
22147
-1401
13998365
25
-231735251
394275778
7138
11198
2064
258
51436811
3356321
136
30
12878
41
-751406752
-4
-191877233
61013122
1534
-15434
28
8647673
815716459
2129
3
-348144
-9228649
-162021946
8021471
2232
0
14945406
41101106
-11
309631
16
74
8288
903263
87644
0
-6155
-484
2133155
19
-1757
1915948
-6
-2
0
-3110276
-3876340
319552543
-1048962
-81
22714
-20152
583515
89101015
-54101033
-4660
-4
2320498
-899
1078
-295
-219
56
-2588053
1078
625308410
-17220
-3203613
1024
37422
62207904
-1599360
354445
78
600
-10
2509
-36174
337
10377
-166814524
338
-307
9140832
-117062
-1235
-3423
26209185
1114
-26349
-144
-19575
2731036
-18
32113
10
16903327
3
-26989808
228010
-15883
-8619
132368
661750297
350010
6
-521501
-22442469
4
-8614393
65794
-113
-85700
149
-164942
-3
1136875
63353486
31524647
2
-99403
1473
20574
13937
4
-162380922
80329650
-24
-5007
-7329
609
-4
-26897846
109132
268435456
1
12
-1618
-4431
-247551
3090
44936575
-4884
-434
-108010128
-6709419
-74780344
392
-152
3
1
-82
409258
-2
0
3706232
10298
13
-7
-106998
0
1
4148
450122
17
-918
85
-3694
-41788
-5266
68298628
75
6752
-267825
162861
-451597438
442772824
848897
-677414549
-128925
-5407
-398
4786698
-132508
14
184
-6092924
1388
-3862580
0
25749270
-15
186623
0
-12000261
22821
-63275525
66
-3935418
4
13984698
2318
-97
22404729
-194
96441
15921
