-311679829920776749
-554277373
-783331442
-791309806
-791075977
-790004977
-791310319
-789759277
-782127439
-790887878
-791310320
-387662197
-750843901
-240901086
-791308634
-791310315
-791302614
-791262426
-699537402
-453832702
-791309472
-791302326
-791310101
-789189672
-791310309
-791308903
-261184191
-791310287
-791309381
-787716369
-772842271
-791310316
-788293318
-787500979
-767621503
-776449587
-791107542
-752814733
-791279343
-791310287
-346657174
-645687219
-791309837
-791301232
-791310315
-791310086
-791309115
-791195630
-791310320
-791149202
-785067905
-791041307
-791310318
-761747941
-791115227
-789581651
-791303203
-691908587
-791310016
-791310276
-791291013
-791310310
-791309040
-791310319
-791310319
-790523970
-196578796
-791305495
-791239259
-791290714
-791310307
-779530998
-791302766
-789413209
-791287717
-790932144
-791116438
-787838639
-791310319
-791251013
-787805842
-787316055
-791244263
0
-791310306
-761115090
-791310172
-791310136
-791296174
-788487680
-791106520
-785641376
-791310318
-791302726
-785186464
-790674751
-789489596
-786257666
-790646719
-791293002
-536228092
3577
590755
-3
10203
48618
1328
-91
-1166355
235
-1962
-114854
796
-5754449
-1771858
-128849449
-8805
640
117
4
-13604
-19441017
-190320615
-5400666
6994
24878521
1133511
286572492
-230639712
416085
679981
32727919
-160416
-21548
232407
-4
-132420
15
-25
140567287
26
-75
-400961
375378
4
587347
-7207
-8
-931526
-380
66407
-65765434
523
-4945094
11
-683660731
16244
28
-144034
184202
1
6322520
290
-85964
-30548
27
-36013
-1077
-5
-68512742
-87
1
-1070066
-11
5632
45915
-13461
21815
8232
-13
160649
1560
-29957784
-70
23
-80
586
126029204
0
18024118
-49818405
5
-93
6892
134
-202329788
8
21452681
3239
40645789
-339275325
-1433293
3
-18941
-1
-373333
-2
-92251
12
-115529965
-157
-128021236
74346
70635084
-249283
911304190
-674
6019
75
-49628
36
-3178
-23
565
403925
-2
-2701
-17737980
-153249189
116216
485656868
222
-404660891
-2692
-163
-13
1064
-467
4
1166
3988
205
6206
49908
21
27876534
0
-30249612
484276
-579
740
-4
4532628
-336483
-885526
-13
294156
0
254934
-209928
-875121204
-33702098
7490538
197654
0
71121
-5056
91843665
14
407
22385516
-4606
-51
26
-418422
168641
17830
163221
95
41552264
-177
-35907
-596411152
9
2
0
-1
38
-7
-882
-74775083
-31375030
72
772106
-2560840
4865693
762481
314
-5
-42576797
-7723
3672
490331
-14
128
1437
-40
548851
934532
263631088
-282442
-70257
-8589
-9
21736
-1692979
50409326
9659898
60494699
3
-96
333790779
0
118346991
-66
17
123204386
-198
-3358
4096
-10854
1
141037077
4069177
262
1151
1076290
-14583795
-1299
1101386
-208
-51856
-227913
-111348551
-1807700
2676
765740
-4102
-215233748
-127296790
24948463
0
-57
-3165
-561977
-713
114
-54
-1
-39802
81995
73
-6396026
505
-3
-34821
-71556158
0
3287
4748
332297899
24826002
-134
-173239968
956127939
14504073
226689
0
301
47599083
8672641
-25622
-1311
-8
-135146
185
33075071
-821721
72051605
-57264
2491879
-15649318
127
-270083
-68555
-506705
147672442
-7042284
1268
15762376
-150
-350469425
2319
19526
-748191
88
-310
57483
375701115
7583784
-91
-577
66256880
24
-55533024
-17990
75835429
-789024
-1394
1
-704
1891
-11534850
374
78693413
0
-95595286
-8
241
2552387
-27
856
51
26611930
4251568
-2
-589
85
5
21324
-79448
13058
-10907
551
-123425155
136
-113080286
-359200845
1566
30868184
69561906
-28665
-42194
-201
606
7300443
1122
36844
10
5484
412518
113
-3615
-319655
-16
-3974
-692
0
275
122916078
2324650
-62076202
517292
-176
21818387
16
6110482
-3
10314825
265565709
-196877507
-1096
359
50393
218861
-4295631
-1
-5879
29
-35
31177
4019
-4108257
-1201439
-746
-310143605
-9
-8334724
-124820725
2218
-1031
-3263
13538631
-99
7956
5950730
7752357
10197
-143308411
-165798
-1088
-1516
-2323
547173
767959
218989177
2938
-32223757
1316836
-777540
-4539
107972434
90
-37104573
2
1
704
-4
334139
-3693
-151
-901247118
-340
4
-57580237
9
19680
-18715840
4853893
2154248
-8415
3
29306506
5
71726
-3
58217581
-239885
-74
-361598
129021494
-93490
107
0
-19
8136627
5
-406305
-1415478
112314336
6250
73
-53
271331
-78243737
-35312415
70569
-28758939
-623
20
-6897216
0
966
166
491
85
-33944380
28435
-2146
-4930
-946455
-1
16889
165135102
4636225
199518
-129756635
-246
2
-26
76
-32768
-12589
-3942
-819
12693
-3
76604
306963329
-9438
-326
1488887
-48
-1630867
0
-101147
-9
42904
-37547464
5
-1600
-86
17843
0
3511
18
-229667088
-7389048
-20239
-9815670
-20
4576
826
-167612799
0
-21324
89888155
-388122
-205693647
59452022
35551595
-1303
-25046471
58836615
3527912
11
162
13099389
62560
37
-2
-2891286
961421
237477
13486798
2
1146
76819764
695
-391
-60630111
4
-332
-564593
-48
-63588
-374
-19289797
305773
62795944
5
3281
65
-742
-23919
0
2
-473104534
-725974
1349
10230
-4
-216557716
16440162
-15514
135266792
-3818
103
9
3
405663
171328
-12926
241402866
-174593
-374485099
419
110912
-55567
-481529
-13498
-76
5171
-2788159
-346401186
3
-286
755222
-1685019
-187139247
0
-17
-375
106765194
-4
-2529
-4
103
-251468
16063230
100174901
-2400
5169
0
-132447
6090009
23196
14795
-21
-1507
312
-841117
-258635
314
35772149
-4
-225927
18277
-1
-14588
-16563
-676414
-312196
-6119516
-205092
-667367704
184190
1553
-19
-6
234259
-2659
1346
-180862887
-3010946
-314
0
75335938
-151966
-11
1537
-42003
5
-151
46120557
797
-5
0
204
319681785
1697781
32897
-650
201
-34002
494168813
-5
-89701
-27
30483
146047
5
20682
105059
75
226859
-173437
-31406744
48
-429
71083
168476
-30408310
0
122070150
-56351897
0
-57
-3501763
546769
-8
-1395
-12
14084
-36097
44
4106
137436361
-17043
356
-2365527
-8465
-332734471
-435075
1028934
1417733
775553
693
14701968
172464592
21402915
1
3
-86659
7676
-458653685
-15
-2
-82704274
0
16999474
765510916
63403999
557
284
14056
-4974
-184
188898
-11548468
-675
209552
958363
-8101364
-8555
-190195
13185475
12478172
375598
1706228
-135
87615
-437538596
-874739
-320
-2
-18625486
1822768
-4
339895
-36967
51316
-11
578888
-343452
17286771
-8287298
1557
444061
-205910
13
-372729
1076
21
-1292481
133208
-469
7697
-20761070
336385701
41606
-452
-1
-10745114
76
-4
-794290748
-5288887
-1526349
-5495191
0
8
8263231
-1
-185001626
-20523
0
-1149512
1
-35464788
-483
341044542
1827860
16
-821353582
-3611
-1870
-2737
-3
15584994
-5
2481
-5249010
-3448
5333
-6742151
97826
-5962
5512
-46933107
-4628639
-924
-3939363
-1900
21527
-128264751
8037123
-154625
-9
-21061
-87152121
-186
-2176
-40
-20
0
-15477590
584608398
26052
-77
-1126761
2867
-2893
1199818
0
-143
-71
11750
-161
60116
-2838
1
88271846
66042413
-147267378
1
-217
17299783
3282
-7
101
-11
149589262
-542113538
-83
11963
1
-3517
-534
-61035800
-62586
38562
2127689
18426
-4680
107
-214
6468
0
3734470
-19
124033321
-1385246
2
313605512
63470
-66378290
-140
-41584
29
-47
8601814
-69
-16022
3
55502
4876
19
-3
-3796
-7055104
0
371028
2
-2
771
692146
83686568
7
-3
538048294
4297
-1389
67
122324
61
59
58327449
-4
37392
280643948
-16
33913
6075
-4697
-9015397
31594052
122651393
-6
-780352175
1575040
-4965707
-12810
-6230
-3
-5518
456774125
-419
13146
91256555
25106201
123783
158
-2884044
-11105879
-10233592
38
3743
-8948923
50
96
-7
-58
-295
3
-10
-121358638
-583
0
6201708
180164
-5339712
-59173
9
6494
-39469
-893937
464
14
-125
123
25054
489485905
0
598486
-30101787
-784
17889
20
112112
-228208861
-2896
-2
29
319
-396961683
-7335551
-3624104
383720
77673068
-8
9670396
-313
61
-631537
-1088315
91202
-981875034
-124558
553837
-13185
11151399
7670850
2240
26252744
40419
-36388166
1
-718009
567
-25073
