-575446555272810141
-929591268
-29667934
-929643050
-929642749
-929554917
-929642284
-858462080
-929640974
-929599534
-929643046
-929643042
-927126107
-929641580
-928376220
-929636812
-927705373
-929641789
-928568501
-929638834
-929642166
-857089774
-929570705
-929642866
-929642381
-929643017
-929639077
-929499795
-929578752
-927230984
-929642186
-929553847
-929614325
-743456135
-929640515
-929642172
-929638423
-799962121
-762625331
-923741881
-928874115
-929334145
-922765367
-927151709
-928314146
-929485413
-929631663
0
-929635697
-924609786
-888773262
-901684916
-929643030
-929642668
-929643042
-929642995
-929369837
-821042955
-907692874
-929643051
-929639378
-929643010
-929623642
-907317643
-929637523
-929643004
-926007534
-879021450
-929643038
-928792875
-910475677
-703857556
-928195043
-865590692
-929643049
-929611655
-929643045
-929480581
-929643022
-923434006
-914250137
-929112736
-15108542
-929641582
-929643051
0
-929642514
-929638227
-897585758
-482509354
-929614427
-929613662
-929593974
-929308193
-929642981
-929643044
-923270630
-929643047
-929643035
-927715671
-929641844
-553
-138430056
1361859
-26
109691033
-211572
-71748364
36938
-66525
5781
3171
-97
22093189
2035572
-108
125
-66
-421
-48079
12050543
-803
1287
25289
-255260346
1535
-70
-3525229
35506982
0
24747853
-119490759
-2876
1
-22668338
0
80969852
7957
932697
-22591
330624091
-4283764
-10501
-3237
1
47970164
387226222
529
-6
2699
-324641
-67450272
-133016
-4
15077247
-615737560
-431026191
-216805425
-119307
-546
-35653
-15707558
9180590
36382
-17771006
2038
-14729896
21
-6
-3551218
86142957
-69531140
598
31437538
-63688484
174
-46
-11020223
304552
27
0
2892169
-154430
-3
32625
157
790971813
-37887
2236
396186
27
2589913
-42
9035288
580
345
1893
-26524887
-7153851
-2946452
2490508
-2
470532048
-3
10709
-1342
4949
-11933102
4
63565
14
-4511352
-26748050
-226678400
-2975
1998
2077
-514248081
-21
-47
4
16588379
3
90046
-57261357
-662907
-110787624
240
621599976
-249066
0
0
33197
774
133367
-275
39269
255876495
-608127
625
1947291
269921
24
58084295
6
-971451
5600745
634744504
-1110
-5
-9175040
90436191
-927014
277373847
4726
849
-65
-65326997
-9252
16534
0
832127694
-6
381085623
-979
478364584
715981582
617270825
-507
-366
355
-635613
23
-3
-37877
22734842
-2270510
959660207
517227056
0
-666
-2235
-33367085
-11
2
-225959959
4
-31933
-1170389
-65252900
1302
657
-530
-2
141981
164
1293
58178
-4320
-967842
-9053
1
7968983
2626
-723
279286053
-36386809
0
-4
-3
670904
-12779458
-13
-200
192
150146889
-511
20
3654
4540
0
4054270
-7953014
64
8931
125
58019
-26
-7128747
34
9896948
445403811
-202
5541
-237622
1255
10
3475
573
-1155
-22081
-4182
242607
13914005
-654
-162
-419333
-2033
-4720780
-146
-482289
79
-6917820
135
-1893223
72108554
-17010195
457873
-258
161
7313552
2
50
365545
317709872
-268035
-5
23139523
8
1
-331
-69410
539
0
-25418
0
-33
195680
-399350
-25824
0
17230
89
244282
-9414851
-135007504
-787
-64996668
0
-9194461
4566
-79859
-219964
-4677
-19650
1537201
5
194067526
854743
29372
-27100694
-487727
52
2478
-15471
-43288412
53935
11
-8
-7583
75888
181920
11692944
10993964
2143
-1182
-109
95767
-30401184
-9
0
-121
18
265
2103322
69023
3077
100
-268022399
-114395
-48580867
-13931083
929092224
-144630387
-38727
-2808660
68858287
897
-5203341
-5
-1298502
-975
45544
0
479819
-852
495696
-543
156396
125237
27032
-22790
519
-1228
-158
3791
-454
1987
266
57337653
-10496976
-229318
801983
-70300
73557
89
-110960
-92410
411631
2135
-27251
-209
2122027
78
-510
6
11
235893
-8531301
0
-466592899
-7827042
4797931
-277632952
-79335
538
33776514
100
-1365701
0
-15
-764278
2
2526182
-5
356
-4312
31
-2858
-42587111
870986800
8727
1269
249451579
-11294856
-215
162
9731671
5584
-279890
38373210
-41
-27866
-62570
-434956
-166710917
475765
197956421
-653372
-6419
-651580604
-6
-282
-141233745
-80390264
-7
15453
1432352
70289
-669115
185
-234862
-274422821
-48383360
16548
275
-18815
-56933426
-21306
77802494
24733902
0
7285618
3234
-685
63338059
6212472
-4
3246
241
10888397
-560530146
-6099
1625040
0
-1500
-16
220829
0
3580458
-284448
0
22822542
848465
-19437
-1189176
15888
-79502
-36165
1421
80085
116215
35
1081
10917625
12
15207219
0
-4401
-791
4
-513398
-5577566
191963191
35467
1210064
-372312
6
-12297
472934
-47
139185
92044428
2004452
7124
-839931698
15689032
38638
9522
201849
-437764
-264
188251223
8310
-29992104
-2711
3664242
-57
-2740
725401
486078287
-429241901
811503
-1
-192348
-34722
-319
10516
93122
18921786
413969
6
-16
-788
-54856666
1635
-5473017
33075
13166
8529559
-3513755
0
-927
-52196
-19819444
26155537
-27
-49428585
376230
-78
-7544
1082343
-8255
4
6845403
221905
-34725499
-9228
44
246
-2
-558206
-43274730
-17604
-325
98759743
0
1338720
-80
-8137165
78104
78911
-90
-7515
32181915
-5074823
1080
-7398474
412005
0
-219
-475742008
-39307097
13307149
-11
-267683
702079
52411
-148
348859
15976
4512
-26766608
-50
-408108
-111244880
1
-50397
81854
-2614132
0
3788
-162995
894
-5900
12592
-193
193
3224403
-3118
4
1179
-2
-2061
-1511748
-1376383
-167079
-303523
12580155
-45258808
-1726202
92077
50431
-18434
-48937
-15
298
353
-978
178
37423773
250
1217
588
11504768
6
323889273
-17280692
-49
33
-721462669
-2242
-422
-2048
7
-170310328
781707
5236935
-2505
-13423510
750168
329365544
65013
4999
5482
-3891
-265090069
595
950995
3
-109832
78509
-528
-5248441
8236
-26605442
105204
-4118
-276921
-4800847
0
-44451
26699695
18
-2955820
0
1
-204330
-138565
-52359559
2
-349
-9857003
-1227376
11648
446941
-26
-2086720
-14438789
3189
-12860011
138069
-38
2563
139465588
-1324637
16171
258082470
-171275921
-29178263
0
1
14204
141875066
61031257
357233
-916
569678678
23
-160
-35
-322257432
0
10144
-38788
1167514
130436
-346651
0
64681038
72
-205118380
2506823
258780
16
100
0
1144625
196355274
-31
204387050
-16973920
40659197
-7
4586
-1487686
-418
-3
-73535666
-3646620
25253
-112
-5839385
-32898260
-8463
1
-986637
1356
58252
42530709
5653874
-35665284
-8
56760507
-2
811073081
-39397209
-11350644
-67
242894
-23455
-52664392
0
-324470
-2196643
66
-57935
5
169062
-514
-8978374
-19
1
-674205
-800812
-89
-40398
-39
239
7312
-55296
-1402895
54547
140531601
61591433
-238585325
40196
-1411
11
-2289271
-126795225
-517009747
104062
358323227
-1554
-2845
34814889
4763
24
-369962819
-416262
-152447495
0
-182
24
0
-27282
-275107
-6659484
4934
154
19
-10872
2
2651793
-199582209
1955
0
1367
126
3192
-160
-238324
16
139
331212256
-2375
469534
-12256
-4559296
-710149134
11
22887
-8149917
-213550558
9636
37
91378
587
-2593300
337588969
-432
-83090222
183704379
527858
-417659
7071164
11550971
69277422
85070411
73
-197042204
-379714
99161
302
-6
19138
642887247
-1390465
-2731
49817
-229930
3
-22077028
47008373
-11803532
-8332
45047
-4590414
-113490454
-342924
-18455116
-151581108
15
-28
-5666538
-56711
-5540780
-5824461
-26366
168355896
-10708
-184
-3454010
-64139
15134
251
-453
170829
-2
7225637
287404
-3086
-94139
-1664786
377
4337124
-1128707
708344344
11
-73690
112367284
28
-12069965
9006
12
27107453
334911
38
-109457
-11761056
42175
441290
-357
-540
347
4546
0
198805126
1538
2257612
-113
-78
3010702
405831
-43922392
525319
5
109124584
-2125
46094
5076
-264198024
-16
-14864
-6
40263466
2
-112567
1291282
14432
2
378
-1
-47
-472
-217
-1941943
133829935
-120513
-17171
50
3076820
920
-4
-13
-56240
0
4455488
2
-56094250
0
3715
196776
-146
112430924
-234188935
89
1
-6151
9
9553192
-1916231
-1
704241
-37995525
10256
258020134
-154
-1859
-11336
1016
-631864
4
306387106
-200110859
-770
-43
1311
-6985874
-5
157935
123
5451374
874591
-24
85
-806485717
-7550555
2828
-13600684
-2554
-1002
172704059
3
-434915845
91658144
11
18284
-275632344
-654958
