176074632661835758
-739930474
-773316821
0
-773316916
-773152579
-770623310
-773313063
-773316933
-773227042
-773099249
-773316811
-705791945
-420259709
-773306387
-773315259
-773309608
-773316934
-773305960
-773149543
-773316879
-769749584
-773314750
-589567266
-773316920
-773316844
-767802315
-723776711
-772438373
-773316927
-772748512
-773313461
-773305406
-773307010
-772437035
-773316932
-773316554
-618689758
-658418813
-65439864
-772951354
-773212382
-773316937
-772822427
-773313694
-773316795
-19487432
-767894216
-773316931
-773316823
-765912284
-710292336
-773034372
-773302568
-773316938
-773316924
-762663498
-773087309
-773316945
-773316166
-773264135
-771407027
-711294275
-468474081
-773316782
-772760557
-773316942
-773000565
-773316945
-773316923
-773272686
-773301001
-773316945
-773036490
-773266088
-773316338
-773282126
-773218284
-773282390
-773316624
-763906943
-773316511
-773121867
-350910995
-772869027
-731265193
-773316945
-773123702
-699236116
-768176076
-773316933
-772373683
-773290439
-773262702
-771650187
-773314141
-773316765
-773316570
-773316808
-734331495
-773316812
-937
-14330427
26
1004
-450
-7683221
-36527
-2847673
-148356
-1424625
89
-1045523
-333192841
-429376
-235
-42
-35784
7
-78
19441
5083200
0
-1324
-310273607
-12
6544
-157159
20218
11408378
10
675872
-373321
1
-824313
-16
10763
1205
-69
1202
290890
-4
-459350
0
6
-1345589
118697782
11669112
602970
2741
7978780
1616702
210
-871500
-3
1
684251508
-2357766
3536088
5
11
-111614
1410054
-27
-2119
-5
40616
-24302016
67921
41
-336819
2768348
-11424
-373634
1309773
-277697657
7067568
276
-1
33
2439735
-1512
187
-2676
-7
-62859
143775606
-7693
-34853988
1816388
0
-476
-93705
-19183206
21022600
6701
-17784
3
-2307
-251359
7145
16440485
87039509
-11077
-115149
4557329
43
628975
-42288551
-184189657
-89147
2
2676979
-57
0
2
-10
3438
0
-36927
771317
-15
-823
-28424843
-696
-967625
0
-152
-3831
331597090
306
708351
-86
-19834151
120073946
-522810
-188493
-9093
443178
15158463
31
-2
41172417
-16
43885
-2593990
1
178863
140378
0
-15120
11
-4
-7919605
5760677
-25867
51221018
-4686875
44866
423378
-74408
-937
-166
396189475
0
-152495
43
1
-53440
-6830
-1200336
-2528182
531522055
-18
-11980
733
-59878
-54478909
-2793
-236951
-17529
-200
5339
-320
37837
-37612284
470
-295
3964133
-6563
5501686
-4651666
2019820
1645
116
729321746
2613
-55
-34454
169334
-270
-713829
-58305
139938
-149110
111568050
23483
-8557307
122
106682
-10333
446828235
24719388
-12286
-3975917
0
687096
-64715210
-14476
286
-4
-4487821
60427854
25244
-189
-67045611
-30
80132092
579
-29575989
-38
-53417
-13279375
17
-43
0
-749538
-66271
-2776
-357717
9572
234
-415
-80
-2125
37249203
2
-1277
2702332
-69804
-1485352
4312413
0
218
0
-94350
-6789922
-33
-5171
-8
81642688
22283498
-27
0
-4
-324367942
-769205
236
250998033
87
-66828391
37576097
-537908540
-1440
-1075446
27468
-16
7542662
-1718948
-797913
-2
22144
8046
-12
1245911
1
0
24595
-787676355
-3
-1
29
574699457
54053060
11
-63951
45997141
-26
84305
-85437998
-16191423
178
119721
-79810
-2838503
47440
2429034
-34884122
-2663
-7
-9
39977791
-42947804
0
672
-661778204
-410
194
1
-204906
-94886709
-953
-41
54
9083321
48375
226045758
-10
5
0
1357495
-5
-5
-92012
239471
-9294791
-79
-238430453
56893
-6
821
372462
16403676
383685
790873
115
52545977
0
1
2
-3
-3923
14407375
-3
-1827819
-32628
26
411312
3
-131857
230
-10783
-11063630
-276604380
-5
8
1297300
-410903
-4128
24
245
-1
87340104
320
309
3230
-4676
-59
-1
-1
-714
538367
-38
16294921
-4951
33243756
9194084
-331838
-75576
-3945415
293
215513
212
-218079232
265502
-17733703
-1409868
7
378
-3537121
2410456
543494591
-2432320
-465
-6829
288451773
-6297598
-25533
1184822
-127531736
-480
-3
20559
-4508
21387
1631
-71
-1153
1924
484975
19446
-83526
-545734408
-273340826
-76504
-240206560
8
-630756
-999
115
-78961773
-3309099
-911533
432316
14131
23683102
26644692
175733803
-330590
-97
130735288
-17
-6058094
6180256
-34397
2
-1783249
14752386
-521
-79431
171339581
-13432
-57806106
-13
-64
-245661
3
25749732
-5965
9
-22
6
-791
-31472
-59609523
16475134
-468458510
15722251
-14171
-81
-65548521
139384029
-41045
-47
4637
-343
-1704
413
-90334
-484316
-8
49
-27
-771
3146063
-18761626
-270180
-9
1240
895381923
-6
-1
-135172
5
14501901
2
-1965158
225
-1170
223553
-1513820
1
-2845
-17
-356841
-1605754
-3707
10
39603
-537368950
-712479
-231990
8369
5193187
10
5448
0
164
745
-980109
26
-109
2284029
-11150470
726
-45
17534134
14474236
0
-7638673
900777
3266835
21862
0
99743164
198533
1746
-2309
-1055928
1018746
2506
-12
-2
-146
19598053
-42
87418528
7
-203455
-31736
33
18924
-18621
-3813
-427275
50457
271846
-1914
-777
-4535
564234
-310275
-1161706
-1996294
0
1795
-134851
134
10595
-817313
-481299013
201443
1750432
5
13030437
-303
8783
-53
-4
-11220422
7
448782
2333
2894
-6443804
-115
-264299
-362403
-262440284
-3404
11584038
336390
0
83819
-27257121
5424
-205856
-86049
44706653
-11490
59
-3114433
-13949
-4
2338
220
1017
319778641
860360
-62173136
-1172844
71340027
105099
91521
-844
-19
-5197
-123548
-10
-8322
-23380
16
2318
263138
74875467
925193726
1264376
75923377
-217553412
-5796861
-27544805
-3448
-40263
-4622700
-2
22
68
-5700684
-470
0
-9806
219
299
628
-1
-5431
19
60245
5142323
-7
7893
0
-330696
-104
7345968
-1474
-5431863
4072
13
74
48513
302
-59125
-443454
-2564
2076
5
-916
3
3
-59822481
204721815
10
7
77852736
6413
311
1697832
1
-21
-223657
-6280
-4503619
0
-81798
-234
-17
-7
419309
-203
-11996616
-23708
-699
-1458397
-111
-121590174
336165647
23119
19429048
4
826538
-5920618
-1575
-10530606
1
41632
-37434
8873
134174
10980
231224852
10818516
-721457
-64
-319644256
125652296
-2684
-56600119
225
209
-11069693
71897591
72351
-66
-11
179
2297
-9481788
-14440
2057742
36
-13713923
-1
-292713031
165
6109806
-20223
-12582
-757
-520
-464
-3
297438
85403
-79671
0
1762
-1087917
-4355
-3542
-726
7507
-152094
62487
450388
-247
12107197
1841
30
2
274
-1
42
-2
12317
147687984
-109910485
-173
1673503
-3376638
7772
8418185
489
-29
-13514
-1809057
48629
-12427
168723289
37671151
-5129700
-15308777
-2347
868
-172
-10
-13162
-12
-15872
-375
-34807
21008
-1131485
-1025
56752908
-2965058
341134
-96676
364
-59694027
62
-46775951
5
21098585
0
-132356244
132
30
-24
-142
890
2122917
-3
145
19670343
9
-4526914
470481
0
322507342
-28
34015791
-2017
4108441
2
-1
-5157
562646
4
0
32
-5055
24
550125
-14361796
101718
-28868
-3
3292968
62
-15467970
-38
-6019333
-38845
-16197010
296128
29918
241
0
-18
-5577
186
-19
42964
5195814
-1880583
14994992
113587
-1713104
36771
-24825970
-5245733
-2
-7157
5341
-7
27372
2
-1
173200
-12041
-1
-73169
-262615
-922642
3981117
7043
0
-305019
-23525927
-374080
0
12941893
1
-6993806
-5623828
474603
-47852
-645568363
-21907
-16290
858308
-104
297280
-40
-9588176
-17
-903342
-10672
-27304375
21
1228518
-50
4279
-2156730
-87774
-4891
0
14
-3431530
-3673
416271784
-143052353
-3546
-43993629
-28484
26
-26272
-327480
-9
-1
8
-86199276
17
246708678
-39306
51
-591005
3221
-14467320
0
-2
40577471
-138174
21
-15
-936
0
66330
121921
-286189
3114602
-104678
-88515
64799
-24
149929
32
-23349
819685820
-31172
-322479679
-294974
-463922
12810557
68323722
-97581
796829726
-107243
-76262797
4467700
-8
262
-7
457867
53354165
4164298
-3786
9789380
2278
6729629
-29436
-860
12
-1
-28
-421969
-52246079
1688451
-5605434
79014
3442
46227
29366
3
1561694
768226506
1069
20385512
4951
1374631
1
19365239
-1844057
561263244
-24
-78295
-4466
-179664
-7
6441
