-904526281578506556879
-2000357712
-1909660328
-1998924375
-2388558881
-1275807766
-2909658714
-938739605
-2001830117
-1919057715
-868444
-1938503560
-1157121503
-1439793874
-1000737949
-2909302945
-2084999131
-134608738
-1900747181
-2000179010
-2275807715
-1882441724
-2002040591
-1909750432
-1940242624
-1110769715
-2000128792
-1909750433
-999999037
-1999102331
-999342000
-1134522778
-2157068643
-999100196
-2998920819
-2991515355
-275807923
-183407396
-1999100192
-1923337343
-999965856
-1472384166
-1999100362
-1909329202
-2454318149
-1081767910
-1270980581
-1134604309
-1054155010
-1001880274
-1060504223
-2063872004
-2002095604
-2040190343
-923389003
-275807921
-1275807904
-2039445282
-1999559201
-2909750376
-2999100041
-1995510782
-1440831127
-1597420664
-1940251208
-940251210
-1002096784
-1440797112
-1999965483
-1275822391
-945539783
-3039372737
-1040228963
0
-2103000570
-2000178785
-1995234852
-1998920823
-737952
-440832654
-1157071904
-1000179726
-2081767904
-441110118
-2060241153
-40228996
-1999997016
-1085003816
-1000750269
-1085034585
-1001533658
-1967079736
-1711216913
-1978665657
-999561931
-85689630
-2000380598
-1000185658
-909751694
-1910945282
-998924806
-999994543
993545074
999999993
-992878227
-999999978
999960341
999993490
-993559497
-999877844
-999999982
-999999973
999876922
-999937973
-999876861
999998789
-999941273
23621
999940880
998271243
-999999982
999999611
-999999995
-997558791
-997927901
-999999997
999938128
-999967843
998739886
998645513
-998433454
999999992
-1000000000
-999938733
-999999998
999999981
999582031
-999611127
999999998
999617246
-999999969
999999997
-991421411
997928250
-999985752
-999999969
-670328882
-999610274
999999969
999729737
993622141
999999997
670329018
999999997
-999999980
-999394897
999984406
999980038
999751161
-999876673
-999983774
999937951
999993709
497883
-999999999
-999999987
322180205
-999888335
-999999995
-999983733
-999627251
-999999999
-52417175
-999876575
997928516
-999999971
-994079766
993967818
1000000000
999992715
998613041
-999970600
-999983753
-998613041
997558790
-999751137
998614068
-999610169
-999984234
998841105
-999937303
999995903
-999973453
-999764724
-999999981
997199941
-999998592
993541171
-999999970
-1000000000
999981422
-999999999
-993542819
-993528068
999999998
-999999992
995224585
-999983742
-999983729
-999994058
997930105
999937964
999999982
999999989
-999917785
-997556895
670329539
993541633
-999953014
-999999986
999967830
-999999984
-999984280
22623453
999999976
-999999972
999999972
-950028546
1000000000
999999997
999996741
-999997470
999993733
999998058
671038602
999999624
-999352295
999999699
-999369956
993541194
999770855
999998602
-998640590
-999851061
-991608835
-999610165
-999938169
-999938006
-999876533
-999992638
999999998
997390344
999999999
-999987313
-999849662
999951614
-999999974
-997866853
670441111
1000000000
999997530
-997558868
-999998084
-999983624
946968560
-322185363
-999612345
987309598
-999999971
999732788
-999983641
997928225
999999997
993541185
946097330
999610090
990814179
998742001
999999993
-998080078
999999999
998615614
-994170965
999999996
999912363
-999999991
-999999987
999751136
-999999987
-990549144
999918122
995392584
-999968269
993541177
999872779
999944336
-999983645
999999975
-999999732
52715606
-999603452
999964909
991421327
999999990
997560461
-999999981
999919606
999952818
-999999973
-999999999
-999999969
-999999699
999997351
-993541195
-999986866
999972561
993546114
999999587
-999920345
-999993492
-999974435
-999999039
-999999983
999753079
991421618
997562632
670328997
999999981
993541169
997558883
998613043
999988933
-993542194
999999510
999998604
-999999998
-999984957
-999938402
691040624
999937992
-993541170
998613135
999983743
999995544
-999993490
-997558831
999991034
-991453323
999999994
999999998
-322177957
999882638
-999999980
-999971121
-670496936
997579929
-1524492
999990095
-999999969
-999983731
-993541246
992631901
999876595
-999998865
-997928378
-920636819
-999999997
-670329031
-999999971
-999999879
-998429431
999997649
-670329093
999998844
997564095
-993650836
675285458
-997927897
-999999998
999998612
382879
-987488098
-998709316
-999997645
-991421745
-999999987
-999689786
999983022
999998761
999180468
-997927897
-999999987
999999970
-999615802
999999995
999999882
999378406
670329093
-999999997
999999998
999935837
999998690
-997927897
-999912126
-998691659
-999999999
999999982
-999750413
9942
-999999997
-999937564
-999998612
997579531
-999967839
999995024
998668268
-999918514
-999879667
-330167942
999899342
-999009572
-997927897
-999999970
-999610202
-999983860
997927986
994309259
-999932690
-999992739
-999993535
-999999984
-999997934
-999610169
-999729689
999998602
-999999982
999852726
999996144
-999999994
-1000000000
999992158
-999986636
670329004
999993446
997627222
999997833
-2077516
999999418
999998603
-998901074
999610165
-999999983
-999999983
322183426
999967212
-993541254
999390529
999998610
997558712
-999999985
999999998
999969946
999999998
-993541386
999999997
-999999995
999999972
999999981
999921238
-993558094
999999985
-999610204
-999615893
998729284
999942315
999999981
999999987
993591610
-998613064
-999998072
-997939252
999983733
-993605018
-999999969
-999984132
-999983788
997671181
-322177968
-999999979
999970661
999993614
-999999978
-296710
-999985093
-436813219
997558901
999462163
999938423
999999970
998767804
999937957
-999999989
999999997
999999998
-670331903
-996811598
999990157
-999999969
31347
999999178
999317110
999751149
-999937959
-999992633
-999967814
-999666805
997558790
-999967212
999999986
1000000000
-997928967
-999998767
999999975
-999993501
997917501
993541199
999893087
999792611
999999999
-997618755
-920643476
999999993
999999970
-1000000000
1000000000
999667133
-999999996
998613480
999938184
999988125
-999998612
-992200948
-999670423
994369494
-999999904
-999998628
-999999998
993541168
360108
-997928173
-999966126
999999968
999990137
999941371
-999610170
999999992
-999998601
999999917
-999999984
999998608
999999970
-999914086
-999999986
999593773
-999259564
920646113
-999999999
999912133
999937977
-1000000000
999999971
999999420
-1278943
999999920
997558790
-998915664
-999999998
999876744
999987170
-989824155
999967949
999999994
999990076
999754923
999918041
-670954335
322178066
-999919038
-993565936
670352827
-997559699
-999617183
-999999432
999999981
-999999970
999993628
-999622173
-999983735
-992872519
999615766
993544388
999999973
610093286
-999999990
999973594
-999912152
-670334232
-999992634
997559051
-999999969
999992874
999970808
999706055
999945933
-999877672
-999939470
999999998
996226046
-997558823
999623934
999565549
999610166
1000000000
-999939257
-999999590
999881155
993568541
997558383
999977863
999622429
999999993
993557593
-888790367
-999998591
-999999998
999999981
-999999987
999999979
998003004
999967198
999998621
-999972652
-999913482
-999946123
999998514
-999983761
997575678
999999603
993826437
999967884
999983981
-999999671
999939858
-999993645
-330195251
-999937968
999983782
-993543606
999942194
-999984909
999998661
-999918047
670328929
-920639642
999999974
946097411
-999876938
320536834
920636918
-999983845
999999970
999999997
998988632
-999999973
999967813
-999973298
999993533
999999544
999999998
-987309639
999295688
-999762400
999999998
-999255427
-999976766
999616770
-999998640
-999615999
999937962
-442129780
-997516481
-999981396
998976716
-999977346
-999137449
999999992
-999869708
999978028
-999878162
52776354
-323054111
999999983
993542175
-997572301
999895740
-998936976
-999999970
-993553511
999999999
-998746058
999998761
998988943
999999982
-997927896
-997558888
-997927921
-999999990
-999938036
-995400776
-999999972
999313581
-997571368
-991308680
999999972
-997927674
-999999306
-996737626
-999876565
-999918082
-999967834
-999751137
-999967818
-996173554
-999999983
-999999970
999984973
999937965
999619279
-999999992
-997569786
999999987
993641742
-999984361
-997932963
670127054
-999615908
946115381
-1000000000
322177956
997928258
-999983929
-674207623
1000000000
999999992
-999876658
-999876565
-999999166
-999998525
999999989
999967816
322177953
999999969
999862939
-946862777
-999999999
999912230
999999975
993541170
999998617
-999999999
-997559965
-999938075
999949626
999995810
-329473221
-999884986
-998613042
-999945659
999927160
321684110
-999999761
-999999978
-999999970
-999999969
-999987302
670329281
999999970
-999999975
-998187774
999998285
999998899
999942334
-999999999
-999999986
999979157
-999999995
999874838
-999894940
999997665
999943528
999984872
-999999969
999983765
998613093
997927899
-999999987
-999981294
996816246
-997927989
24337
-920637036
999902996
999999988
999999979
-47193
-999770563
-999999973
-999994437
999918692
999999971
999999969
999998625
999983911
-999999969
-999955561
999918072
-998613058
-993541327
-999999582
-999992395
999628154
-999909218
999999997
-999850052
-999999998
-999999981
997927897
999999998
-999983885
-999991543
-322182907
-999999970
924469943
999971444
-999857289
-998986607
995490986
-999937958
-999999996
999983758
-999999997
999983737
998001095
-999933704
-999938060
999876818
-999937951
-999967816
999998847
999999997
999999979
997558798
993541431
999975097
322178758
-670329033
994389384
-999931378
-1000000000
998613071
-999998604
-999999965
-999985686
999937954
-999998602
999983925
-987309807
-322177967
999882771
999999969
-999330283
999043664
-1000000000
1000000000
999912136
999999985
999937977
-999993568
997586461
999983731
999998602
999969085
998884847
670343848
999983553
-993542417
999999970
-999967813
-670329006
-991421327
999999629
-999938329
999999978
-999984143
999999970
-999999997
-999999989
-999999969
-999887407
-999997675
997928219
-999999969
-988281512
-997928411
-997927993
999937992
997558809
-993543096
-991421692
999999997
998613045
-999991679
-999967805
-997927899
-998074777
-999999992
999236226
997558804
-999990830
999999981
-998225690
-999983790
991477884
-999876565
999751189
-999999975
-999751146
-999994423
-999969974
-998323461
999999998
999989986
-999999977
999999981
993541182
-999766249
-999912636
999999998
998651770
1021433
999999999
999935707
999999987
-999999996
-52715630
999999998
-999999970
-993541191
-999626856
1000000000
-999968173
-999877468
999912121
-999938579
997477518
999989705
-998613073
-999999992
-999914634
999967813
-999999993
999972212
-999983732
999937953
987311554
993874646
-999999998
-999999997
-999937958
-999937993
-999999992
-999998842
999876761
999998793
-999999994
999967813
999986905
-999612006
-999999972
-999610234
-999976493
-999999970
999918030
-1000000000
-999983737
998613069
-999987923
999990474
999828584
322299717
-951160447
999999993
-999998602
-999998996
999967815
-999999998
-999999973
999999992
999999972
-999922919
999799849
999937958
999999985
999963397
999999800
2273411
999999970
-1000000000
999995043
999999999
997929908
997927904
-993541317
-999989899
-999999984
-999999984
-999998808
998682669
-322793127
670329475
999999976
999999611
999147755
-998987137
999999581
-998011408
-999999971
-967817648
-999999970
-999996486
999918040
999610262
-987317088
-999883030
985594826
997776813
-999880337
999620914
322731977
998613122
-999998601
967816169
964890962
999906531
-999999999
999881934
-670306217
-999998601
993541199
999616315
999999991
-999999977
-997927956
25313
-999971142
999999997
-999751140
999999982
-999616196
-999937956
999983824
322807244
-999999998
999999998
999937965
999999971
-998593167
999950542
-947224715
-999999970
-999998611
-322178316
-993541205
999998624
-999615769
-999912436
-999751175
993544276
-999937952
993541206
999986318
-999999975
999603590
-5701729
-999985129
999968378
-999999969
-999999997
-995029806
985170709
-999924046
