887877575839092937227
-4990944691
-4942376836
-2137811726
-4481373169
-975805840
-2010455336
-4981057181
-2990849457
-5981057163
-7863014632
-3981293226
-4993522455
-6988814351
-5990564454
-2974415608
-1860363660
-4993535886
-976622790
-4993530373
-1942377417
-5974241919
-993773926
-1994634488
-2991148557
-1975805181
-1997074192
-3940205531
-3992680537
-2993577243
-2974418985
-5105987121
-3993575315
-4990213582
-4939085380
-3552888508
-3942377209
0
-3990213586
-4982917677
-1137949596
-994634542
-2993579212
-2975805180
-5990582696
-1993582596
-2942376858
-3993540315
-2553613602
-4990582696
-4990213072
-860647909
-5980325008
-1993579212
-3982262279
-3937549518
-2942377228
-2830705841
-5989698448
-4694113046
-1993579533
-4974058203
-25189557
-2615936775
-2942376841
-3974058640
-3990582790
-6974047679
-2975587245
-1974418986
-4974257003
-3830559313
-2993540592
-4992679574
-4105987133
-5863704291
-5988829245
-5939085376
-4981057195
-1025188030
-7967203003
-6863703350
-5974047681
-1024910566
-2859872897
-4974058640
-6980212029
-2860358975
-5990939968
-2860328206
-3991145916
-1969712188
-7980212022
-3859872882
-3942376841
-4974286384
-3993530433
-3974286566
-4047027876
-3974257293
-2993580873
-922938340
755421689
999999992
-993860223
-999999978
551791884
999993489
-993559497
-999877844
-999304212
-999999944
999876456
-999927823
-999876861
997236671
-974755900
23621
999917959
884182709
-998876899
999999611
-999999995
-995555689
-997927786
-989928011
999937945
-999940424
993891947
982854522
-988952949
999999992
-1000000000
-999177659
-999999998
999114259
999918048
-999611127
589478355
746800675
-999999853
999948429
-991421411
989648085
-999985752
-999999969
-670328882
-999610274
999898132
999729683
760057384
999999997
663419938
999999710
-999999952
-999999999
999982993
984447432
999751036
-999876557
-999721581
996480786
999993709
497883
-999999999
-999999072
322177940
-989703458
-998556345
-985225404
-999615778
-999999999
-52417175
-999876535
997927894
-999999846
-991913278
993967818
999998143
999930766
998613041
-999970600
-966442370
-998565082
997558111
-999751079
998612892
-999610169
-998138691
997869170
-999984574
990977194
-999947022
-999751132
-999999969
998381449
-999998592
993541162
-835285321
-1000000000
999977100
-999710911
-993542819
-823815056
912366403
-999709590
995513136
-999983742
-999983729
-999820287
997927891
999937964
999999961
999999969
-999917785
-997556895
582744417
993541633
-999918031
-999999965
999967830
-999999777
-844808911
-659450
839605846
-999999972
999999456
-946097140
925615776
987826217
999999980
-999997470
999993469
999999575
648020671
999999036
-946394319
999999699
-990261922
990014674
998348462
997913470
-932677448
-999851061
-991608835
-999610156
-993429110
-999937946
-999882986
-999992638
999999998
997390344
999999403
-999838991
-999849662
999999998
-894641550
-990474261
669431438
1000000000
999997530
-997364233
-999998084
-999983624
931777079
-322185363
-999604622
978855869
-999999969
999732788
-999985570
997928225
999999997
993541185
946085359
999610181
991421327
998742001
999999993
-998080078
996465724
998611921
-748460129
998814004
999912121
-999999991
-999999987
999750807
-945835069
-978311496
999879138
995392537
-999967812
993541177
999876564
999944336
-999983645
964546673
-999999973
52715606
-983793276
999534593
991422046
999970093
997560461
-999999981
999572341
999952818
-998923819
-999999999
-999999969
-999999699
794187297
-993541170
-999986866
998352174
994269325
999999587
-999874353
-999993492
-999974435
-702336023
-999999983
999751121
991418902
997318458
545757185
882548588
993541169
921544023
998612668
999975092
-973129474
999999510
999998601
-999999725
-999983438
-999782916
951395322
999937921
-993541084
998613135
999983743
999995544
-999993490
-972659941
996496636
-991421303
991693890
800193025
-322177957
999871886
-997720433
-999971121
-670328986
997579929
-358351
999990095
-792542880
-999967599
-993541167
952455605
999863486
-999998865
-997927848
-920636450
-999667381
-670329031
-999586481
-999999879
-999999990
999997649
-670329093
999998844
997558592
-993667823
676348477
-997462300
-999999733
999943723
382833
-987488098
-998245250
-999997645
-991421745
-999999987
-986572848
999981216
999998761
384558383
-941091197
-999999962
999993811
-999567321
999999995
999999882
997676580
670328704
-713689932
999357051
999912121
999998601
-997925488
-999912126
-995464464
-999999999
583497364
-767704102
9942
-999999854
-999937564
-999998612
997579531
-948643799
999995024
998668268
-999918514
-999876487
-334071003
999449145
-998979834
-891155681
-999998455
-999610202
-999983713
996351379
993541127
-999941064
-999992739
-999993338
-999999984
-999999584
-999610148
-932740116
999998015
-936169910
999852726
999774717
-999999994
-999999959
999992158
-999986636
660751250
999384901
998613260
999994133
-5862783
999999998
999979790
-995011170
999609495
-999999983
-994846584
66057859
999939074
-992293149
999938684
556036777
997558712
-999999985
999466456
999967805
985753759
-993541167
999950772
-999999965
987667925
999999981
990330151
-993506498
997420227
-992887561
-999615893
981771433
999937928
999582621
999999987
993345434
-998613027
-907574000
-998728701
999983730
-980090025
-999999961
-999983731
-973757446
999999972
-322177968
-999999979
999970661
999993614
-999999978
-251064
-999985093
-321884374
997558789
998578940
999938423
999999970
998767804
942399176
-999999989
870349839
999999998
-580268437
-997558790
985369728
-999999969
-11424302
999999147
998612946
999751149
-999861197
-821566653
-999944028
-999666805
997558790
-999967212
714959622
915355820
-997907280
-999998767
999999449
-954431458
997917501
993541199
982634264
730397907
998148125
-906723452
-920643476
999999848
999537317
-999934091
1000000000
999667133
-999063848
998613037
932740994
957879417
-996413671
-993656614
-931809450
993541156
-999997672
-999998600
-999956941
993541168
-139726
-997928173
-999966126
999999968
999954487
999941371
-999610170
999999992
-999845608
999999981
-999855394
999950902
918367869
-999846346
-999637890
966476977
-999259564
920646113
-999999639
999912133
996893344
-999981334
999999971
999999420
-382862
999999920
997558766
-998915664
-992653422
999876744
999303204
-987309553
999967813
999999994
999990170
999687027
999741945
-672603737
322177934
-999919038
-993540827
658229171
-997424450
-999617183
-999999432
998395904
-999999970
999993628
-999374051
-999983735
-993799392
999615782
864302023
998940926
610093286
-999998876
792355165
-999912120
-670328986
-999868706
973364115
-999999969
999992874
999970808
997755404
999983746
-997091706
-999939470
996655608
999938139
-997558774
999610151
998612732
999555792
1000000000
-999918030
-999999590
973806417
993541169
997558383
999969711
955122726
999999304
993540887
-680230157
-999998634
-999999612
999999960
-999999954
999335366
998003004
999967198
996898674
-999972652
-984626260
-999999992
999998514
-999983710
997575678
999999441
993541151
995247030
999597668
-992384937
999939858
-999993645
-321959895
-999928372
989768710
-991930852
989994534
-999984909
999998661
-999917887
670328988
-918457143
999999913
-362571967
-999876938
331582124
920636918
-999927263
999999940
999999995
786771083
-999999973
999610711
-999973298
966408195
999999544
999999998
-987298476
999147925
-999762400
999999983
-999876761
-804961617
999608462
-993807842
-929045810
998869818
-442129780
-982371123
-999999985
997612236
-833636635
-983959935
999550836
-982636251
999937940
-923058401
52776354
-322177888
999999858
984040074
-950936984
999876542
-913345782
-999999970
-993553511
999200844
-999983745
992841672
998983284
999999982
-998081214
-997553584
-996752671
-999999952
-998832974
-995392574
-999999972
999997666
-987426835
-981947940
999997317
-997929131
-999999306
-899202835
-999876565
-971338354
-999967834
-999751137
-999964229
-996970365
-999999731
-999999970
941792876
998632437
999615772
-999814503
-997784231
999997696
993641742
-988598436
-997932963
618070031
-999615674
946115381
-962708624
322177946
997928258
-999981558
-670328748
999999962
607104041
-999876658
-999861867
-999999166
-999998525
999999989
999887168
322177994
999999969
999862939
-864352909
-999999999
999912117
999999743
993541170
999998477
-991334499
-997558790
-999938075
999949626
999995810
-322177929
-999673601
-998531205
-972713655
999876562
322290957
302225226
-995236367
-999999970
-999999622
-999951807
670329281
950978634
-999999975
-997895808
1000000000
999998899
994646568
-999999999
-999999976
1000000000
-999999995
999874838
-999894940
999563015
999943528
999983721
-999945945
999983765
997892049
997927877
-963037590
-999749670
997558855
-997927989
-519619
-920636813
967954229
999999968
999175792
-23542
-938268367
-999999967
-999994437
999918692
999828539
999982427
999998625
999983911
-999999969
-999837819
999918072
-998607206
-993541327
-999110741
-999999975
958356505
-999912121
857916953
-999849566
-999999871
-999999981
997927897
999999998
-969797249
-999967724
-322182907
-999999970
920636811
999971444
-999857289
-999344803
995490986
-952294408
-999999996
858786990
-942598763
998259318
997397681
-980461610
-998581963
999876522
-999937951
-999963933
905615766
999895879
999964334
997558785
993532619
999975257
322172169
-670329033
992640556
-999931378
-1000000000
998613040
-999996005
-999999965
-999495382
999937954
-999998602
999943523
-987296445
-322168978
989518953
999998704
-997901521
970953817
-999936843
999989591
994628140
884645190
999937977
-999993488
997586461
999983731
803119019
999831589
998884847
670343848
999983553
-938598435
999999661
-999967796
-670012608
-991421279
999999629
-999926973
997227738
-933317753
999999970
-999933016
-961630733
-999999959
-999983733
-999997675
967881105
-999986255
-989964143
-997928411
-997927799
999937992
997558809
-993543096
-991418859
999999997
997045972
-999991679
-999967818
-959864636
-496650395
-999891576
981454188
997558401
-999983194
855534337
-997927824
-999983672
966017133
-999876565
999751060
-999999975
-999088385
-999888205
-999946831
-939581288
999975036
999989986
-999831243
999864684
993540707
-999736660
-999912115
999996983
998651770
1021433
999998800
999935707
999994773
-999999996
-52715107
999998925
-998061776
-993540831
-827080328
1000000000
-999968173
-999999977
999833490
-630764848
976729328
999989705
-971205524
-999923203
-918218822
999967813
-999376115
999310067
-999983719
999937953
886801119
993874646
-999999998
-999999976
-999937958
-999937993
-999978103
-999998575
999876761
999980679
-999999974
999967814
995137374
-999612006
-999999858
-992085596
-999970381
-999999970
999918439
-999949059
-999983725
998524968
-999987923
998961816
999938029
322171184
-860905375
999999814
-999998602
-999870511
999867969
-999238527
-999999973
999998057
999999972
-999911881
999799849
999934567
999999985
999937476
999813464
7730950
999999970
-983813325
999993490
914273916
997927849
997911303
-993541317
-999983729
-999999984
-999999984
-999942081
998612997
-322793127
670329475
999997258
999999561
890928332
-992751398
999998669
-881102952
-999999971
-967815856
-999429391
-999762140
999918037
997683115
-987309598
-937362188
985594826
988888734
-999876557
999620914
322177956
897648347
-993405496
967816169
928701215
999875565
-999649116
999881934
-667451726
-999998601
993541199
999616315
999999976
-999324733
-997927956
25313
-999971142
999999146
-999751140
999999968
-999616196
-999928925
999960599
322177940
-999998257
941960106
999937965
999834601
-998593167
999999997
-945452081
-987675833
-996166120
-322163481
-759143268
930768471
-999615769
-999912436
-999751175
993540789
-977256179
993520151
999986318
-999692664
999603590
413059347
-999980681
999968378
-925609862
-999999997
-998824550
985170510
-999970785
