4702
40
5
4733
4743
3
4759
0
4743
4756
3
4774
4781
4788
10
4788
4810
4833
4827
8
6
4845
9
4837
4837
12
4822
4839
5
4844
4776
31
8
4880
4874
71
3065
4
4890
4888
294
4893
22
4909
4912
4878
4921
4928
3
41
42
4955
6
2
4949
17
4949
4952
4922
4924
4955
4970
4965
4981
4961
4952
4942
4980
4990
5034
9
15
5060
265
14
5080
5074
13
5014
25
2
5071
5109
2434
5096
5063
5099
2
1
41
7
7
3
5128
44
4999
9
5115
16
17
5141
5029
5152
7
2
5122
58
5172
8
4
4914
5164
6
164
272
5191
5194
5216
5189
9
5230
2
5219
104
5227
20
12
5235
3
4236
5270
8
15
5158
2895
5284
5279
4
5308
5315
0
5305
5317
36
5328
5259
5340
10
5347
5319
17
4
0
5361
4
5354
5362
12
0
5363
5360
15
5354
5376
6
5379
5407
5414
5343
8
12
40
5432
5424
43
5440
5453
5455
5
5456
3733
5384
5441
5484
5447
5503
21
5425
6
5534
10
1
5577
5541
17
5566
20
5490
12
5566
633
10
5588
1
13
8
4
5616
12
21
5655
5665
8
5668
5525
5688
5669
5690
5554
5654
26
16
126
5662
35
29
21
17
10
10
5716
24
5729
19
22
5676
1
5738
16
5739
143
39
5591
10
5467
5817
20
2
5828
71
1
18
4195
5840
5811
5748
5718
6
15
7
5854
5859
4
15
5869
5868
5871
4
13
5871
5874
1393
5882
5872
9
11
5857
4
5827
5914
198
24
9
8
11
5944
5970
5967
5972
9
5967
5931
5979
5870
5977
5981
5989
6020
6046
24
8
6060
6044
6058
6076
5913
12
6081
371
8
9
46
29
4
6117
6130
587
6136
1
2
7
37
7
10
77
89
206
7
51
2
6188
6185
6120
79
1374
6119
6185
12
9
6218
25
6217
6070
6
6236
40
3
2
12
2
6292
10
6285
6288
1455
