4677
5088
10
5119
5127
5127
5127
5152
4619
5102
5154
5159
10
5147
14
7
11
7
5190
5194
68
5196
89
6
5188
5245
5154
67
0
5255
0
5282
5282
5281
5286
478
5
7
5295
8
4
5
5293
4
5302
5329
0
9
4
0
17
5232
5365
5365
16
1
5371
5350
19
50
5386
7
37
3
9
5394
5381
7
5401
5
5390
5403
1
5380
5398
5400
5402
5399
5404
6
5410
5406
5389
5424
9
5438
11
1290
5409
5418
10
5433
31
10
9
12
23
5437
5478
11
50
5466
5478
1
5448
5479
227
5470
14
2
1015
7
3
5485
10
19
18
5503
10
5502
37
89
11
17
5426
5556
5554
1
5563
29
5589
6
11
4
8
4
5619
153
2
5608
4527
5577
5615
5632
41
5642
10
5647
5588
5636
11
19
5691
50
5695
7
13
6
73
5720
5731
11
5748
1
15
20
36
4
4
5797
188
5813
88
5815
57
10
5849
7
5855
5794
5803
4
5027
5879
5885
5870
23
5896
5895
20
5892
5908
4
20
1
1
8
4
5958
8
5770
5882
5
5
5967
5964
3
5946
5977
6007
6006
9
6006
5998
6009
6023
6015
48
5
9
6032
0
6063
6032
4
6038
146
71
6041
2
6093
5
6048
9
9
6058
1
6099
6127
5
6118
6135
6144
6159
4594
6161
192
6203
6201
11
10
6209
5113
6248
6243
105
4
9
15
10
6230
6272
6267
6
6282
6318
6315
13
9
2
6345
6366
6358
23
5960
6388
6414
19
8
3
6418
8
7
6402
6410
6441
6
6451
11
6460
6425
6448
6457
9
6460
6
6468
6465
5
6474
6472
6480
6228
10
6507
7
6463
9
