4917
4923
4944
4977
13
4932
4
4993
4999
26
4979
6
4982
9
5010
16
5008
5006
8
4991
5023
25
5029
5025
5044
9
0
5090
5094
10
9
9
9
7
5116
5129
5142
5
4980
5173
5174
5168
4
37
11
5
8
5181
0
12
5210
5213
6
5237
42
10
5266
5263
0
12
4
16
5328
5325
5323
5
6
10
5313
4
30
5346
5324
447
14
5361
5364
9
4793
5371
31
36
911
175
5397
5410
5406
5433
5459
20
5375
5450
5485
9
5504
16
98
5470
20
5476
2
5498
7
5530
4
5531
5503
5482
5484
24
13
28
20
6
5562
5553
6
4
5560
5565
5523
5565
5571
5578
989
9
5609
5
45
5613
81
9
6
10
45
5549
10
116
26
5673
148
14
5
9
5661
5644
5680
5662
5652
5681
6
7
5699
18
5736
4
8
20
5766
5747
98
12
1
15
5797
8
5817
9
5830
5850
5854
57
9
17
4
2
5936
7
8
5920
5878
5933
5946
48
3
3
5954
14
5954
5943
28
0
5958
27
8
5986
2922
77
5991
5967
6029
0
4
6083
6104
2149
6122
18
6140
31
12
124
6151
6146
3
20
27
6000
6179
7
3753
6194
17
15
7
2183
7
6207
6239
5
1
6247
10
6242
6253
3747
6076
6
5
6204
2
6313
6311
16
6337
25
2154
6335
1569
5
6340
6340
12
6351
6362
6361
21
6359
6295
25
6373
6365
13
6370
6362
87
6374
25
6377
6257
6365
6386
10
78
68
6300
6377
11
6320
6414
6427
6428
6377
10
39
6456
52
6470
2
6489
6456
6479
6449
88
6380
5056
6507
14
6517
