4705
3
23
2861
8
4745
4730
4757
4760
4618
4763
10
19
18
4789
2
4802
26
4699
4806
4812
4804
40
3
10
4
10
5
0
136
11
10
3
16
4849
1
11
4867
4798
14
9
6
4877
10
10
10
4652
31
9
4901
4913
4913
4941
4936
4961
4111
2
123
4980
4792
4983
5
4960
6
49
5032
7
32
5032
5040
5052
5052
42
9
8
77
5094
5093
11
5116
12
87
5101
0
2
5152
5157
5155
30
5173
5171
5166
5159
22
5172
5
5151
15
17
5176
14
5154
5172
6
47
5175
5084
2
5216
0
5146
5232
5230
10
5251
5258
5264
303
4821
4
5292
5250
5287
5284
5200
5276
5320
13
9
194
90
2
5333
16
5337
18
5
5344
8
7
5390
9
5395
5368
5368
9
5397
8
5406
11
24
2
2219
5406
0
5375
25
10
5409
5371
5439
5444
1
11
4
5448
5465
5453
2
19
5500
9
5520
5517
5517
5
5528
5478
26
5537
5489
5503
5545
5560
5590
897
9
9
11
24
5613
5295
5601
5617
8
11
5640
5640
5656
50
5645
5662
7
5671
5653
9
5648
5679
5661
13
6
5690
0
5702
5702
11
5715
7
5692
0
5733
5733
4
5747
5753
5744
5757
3
0
5768
5772
20
13
5755
61
14
4772
15
5786
11
5676
16
5658
5831
3
5841
113
5826
1
4
19
5787
0
13
5848
7
8
5845
5637
11
5868
5858
5866
5895
22
5322
5915
185
5909
5769
5913
2
5
1721
22
14
29
5950
12
7
5999
6005
10
7
8
6031
6035
6039
9
1532
1
6067
6080
6080
6079
24
17
6107
6116
15
6070
404
67
8
9
6153
6169
5288
6138
1
6165
9
21
6175
6160
7
136
5
937
