500 532
404 292
300 295
96 67
259 244
466 290
354 119
236 223
342 460
312 352
420 250
278 394
363 271
384 95
141 138
308 226
210 456
434 128
189 361
428 36
21 381
200 149
7 114
390 388
81 204
383 24
98 498
130 106
199 284
474 332
223 274
237 80
27 140
339 203
12 388
427 446
168 66
463 160
266 309
165 3
7 369
28 476
269 449
424 156
377 252
61 313
127 287
396 201
362 343
131 143
201 225
363 421
121 422
160 407
436 219
458 353
215 489
73 355
315 268
186 403
471 322
131 0
277 484
490 180
0 198
147 73
365 219
317 18
487 211
461 446
267 271
98 219
85 186
24 393
299 59
243 90
45 458
13 253
10 242
480 462
402 185
219 137
371 130
191 59
348 335
431 277
124 464
387 300
98 285
379 151
57 107
167 487
421 277
455 39
483 237
194 146
232 153
94 267
419 256
250 29
420 366
413 401
442 82
100 126
246 198
22 355
497 355
9 234
163 483
344 204
144 51
199 485
465 70
477 65
89 449
387 440
204 212
430 122
442 90
175 412
380 136
34 33
4 453
207 343
137 1
24 182
71 99
396 260
253 346
230 54
318 350
336 405
406 211
232 89
268 265
322 215
486 153
41 257
332 66
192 163
385 226
231 11
66 389
2 108
14 407
167 97
157 354
50 37
287 299
451 439
425 0
464 46
448 309
342 275
28 145
460 318
139 90
364 217
273 355
344 245
256 390
6 8
454 162
340 280
479 156
341 98
164 34
20 432
216 170
338 87
349 237
200 155
495 410
341 135
358 336
94 402
416 71
320 40
18 112
17 490
343 197
322 198
34 262
494 450
158 179
264 210
228 364
267 306
239 247
208 129
63 311
447 62
184 198
279 26
262 257
319 492
53 15
498 30
252 65
38 163
67 125
106 155
115 206
481 370
116 447
91 408
235 153
218 184
264 108
211 82
339 230
197 64
141 201
298 58
351 435
456 268
341 28
312 101
303 250
384 476
254 82
382 345
131 328
201 153
455 273
2 346
167 42
321 430
328 313
195 316
467 122
209 434
348 77
480 76
475 236
314 229
233 442
91 176
212 81
187 204
400 242
353 485
401 162
456 447
55 218
493 31
445 309
230 50
129 284
103 337
233 454
105 289
10 412
428 233
169 493
191 448
119 491
163 331
437 172
348 204
175 78
378 65
220 65
136 381
458 487
395 167
35 431
472 113
93 226
471 89
274 90
106 20
264 158
431 337
205 461
89 36
127 66
481 63
285 20
217 433
447 35
227 201
229 433
285 82
247 341
77 69
381 442
72 217
130 63
283 167
37 399
371 72
30 233
142 126
480 46
457 170
293 499
294 269
293 253
22 33
397 179
78 61
97 291
267 477
95 402
45 109
170 47
293 50
144 4
193 222
482 475
284 86
84 264
418 365
122 76
351 188
441 445
441 61
324 198
308 159
265 305
315 212
213 273
344 126
423 361
43 178
184 265
355 180
53 60
445 155
125 377
371 221
451 214
324 398
254 459
420 230
34 241
150 301
127 235
335 151
35 362
105 117
42 335
466 7
150 400
433 109
52 493
305 229
111 379
352 251
378 37
130 61
279 121
357 446
443 234
404 486
469 458
33 204
364 82
14 45
476 494
411 49
465 485
199 482
99 164
307 64
108 223
0 487
72 387
441 308
358 216
239 262
67 90
111 93
332 107
468 456
330 479
101 32
417 272
90 57
476 487
311 146
3 424
86 409
295 259
176 173
42 8
460 265
269 141
70 109
264 373
482 24
419 193
352 201
121 413
215 203
279 119
474 456
186 242
346 233
104 423
18 106
406 137
491 492
323 296
106 306
472 99
315 195
254 62
413 1
496 15
58 75
463 45
11 389
251 493
373 274
426 108
35 90
352 316
142 66
388 229
167 129
100 358
177 35
47 482
396 64
88 196
364 276
301 447
338 222
421 0
421 51
159 29
466 283
383 375
211 245
109 100
222 237
67 368
385 123
93 52
409 262
494 166
268 217
258 270
160 346
432 375
336 373
347 329
412 89
388 408
461 480
376 144
294 308
21 53
142 217
38 227
262 70
473 6
137 199
103 272
471 53
413 384
170 463
37 281
54 496
497 201
271 12
364 88
497 113
263 297
243 482
79 211
34 283
419 273
267 366
89 62
408 294
133 259
334 257
491 135
496 92
394 72
324 160
409 480
213 199
486 92
449 183
436 117
83 18
489 81
394 321
222 176
122 16
335 258
371 355
450 179
282 401
486 23
385 12
116 182
393 340
176 186
467 395
111 297
38 405
489 452
338 160
1 261
69 347
324 285
80 426
146 10
378 230
497 440
168 466
486 393
164 276
122 376
66 290
332 245
305 452
393 352
362 183
350 357
163 206
388 376
218 249
370 230
154 258
323 310
45 498
272 102
