500 88
344 390
430 179
32 471
316 374
476 393
21 49
376 267
199 15
274 166
276 23
434 474
13 47
10 152
56 363
233 224
109 73
40 21
275 241
432 374
199 451
394 256
332 103
392 423
410 433
375 413
305 367
212 239
138 71
113 237
477 198
207 63
57 19
227 375
147 136
371 489
152 361
427 181
353 351
240 333
154 380
351 90
173 302
397 19
49 456
211 220
202 434
420 63
464 103
452 498
483 413
222 130
310 255
64 132
179 202
240 130
259 154
463 185
115 395
96 470
113 409
43 47
36 274
233 259
382 368
492 451
318 340
378 351
365 439
359 350
425 47
120 243
77 103
77 185
90 319
120 258
158 482
479 184
174 263
367 492
189 127
134 158
87 232
367 108
228 143
359 281
73 457
72 406
135 80
