88 395
2028037 288974909 111681588 291303632 155763712 177741457 164199418 280452914 745629015 727272894 383855815 451963117 263419161 854025925 625817844 903511050 636159790 788165373 442332844 275132246 358996390 239303569 23523747 398318281 935986353 142493592 695297770 499848367 7061287 551242323 622426888 79384002 19141560 513456960 313082157 130997331 463541289 120030523 986922531 112618850 230228300 678849560 504459522 679335110 334404235 867470925 674397136 958197434 404243924 86377174 618061916 863589554 791513591 435167767 915162678 71459492 341562698 951473804 52898442 401242089 794478014 364178763 453002785 706324970 720922658 653545259 112784412 626625485 423006839 483894301 669309742 618420173 342823400 63159789 669473697 552010351 785773594 78145328 581004064 943346726 856912692 227723599 266280591 128456734 832249497 530649785 552244092 760049622
0 46 550324427
1 60
3 35 83 388198169 895143571
1 85
1 38
0 59 118884818
0 53 66950056
2 56 71
1 40
4 13 77
3 38 81 860690631 433527490
4 9 79
4 57 67
2 0 63
1 26
0 80 161552223
1 9
0 79 622786608
4 69 80
1 70
2 10 59
1 56
0 67 195162271
2 14 77
3 15 86 423647480 59551364
0 4 689797242
2 70 78
0 38 614069541
2 44 56
4 19 63
2 62 71
4 79 88
2 35 48
2 20 61
1 76
3 52 70 527208105 822668040
4 0 41
0 80 305802577
3 23 25 108514522 78431292
0 17 793108760
4 21 33
0 88 804486637
3 27 73 843037105 208630878
3 4 62 209724128 622903804
2 32 76
1 5
1 0
0 20 951947000
0 89 28039240
4 27 46
2 46 53
3 24 40 897933554 141870084
4 18 90
2 43 67
4 44 51
0 20 587464493
1 47
4 47 85
1 49
3 11 40 691649051 820683815
3 39 83 520235535 60772917
1 26
4 9 43
4 27 63
1 78
3 21 63 352533199 986305865
0 73 51268766
1 64
0 20 962033506
2 46 71
4 11 63
2 8 42
1 30
4 0 64
3 28 48 518634012 233187234
2 52 64
1 72
1 43
0 79 454254099
4 51 67
3 57 81 519427722 161692015
3 3 80 529348415 607373762
4 0 75
0 10 916421738
3 34 39 247517286 570280523
0 74 353591171
3 26 88 54422822 349828943
3 17 85 184391923 660040477
3 66 71 69550558 517196077
3 61 88 768671327 949232966
2 64 84
1 45
1 59
3 43 66 129251103 436653166
0 10 222757680
1 6
1 26
0 58 771252696
3 6 39 365769391 443637556
1 47
4 28 34
3 42 85 236639111 51750372
1 31
0 10 530860711
2 8 69
4 51 54
1 83
4 40 51
3 30 84 767981759 67449960
3 7 64 172054250 739248108
1 79
4 30 39
3 34 54 768224079 507129553
2 45 68
1 18
3 39 65 71542195 152230062
0 40 700259064
4 10 14
2 0 25
4 1 61
0 45 744261654
4 21 30
3 4 35 742844587 779168174
1 55
1 9
1 62
2 72 74
4 48 71
2 65 78
1 58
2 22 29
1 62
1 50
0 41 981264140
3 3 66 265852919 4893381
3 1 6 3705161 235569558
1 29
3 74 78 738594186 611435427
0 72 654534851
1 37
0 63 753785395
1 75
3 7 52 988165342 384774385
1 69
4 15 29
1 22
0 51 623847413
4 12 21
1 44
1 53
4 1 56
3 9 41 858278041 967237220
3 3 55 694457663 393515271
0 35 139853651
0 56 487174132
1 1
2 22 76
2 30 76
4 0 73
3 7 15 801616369 245616013
4 2 41
0 11 101540948
1 36
4 59 61
4 0 47
1 48
1 11
1 10
2 29 44
2 40 44
1 64
3 7 67 662436830 281475226
1 2
3 33 42 370746945 639883606
0 43 114267292
1 38
3 0 11 699166131 77386951
3 23 38 637912460 340924827
4 11 33
1 54
4 11 56
0 2 308156964
0 40 657005461
3 35 56 660105891 869093487
0 36 697633479
0 28 951676443
1 45
2 32 38
3 16 73 933952024 983801730
2 63 70
1 42
2 26 52
3 9 72 582989041 756199251
3 11 52 760440260 833038624
2 36 38
0 34 685824385
2 42 47
3 44 50 881502301 245908593
0 2 255164896
1 21
0 60 395618384
4 7 58
4 0 21
2 28 73
4 16 30
3 10 26 221915225 729462563
1 45
2 27 36
2 8 72
2 22 65
2 40 61
3 58 66 423962069 590724965
2 10 48
4 25 67
3 19 70 110388030 224087428
0 45 642502812
2 11 72
3 15 30 961073918 627855851
3 6 10 121793 664563471
2 18 37
0 8 477365464
0 37 799099894
0 11 816037412
3 9 59 354673442 768917045
4 53 71
1 47
1 17
4 15 75
0 39 814320540
1 72
4 16 33
4 10 18
3 7 71 53258533 491816387
1 59
3 14 55 47788696 659003054
3 44 67 321516065 882417804
2 6 23
0 17 564669474
1 18
1 16
3 47 59 2188320 156211275
1 0
0 17 904353904
3 26 73 762666511 462022263
3 11 13 578747744 97785294
3 70 72 213986600 399434404
0 1 500955350
2 28 32
1 53
4 13 49
1 57
0 23 243042281
0 48 505410550
2 56 70
2 2 54
3 13 34 761926983 554630039
1 71
2 32 69
0 45 474295775
2 0 64
2 17 69
0 66 442223274
1 46
4 3 18
0 44 578543558
3 51 53 353069775 41393010
2 32 34
4 16 53
3 73 75 441767864 483790392
0 44 957322865
0 53 803349376
4 5 67
1 22
4 0 38
4 51 70
1 1
2 19 75
4 45 74
3 24 42 130003749 126401762
4 55 66
0 3 859796220
0 35 633602574
1 25
4 13 38
1 43
0 73 181726585
4 11 56
1 71
3 13 22 557946322 150803473
2 5 74
1 53
1 25
4 39 69
2 0 67
4 8 37
4 42 54
4 0 24
0 21 130694881
1 51
2 13 27
0 29 209476355
3 12 66 866615738 653977534
1 69
4 1 43
2 45 73
3 0 1 468724141 314116798
2 4 73
4 57 68
2 46 52
2 4 47
2 0 73
0 5 714716599
0 5 294520464
1 47
0 3 437826576
4 64 69
4 13 19
0 40 287248921
2 27 62
4 13 64
4 0 46
4 37 68
0 57 356173923
2 4 44
2 16 77
1 25
2 5 23
1 42
2 21 32
0 48 301246439
3 21 73 147945279 122894473
4 0 66
4 0 52
1 6
3 16 21 813407986 990547804
3 0 65 970433441 27622467
0 52 271850870
4 30 71
3 13 41 591863320 389556672
3 18 42 108066177 950602806
4 34 72
4 12 58
1 64
2 0 70
1 3
2 49 69
2 0 58
3 49 58 186878976 463761750
4 45 59
3 55 70 69647555 67611210
0 18 949031917
4 20 23
2 26 44
1 30
2 27 71
2 11 35
2 13 42
2 0 51
4 3 37
3 2 27 501229156 30066756
4 63 65
0 44 495484771
3 2 23 740791192 106286083
4 53 68
3 42 71 495142584 36081228
0 12 847123439
3 0 56 993539847 524514322
4 32 45
0 76 934222734
3 7 72 385051940 662635867
4 5 33
0 35 24647718
2 51 54
4 53 78
1 5
2 49 76
2 31 50
3 56 73 370083120 562740122
0 27 897055001
3 57 58 283690400 809266501
0 72 288966488
1 18
1 22
3 2 77 837827740 53798400
0 76 611850379
4 2 19
1 20
1 67
1 51
4 38 57
0 3 799435338
4 36 43
3 26 49 413346163 960606078
4 12 76
4 5 61
