193 239
841612625 594492394 841259018 581533827 570061398 728741094 498398681 984147412 115961324 995955785 96920367 943961736 864913388 601212881 773189830 352297773 303107436 986036707 547042133 275735038 251015391 616994042 498027183 5049993 35681904 440260100 11762354 376808026 289984422 13742633 885986765 358959447 601270138 589731394 846270167 211417053 147219566 584973237 71313959 395660575 233349021 620097780 610288649 132075402 216792161 144745659 602050330 862525129 811559594 955360221 694960024 201890519 263861544 838396732 147247907 216665692 906220187 411547781 984483539 428806304 249323241 871351947 462579333 586874682 401255040 14225073 640276171 910457950 624195280 295330117 460163414 459665198 138123496 639511923 787554165 572510503 681764830 449233214 620783239 589337736 288861445 423685358 192148944 409705114 452011284 238981689 616997100 814650001 277086552 40568464 598214080 813008469 724918828 606815504 759934455 30152845 133992640 572770052 912051853 583745788 978850302 424178379 125625456 709957311 104925523 756025231 359062322 177195346 553943860 471771665 295297661 53727889 314999408 779618518 348965735 623596181 781194598 64685694 780355372 893572259 914181599 84795053 684154210 677324081 532024707 608321563 749230362 897143677 299279165 226975385 982057303 267856919 11249320 590085445 857084341 886567373 33366654 594965556 806475629 455748159 463949180 232431249 114627488 656538921 671453681 14706148 390279725 958100392 713848110 23113979 945585030 243993012 385167900 870446834 729738808 557521155 894267876 964370630 169713505 417044881 355086069 444043429 755338399 140859065 228948941 293664033 863866277 626212347 293247546 456428454 132366897 330726041 889244175 825405380 667185225 718555318 594528171 80609925 447727450 857136760 937458457 744787823 486460474 232179238 941650379 763546152 423747216 756701047 326988974 283048052 199350706 6044793 749744122
3 2 192 329050715 113485424
4 111 189
3 4 61 469743858 271748676
1 176
1 166
3 0 131 711746593 527825971
0 105 396541121
0 110 523086140
1 75
0 7 137653947
0 89 864091054
0 19 434108243
4 131 141
0 110 294373999
2 89 143
2 170 178
1 135
1 99
1 36
2 70 93
0 29 236983443
3 121 157 840228764 420276103
1 3
3 120 144 352760504 369709152
2 0 71
2 2 19
4 73 167
2 63 170
1 3
4 74 145
4 20 168
4 43 170
4 27 74
3 103 180 964852527 416032586
0 136 208265586
0 75 640726686
2 32 55
0 95 809263090
0 134 926612162
3 157 196 535767441 386105981
4 158 162
0 31 534620457
0 142 204613908
1 159
0 44 539478390
2 22 114
0 117 311407801
4 56 127
2 11 199
2 86 129
3 136 168 461431875 591004357
3 5 9 549020242 35562384
4 0 199
1 63
0 71 776478068
1 81
3 108 198 510877631 298377472
4 72 136
0 145 11573546
3 19 76 847963442 853960138
0 39 794481856
3 85 172 138727359 873009424
4 18 162
3 87 158 195228683 968391219
3 31 55 865783657 6586101
4 100 200
3 24 105 113797543 10717391
0 69 732996274
2 126 187
3 0 200 919779051 26819234
3 5 133 153698287 477001692
3 68 155 805103158 830693619
1 200
0 77 823634244
4 43 44
3 0 130 244894522 211283861
3 37 62 390281570 133925760
2 125 139
0 148 156590905
3 59 187 678804349 445669712
1 195
1 78
2 100 187
3 31 106 609206735 92502878
2 0 65
4 41 172
2 93 168
0 23 844742441
2 0 175
0 76 672265934
1 172
2 0 201
2 109 154
2 123 198
4 37 146
1 50
3 47 111 221816973 213013537
3 70 197 565908201 828881059
2 131 147
3 0 93 579325001 487919980
4 73 113
1 196
4 62 176
1 56
1 144
4 121 164
4 2 197
4 17 91
0 154 912268060
4 141 198
2 110 179
1 129
0 56 98484819
3 134 170 2582397 233960863
3 15 198 224378278 217242675
3 29 53 877069172 740828148
1 11
4 70 128
3 0 71 446684445 115834601
3 126 155 924875966 34837515
3 84 107 606742920 780801899
0 193 700393324
2 136 161
4 99 195
3 68 186 598033678 906600259
1 168
3 2 57 880142557 74111310
4 12 167
0 98 660134373
0 14 835344868
2 60 177
4 143 160
4 116 147
4 162 168
3 0 199 200346950 699433095
2 0 96
4 48 110
2 17 199
2 124 154
3 67 100 100027862 611439799
3 104 115 244394169 250444409
3 18 46 762408718 512402107
1 1
3 124 198 49576234 818565787
1 114
3 33 175 626783125 337499819
0 69 303270716
0 46 420568245
4 31 43
1 83
4 32 107
3 12 154 13491379 63957246
0 0 802119453
1 78
3 44 156 944044733 300949277
1 44
1 52
4 32 90
2 0 159
2 109 112
2 77 96
3 75 147 114031360 544376929
3 25 169 218700153 902723434
0 67 201226608
2 54 131
3 50 103 505738896 743260642
0 38 839892279
2 26 129
2 57 142
3 7 68 52340630 20490062
3 30 75 733511730 998155937
3 0 151 567890863 552836903
1 136
4 7 184
1 96
0 169 159667823
0 9 991690892
2 7 76
0 108 46194347
4 1 45
0 14 549064373
2 87 155
1 98
3 82 141 744124726 376029137
0 105 311419733
4 100 193
3 96 104 197038290 682271335
0 98 376326311
0 72 458667329
4 7 202
1 191
2 110 168
3 103 201 479938672 942205188
2 0 201
2 28 139
4 171 184
2 14 40
3 61 80 9680165 818661711
0 96 394087263
1 166
0 97 372664972
1 87
1 30
1 57
0 27 791203848
0 188 100648964
3 167 185 746123293 637915957
2 134 154
1 26
4 54 118
4 12 148
3 0 200 7240709 994280294
4 1 184
2 81 171
3 89 158 94450552 601094787
2 6 200
1 168
2 66 73
1 116
3 106 136 80686204 889742207
4 17 148
0 111 335562748
0 135 613601009
0 148 624568256
4 63 113
4 0 46
2 27 201
3 51 133 486392052 964869717
4 47 165
2 129 190
1 24
4 69 130
1 161
1 3
0 37 338282993
3 15 152 723195959 276273257
1 4
1 11
1 84
