198 235
136987924 40280999 438515315 805152546 234164454 129099933 971852321 983937488 410134225 668461222 574343409 885417013 394300887 86086437 570981511 221329455 57893312 584381871 154204049 738660729 728257729 551666498 540440394 165573287 512342480 452470821 669622703 340240729 965382636 953292241 144902419 86035524 289571086 987645468 423893886 928104871 464748969 105872436 123582647 242780928 505538017 199537013 745991283 983136444 65304379 842202106 646596193 140145001 630412665 134706415 170189559 917006962 498351627 78228861 784928508 545206283 276287905 127534371 580361498 602636875 833497706 569752320 168745739 687931378 25556222 401296664 903079778 244718550 696658577 923575834 20801451 728508574 144327567 355924229 987918030 767675763 39770237 690017157 35094958 619519152 803294929 322191158 334280933 412368057 946079172 696252934 727024412 429649275 739609644 879769415 84017875 429336930 578822041 559811577 192014409 783587083 235524450 277645214 641105035 776026757 478219070 115129181 14794716 647713890 894892898 720571222 16609338 29190516 796633468 940732244 641040997 243193942 968755343 956678858 9273458 747543114 522400393 605708171 235611799 713122606 952769734 230441676 782661943 119932537 618863044 263420409 832590609 341598454 889752736 346283651 906815307 693782514 787563199 656787150 558988762 325699987 408388854 484659329 514686813 546683978 168335178 925036722 876453250 928472013 452720553 11844689 152089336 237462880 322160445 768682370 968998501 643437693 43682975 50514865 225072892 729100215 432384534 267319887 944916772 470850912 634063725 30265497 170224154 233237753 310521575 363661868 30383316 169764888 450267291 509435980 637917173 871736242 398793145 910647926 108164902 535373865 729080956 796833592 454223174 403988143 945062274 621479206 158107041 272551814 767759721 136585361 638455939 61417522 286340474 221735821 57584824 684185411 747165460 140519367 201499817 652532397 746971523 597836965
1 170
3 118 139 716350006 451084111
2 2 97
0 108 860283017
2 99 154
2 54 82
0 51 243465869
4 20 110
3 0 128 150318222 849120860
1 51
2 63 191
1 42
4 5 64
2 16 79
2 108 190
3 122 174 561050789 483834181
0 136 606001978
0 156 105053325
1 23
2 3 86
2 78 146
1 156
2 77 153
2 37 172
2 105 189
2 132 192
2 0 77
0 17 226507934
0 16 363219948
2 147 154
4 23 166
3 0 102 542874973 243438394
2 66 132
0 114 507999415
1 52
2 74 143
4 55 199
2 76 192
2 56 89
1 68
3 6 136 989896706 739052214
2 109 177
2 125 150
2 18 129
3 15 191 671912499 631376617
0 21 493511239
2 34 199
2 30 36
4 103 131
2 13 118
2 42 63
2 5 54
2 79 160
4 94 143
0 72 458859964
0 71 231860715
3 171 172 883936894 566698676
1 175
4 20 47
3 66 196 848522386 566176918
2 53 147
4 84 179
3 14 116 920480819 73868602
0 128 497343164
2 82 99
3 107 187 795671284 106337837
1 149
3 174 178 493339852 956562731
1 62
2 0 199
0 29 493349993
2 1 103
4 61 192
2 0 197
2 63 72
2 0 124
3 57 76 818238629 282410430
2 93 200
2 0 181
4 0 141
0 96 151351159
0 187 302378597
3 97 98 880745027 229409044
1 91
2 68 100
4 3 170
0 147 94307197
4 101 132
1 97
2 31 103
2 0 198
0 68 730750936
3 37 173 236199293 961675598
3 26 154 532449389 213899035
1 188
2 38 171
2 169 200
0 12 653214462
1 154
1 64
4 40 190
3 10 126 227166411 938363350
0 76 374953701
4 76 193
1 109
3 79 200 58959399 3288366
1 197
3 97 199 815107772 907610260
0 154 545302930
4 57 165
4 25 52
1 192
2 21 29
4 109 199
2 52 132
0 49 610436273
1 181
1 148
2 34 93
1 113
3 13 134 881966517 720462542
2 54 112
3 99 190 46131932 614258835
3 70 130 218086483 259886832
1 31
3 133 155 640263313 55184923
4 40 167
1 0
2 15 28
2 59 63
3 105 161 806187232 966648629
2 108 195
4 165 189
3 50 89 611534100 579438333
2 56 86
3 45 124 534264383 957831147
1 25
3 27 93 108274186 130434554
2 54 80
4 48 58
2 27 194
0 70 896327490
1 130
0 60 546861009
0 89 148983304
0 15 53355848
4 53 197
4 43 60
3 6 100 163104722 932018058
1 172
4 101 196
3 109 136 261409511 586869300
4 73 170
0 130 503245086
0 73 272209697
1 95
0 109 630241852
0 21 924757857
2 138 148
0 103 81649353
4 86 95
4 9 70
3 58 75 784120490 765660275
2 72 164
0 75 489464749
3 46 201 767550036 272345340
1 121
1 80
3 21 125 30079278 192996196
3 39 115 936207830 123234176
0 149 547297558
4 71 113
2 25 155
3 123 182 783662211 680333413
3 102 105 75812147 106726487
1 64
0 117 483541822
1 180
2 19 153
1 185
4 63 138
2 79 186
4 59 132
4 26 174
3 76 150 126624795 741115301
0 101 74151035
3 93 188 7787522 96318278
4 6 14
0 22 446724464
0 59 875774799
3 32 89 140344383 321567162
0 5 704612620
2 168 197
0 44 719226127
1 147
2 28 79
0 149 81049760
2 65 168
3 149 200 397193188 406578863
4 28 123
4 39 200
4 0 168
1 20
4 79 80
4 79 202
1 9
1 140
3 12 157 127418462 948760710
1 81
4 98 160
3 64 199 873465775 202584227
3 10 187 538929085 532514767
2 138 168
0 102 889404673
4 0 177
3 21 31 115758646 98534195
3 0 193 461909077 490104749
0 102 652668063
1 56
1 25
0 25 929363722
4 152 184
0 93 524711881
3 38 168 477003614 582311124
1 177
4 9 63
4 22 141
0 125 836878078
0 25 317727664
1 144
2 29 57
0 136 581667856
2 99 202
0 60 47319047
1 23
