1323
152 89 197
111233973 71248468 196768867
696 156 719
624 396 829
56 118 157
185758431 47598417 193003583
96213302 36185049 192403153
23157919 113438147 197063947
144376610 56482818 194956199
690 726 811
138 167 277
449 285 607
607 75 727
243 4 463
378 432 547
73508757 43683909 193944677
51759842 87600349 195792251
273 26 367
84 164 211
134561869 108330101 197004341
114254367 137275514 194939089
62278679 63074408 195188317
8 18 29
149124068 139381337 196392029
203 219 251
426 264 751
91311827 71034808 195377317
101646891 163906864 197218237
18564888 25499708 193942687
65575460 15379173 196179223
208 288 761
96912084 165333602 193427987
285 399 433
53 32 103
175477372 7788285 192989507
163 162 211
7859407 135245603 194316071
82 27 101
153228097 69615947 196003201
14043392 126570459 192544901
59 219 881
399 309 599
62605193 13735698 196885951
719 739 787
230 247 373
14 24 79
169172070 70287004 193178437
494 434 751
236 242 653
12448940 64233485 192795089
271 745 823
69659075 76544100 193913047
84 84 137
111 138 149
127023084 117875593 195485293
31331787 70981676 196001341
28 626 761
396 400 523
56060135 128110190 194440403
159 41 509
193 118 241
309 219 587
189030859 181217910 195809773
118456029 24400815 194971397
108423720 99132382 196429921
37 276 499
191 754 827
118 35 131
40596145 148529513 192348413
173217647 164889532 196086571
9 7 11
145 241 563
6493030 150701948 195560423
10 289 317
155385500 157822377 193370321
355 450 743
98708622 84886262 195273293
151 384 613
183305565 191692102 195313513
157 158 197
182114890 31735122 194974057
354 148 373
165516772 80741174 193138367
181 124 223
230 94 661
118844757 131379259 196174637
123785142 63875517 195445681
169725638 21474881 195232567
71 71 773
56222204 192402414 194293717
3 16 17
47738297 30052410 196765243
221 214 293
1 0 3
98 304 421
138 42 181
76328203 107128659 196233047
13 463 569
19 13 167
156134329 28750345 197175323
15224131 125213350 192474203
7836256 58028744 195229093
49 199 211
12988603 29444118 193505089
111 224 443
186304138 161682990 196188659
631 858 991
155 362 757
270 77 337
42231643 166931325 194194843
51 115 263
18830724 58754954 194919191
174816694 40362097 197263007
108744153 70086903 194462479
180143673 71128915 194619329
101174605 64134017 195920867
27799215 141266426 195798887
66 178 211
31 126 683
164309297 45306014 194820491
108 58 661
218 281 499
76052830 123202735 193375447
178029440 48693590 193972021
860 690 997
132707253 78143284 193770529
189986488 136431237 192425719
69658929 138628323 193254629
106487812 151401534 193115789
122776971 53945502 196305467
61445083 186752820 194259301
106110959 2672598 193447183
377 91 499
60643609 149471018 192809237
167455896 157274828 194095589
38052629 135359492 194750207
364 120 433
244 177 277
89467028 111220531 192564551
16479042 10710005 195078857
216 205 439
2 0 3
323 777 823
98590573 21922018 197176417
24 5 227
18739945 98268740 193659871
211 243 631
57401586 65818116 196760801
43 163 257
263 85 491
89637438 26196408 196385647
66953567 94407660 194100229
656 695 853
54613464 3826792 196720049
179484375 186588931 192809167
176738587 152540348 196572227
21 171 761
10245524 97535197 192469357
372 164 983
172 168 389
28 15 197
31 42 211
115488732 156262609 194928667
79427421 144047883 193843171
128828206 89800659 195549217
94143715 78061514 196930399
81741852 34823060 197238997
132420395 128461669 195998963
184444579 133063463 195320473
100787292 149922085 192845423
0 39 43
40 147 409
553 12 607
116036654 114587057 193624609
171351189 150219478 197237437
85581493 119959156 195284911
415 193 823
30608341 187465812 192860851
277 771 877
82909857 114114944 196213573
58590416 188114072 195693241
603 223 607
30 41 97
12 6 311
13515352 34365977 196739611
175309631 4396456 193461563
59468504 18215292 193995371
80 19 317
194 237 499
182 223 311
191377753 117522522 192753167
30192111 67534807 193488151
162377123 14343684 194298557
23 43 53
92167353 3144177 196772299
96 165 293
367 708 773
46186245 45858506 193112987
41 26 157
20977481 177016693 195029617
82737877 99346079 196497451
141 39 271
173 130 223
638 737 853
213 778 983
156525189 184475218 193051301
562 535 859
147 9 269
172 132 619
73 122 149
176 403 647
36115011 6796305 194225021
133398799 84979987 194028301
176774417 11842635 194613613
671 291 739
194979602 52079099 195434717
27040482 74073361 196201843
167212485 64475675 194621839
79413650 34703457 196166647
102352832 16800531 197240909
398 110 547
171280133 70553137 193344373
328 25 797
191630496 93441440 194622523
153434081 21706258 195661597
62 184 769
18 18 359
523 466 743
37 43 139
172295030 110579280 196165217
7 38 433
68 24 89
117849961 159241784 194425037
101593047 119629581 193361899
2 0 11
300 281 313
29664152 25410070 193830121
84 61 881
271 102 443
87223906 42773841 196495883
32471766 70262862 193935457
66706929 41615550 192776027
43684866 147082052 194386559
114555289 78060847 192302311
374 368 631
299 266 587
359 213 491
163792827 113659185 193488803
18365238 178700854 195957763
138293563 136987917 195521591
421 189 877
185176351 59827141 195548201
50 21 61
73738685 52006830 192440779
193846735 147580956 196679359
97669524 133188488 194902777
90010597 149139521 192961073
231 208 239
78 1 151
171714691 90666821 195558931
44 42 71
294 233 523
131715323 56921037 195483349
27209439 183343740 194773681
31594190 40622674 192879749
143 345 613
124115765 166154425 197022281
15475126 80441393 197215511
80455669 78911803 194811907
338 354 787
135180953 144935628 195542833
92274176 124862250 195145183
167642742 51226323 195087539
388 468 673
102 81 977
34 419 467
59712618 181801065 194947567
50 96 563
308 61 967
68 289 457
20654839 112886438 192554897
875 93 983
79125178 136058121 192370379
326 485 719
77274026 155653961 193784741
547 271 733
122855876 13701912 194113489
307 186 461
186266893 183327984 195695779
43299634 130107530 196835993
307 872 971
539 79 727
27 23 29
80480897 29465931 195854053
32185650 75013475 196689851
98512744 68840808 196519937
115039350 87545237 194901857
462 289 593
133135715 91431741 193597519
78646968 60933775 196846981
20089851 128668942 192570583
4 28 137
107 219 307
8 51 53
217 80 233
360 381 421
129579434 184667797 194197799
98882995 121555913 193231249
113688501 12031015 193786577
13 44 101
88858097 14521718 196242103
106324418 1989414 196433957
556 75 757
103531711 59707938 193029167
7 52 53
174286295 147507971 194304037
29 8 31
36 2 41
804 681 983
150394095 162319770 196786483
184965226 73029146 196929259
112872025 46706614 195425179
164444944 65065115 192919123
410 180 439
118730979 41493372 193633127
338 66 383
243 572 631
147 8 433
12966834 172161618 196527049
120879126 142659495 194986081
47876368 177882185 192354859
497 648 683
319 687 829
522 460 937
80 152 211
113 146 151
128356032 22232683 192948131
77840200 34059417 194921747
145853865 43316761 193782013
88269012 26498998 194511487
75511486 23307528 193513819
164126144 92267709 194801479
250 587 599
69601704 25698295 193841537
300 323 353
160 138 587
6567997 189461607 196181497
11 6 79
344 12 463
65842393 178630833 195366751
172 41 193
98326827 52745782 197215091
181 104 269
91 53 179
162 565 601
315 608 827
32337899 160158937 195111689
456 55 599
42846403 109427013 194680987
32073415 118896138 195513751
42891462 109856310 196884977
97 13 599
118 84 139
327 380 719
101 55 337
181678214 79422217 192832147
68 12 139
71 99 179
33601594 104769578 192421373
0 1 2
143402417 114512011 193554553
165979134 183558668 193147921
168 160 379
161247787 27419420 192661853
340 118 389
131632954 38666095 193767337
103877475 160898751 192445937
379 436 643
185682475 48484981 195811697
190601524 77678615 194459431
79 82 269
1 1 2
164642454 89567421 195510691
19 120 163
243 512 607
138 441 653
99128190 70239916 196817227
45495981 74446048 192902207
219 348 383
26 106 571
520 335 683
649 186 853
64509211 146835933 194815459
479 444 883
66082360 186777511 193223047
23545904 101965055 193188967
19 20 73
187 114 359
86912284 41299936 194299223
206 408 571
38 409 647
114897712 189186814 197130067
25751000 76795632 192815149
190144280 132667877 193778537
70387972 193455280 194644771
147 433 439
404 217 653
84670722 74318844 194070673
46 17 151
160 85 313
10 26 197
138 73 193
153228050 192190013 193109897
688 214 709
48485842 122696515 192415519
154 221 389
574 312 991
57 159 311
118425376 176876630 193296877
209 37 257
296 161 311
157848425 63428979 193945303
125902315 90197370 197276899
811 760 877
432048 63434043 194674993
38428209 45012058 197230307
53507555 113905981 196000019
28 69 71
73080334 117114657 196154429
57 65 127
395 195 641
98785438 158895896 195396977
192497870 58954891 194362303
159248693 167732156 193557907
112409248 128378301 196968787
81 660 977
255 2 911
16 77 107
945 264 967
34992077 40276421 193556791
537 799 971
407 191 467
93131510 190365640 196315279
155 41 263
37892215 117048153 194084131
52875282 65152990 192837709
74211282 178642307 195595313
566 581 811
122 409 439
103494506 68943941 193879837
64 56 67
97779937 184784826 196338047
189565853 103472355 192629233
120597505 38302419 193807951
483 253 647
1 2 3
136876674 151707696 193448323
169336168 171636742 194666231
70110348 160609529 192623939
173764315 89309657 194607769
47401860 34944675 196970951
143000967 75474776 195018851
50 36 79
116 54 139
157491421 71277494 192804583
31 27 41
180 158 659
483 579 613
140956356 97621766 195683407
32918377 17145675 192354859
500 600 787
321 250 409
40 17 43
31192994 112501186 196437221
133743890 168657788 193945691
426 259 691
161307337 59341262 193720343
7754412 151318159 193629211
166563589 103665996 192308507
78212698 177468585 196135939
299 464 701
13 78 317
179387342 190870667 194509957
223 62 379
353 450 887
158730013 182956515 196282109
672 578 929
100755850 170267140 194783101
9252125 25922212 195900899
17 8 23
14 15 19
123780626 5635051 193709029
340 328 461
27972230 125922993 195308963
556 371 659
110126157 180531414 195542213
130394651 46217557 193530859
75201291 116269752 194667667
420 30 461
521 637 751
77 29 139
566 421 863
128441827 101235599 194083531
181460914 58698746 194146663
120257182 89777698 196737179
109 107 617
58 68 109
110 183 587
57205326 153222307 192429917
146 152 977
122 62 173
194261805 30388279 194572363
109007507 111934043 195395141
69095722 1499702 193373767
151394748 133500802 193414499
64904540 134903675 194374097
2 2 3
137874266 86873245 193901879
244 13 571
173475211 39850958 192406751
71997078 83973478 193097999
80461669 116274098 194802583
12494342 174217700 196698797
195 653 983
106867768 115842428 193535033
68088138 2900938 194359051
85226433 4081085 194082887
5970806 111357504 192830789
56194768 176393382 194430407
160 51 163
254 368 373
195730575 31848045 196463359
112894584 119568734 193456099
388 81 397
186482200 182463194 195661603
165115790 184298926 193106813
66126285 142545940 194589949
22790591 174738406 192988979
1 0 19
140 11 151
122504689 108499454 195902989
144 101 379
34 33 41
447 599 617
537 211 881
62 210 271
74 97 101
492 379 547
155386200 45808278 194984239
458 891 937
178753740 160332894 192824773
193 625 701
186 190 191
262 557 601
259 289 317
3 2 37
259 279 563
137589655 3825884 194677001
179929116 52085976 192617251
155997348 151506998 195807061
336 30 443
21423287 51840988 195018829
256 423 541
13912866 41006424 194419133
223 97 277
2 3 5
279 439 563
568 339 971
536 455 823
126522958 152837428 195999631
170 67 251
451 425 647
377 739 937
30 339 397
113 232 271
4975185 7389083 192858287
55343741 164757080 193284499
325 0 719
37 33 41
49 92 359
161058538 159459448 195115979
9 11 23
123 196 409
288 129 443
100275510 66377240 192657767
336 392 439
9629356 56648095 195269077
396 30 643
24 45 409
39 48 337
90408558 23789074 196912907
36 45 47
116699341 57787250 196173269
100274279 179621163 194904583
528 641 701
60515563 54109950 192979043
123134278 9305827 192551627
152413252 178913926 195292921
377 456 797
59211212 105508217 196803301
168782527 156705677 196798493
156534395 74038242 193783477
0 1 2
98873118 78510473 194627129
17 175 239
413 282 631
12151038 160395404 192647599
23893015 111246144 193824641
94385537 115594326 193922129
806 639 877
14 12 23
44426911 13035350 195243647
124412610 55323688 193920211
177457769 131093324 194602207
126169644 314744 193877483
89846189 68008240 195668489
455 54 733
440 740 839
134670554 109947965 195210011
347 565 809
32221158 25764818 195468107
381 648 709
4 4 5
147139462 178480624 195867163
143 141 313
207 173 853
10842567 138404461 195540269
8 152 947
114 353 541
0 22 97
110 438 499
67891623 148434308 192862517
42777277 125555250 195031687
109023881 163130573 195076151
163095939 98213858 195483217
111172482 36078928 193261163
58238655 79058302 194832901
124301542 6589938 195239131
528 527 631
183608710 171936341 196767359
163776226 83914678 195087593
424 240 997
395 447 461
74 56 97
136 83 271
42 124 643
116 68 277
147212853 168304453 195965519
47 106 137
43697859 177514358 195730819
37920154 19635134 196861507
379 321 461
367 23 947
160371405 64383433 195994231
173 300 431
134 540 607
229 659 727
48533552 67235139 192332083
153461816 159636945 196268089
615 419 773
155673966 41147056 196469387
183 270 563
3 11 17
140 272 331
29835594 7755131 195375337
59 119 199
95573473 42569714 193075643
163725212 83303894 193007561
12865852 71530458 194260487
442 693 811
100 143 199
167245886 106769556 193820819
58518344 61321438 196624487
66 45 83
500 302 653
162 382 863
472 484 701
581 99 929
165493880 61306403 194599681
101496150 129457707 193362079
348 577 769
24103623 166986642 196654543
115299121 180643499 196212161
311 514 827
93765589 156786005 194282731
0 1 2
8 5 23
335 449 991
180026128 58061729 194960299
122276652 40530214 192541871
438 298 521
150072938 68242756 195201569
179730302 187462441 193325773
152636898 117555820 194983507
366 338 757
149009497 29308990 193666427
30598354 36406763 196676747
604 204 643
8 16 29
423 19 887
88618730 176295914 194518307
5 2 7
175231184 23938615 195374453
104006661 8911551 192373739
304 121 421
62540724 182098899 192928339
17598878 193541508 196422503
14256229 16071196 194796809
30061025 62701674 195531443
170200305 92899783 192866963
204 6 593
183 180 211
119 137 277
152940987 49630001 195220243
150650367 164218929 196678147
151599801 145615306 193277353
737 487 967
35 66 101
37 0 157
95 152 283
13 15 29
187606727 64248900 195250189
164376896 39027242 195451037
21026272 69442469 194046473
198 161 599
181 295 857
59298824 139126426 193458799
840 393 911
677 237 739
12791859 97736037 195262603
270 98 347
120259790 91544953 192340123
110025928 24475856 195977437
174187402 2749483 194194613
155131560 136333364 197251279
171884172 15449113 194321459
32210041 118701307 196071121
170384811 108418411 193559981
944 524 953
477832 57664633 194039099
333 115 521
84137265 101494748 195495463
670 36 929
21991787 1974421 195529319
5 80 109
57 525 739
456 165 839
364 187 379
54 238 283
45392002 183791713 196136971
485 258 499
18 1 37
191 271 283
151491496 106694021 196573649
129468653 155491415 192393251
161729330 5599761 193353233
130 315 359
13 69 127
513 291 709
50343981 87626653 192421883
57457958 181080240 195117563
562 80 683
26710109 154180076 194013241
72522261 72699521 192915377
81038637 126241127 193930813
596 477 757
29160330 58523429 194628653
136057682 169183219 196069711
27 204 557
58106861 171046460 196113389
463 754 757
82839606 169739110 194924053
148030619 103683208 193099897
100045491 186418762 194548883
332 248 389
94 74 433
166980686 19961515 192489607
158277655 101451158 196554643
56103361 97368716 196042993
133847679 147130624 195819271
126620959 147074614 196027999
23 40 89
96 127 191
105789139 6827392 193924541
530 430 613
79300371 110878474 194077217
170675114 192797144 195034121
142013733 47664679 193161863
38846307 155063266 195295237
146541585 193509962 194715853
83607105 26665013 194916989
177500930 46087447 194364857
8 5 11
0 7 17
535 256 853
151 211 331
182392128 41340409 194168347
242 235 307
287 225 709
148708808 22903730 196849319
34731262 48833277 192509117
308 230 827
0 2 23
12426599 16315692 195241661
84816063 107330738 196557407
65 35 103
416 229 563
102 65 131
797 794 953
50 155 173
118127065 127225201 193565941
35386298 110248333 194052689
43 186 829
56087821 155351802 194810771
2 10 137
78 41 233
113421813 4945557 194358691
12 10 29
391 123 941
335 64 937
0 2 3
177 154 401
620 307 683
10 0 11
201 159 239
124650127 90025524 192490667
58208393 50602073 194475487
55 29 359
135126079 10771905 195508009
171724106 178310838 196719037
144 103 431
38477170 140131378 195797191
159 5 181
177124122 63680652 192636943
175662749 56572898 196380473
486 351 751
467 165 673
121375726 30632297 196278403
549 131 557
660 254 701
163807066 70163839 192715709
208 121 373
395 606 887
15221108 125248684 197051927
132711593 132875557 197190529
92488482 59567046 194397611
258 33 457
354 574 757
159119113 24704205 194924767
195 350 659
122150882 191201280 192534289
118965850 6419187 196367711
156078019 37318763 193560161
919 509 983
15568805 89834007 196179917
314 242 409
7 2 31
64 353 619
13 4 89
165 11 719
39201891 119998848 192849599
119 282 967
132768004 191872431 193519597
90037450 103390220 192820393
144655656 169167800 194471341
82629549 144686262 193604881
30672088 78122115 193531573
280 124 797
330 163 811
378 715 887
79 389 431
176677730 70520878 196987829
15266338 45843864 197117213
749 460 787
48845021 122318576 197091581
6865950 27290134 192370429
480 350 661
63655996 45116613 195568027
129504212 48594644 195786313
152 209 709
127 194 443
50654255 39890042 196991437
115597172 126559577 196233841
84434776 27044895 197016319
100568574 5392842 196178263
267 501 719
210 94 233
157382270 140721105 192501961
379 36 383
5548891 165219076 193812139
103334038 19900543 196041143
519 607 881
159 91 257
104 96 197
184595450 190552247 194221429
223 839 953
158065268 53844064 194445659
148929772 27849522 194408971
109902883 150551879 195007781
3072987 74949988 195493651
295 241 863
181 8 449
243 405 709
189346049 23954781 192785363
552 219 599
1926729 52769325 196135519
103 562 691
395 100 829
49405850 89434668 194694901
52048309 57146458 195931061
18 82 163
66 819 857
106974321 4087788 196864147
169485672 133374757 194763847
162492621 153919761 193413707
306 216 311
773 249 967
554 361 809
98357666 79131038 194520059
186601206 192476636 193341913
115780494 181137347 196154129
37408403 45937071 195693643
90816976 47847603 192828631
17 34 67
77740238 62316597 195414517
187550845 69216537 193398407
17 7 19
23 20 29
141 146 223
18 288 317
152002544 5299667 196698011
6521306 66101152 195979457
192132868 37164739 193394891
144 440 769
432 524 881
38 137 541
128 83 877
150382427 70700438 193353011
832 422 881
41626945 150476516 196122221
33202768 77199218 194951633
158804528 66168486 196857691
30658986 14191033 194653541
147488966 111240928 196743787
111 244 263
398 54 701
313 65 557
198 101 199
54 101 103
40 70 73
34866383 65886506 193930879
110974772 160565188 196559323
17111153 71552534 196933811
72544317 34250919 193491929
41 66 181
328 716 953
62348960 96162115 193375933
62 237 491
37 58 83
848 463 929
80 80 127
12091196 173651018 196555837
346 292 359
52 75 89
514 174 727
113412545 19782920 193975783
8 11 29
93 90 193
23 28 37
97 257 263
31207419 2718318 192334561
19 48 191
41 41 107
593 808 941
60508994 77652268 196791971
545 50 877
127 156 269
92771571 110023681 197267027
106716066 153782120 194563741
527 568 647
29197924 71128006 194050183
1655861 38034900 192531761
191906893 180239737 193525291
54855752 13515454 197025743
67 50 673
58954211 123934633 196903951
42 135 463
60566723 29169196 192925757
230 207 311
536 468 541
371 129 827
20602038 116003779 194208997
453 259 571
225 62 643
44 50 67
78640964 69057365 194578499
70735599 52277257 193847761
510 347 937
42618477 3843006 195051029
59543383 48690722 195351109
55081345 41184345 197052029
198 204 859
41 20 67
441 209 647
67470366 125193189 195887633
97949 117992489 194887361
93844453 36562550 197233877
157162236 183740857 193780271
14 13 47
124165731 59721287 193363549
356 478 487
0 0 2
31 5 293
56124102 140515271 195252907
111237700 130756045 196937183
632 444 769
177398984 100958940 193611877
178264418 13909109 193823431
87 251 293
213 81 373
74284032 43124987 195550571
118 252 683
539 237 839
76726943 14645960 193076033
15011524 100883513 193013897
588 438 719
108 61 223
37 10 107
237 406 431
75 97 199
49015189 142232999 195025553
63 50 653
70 88 263
185300630 177289627 195850909
97158005 120811869 196033969
19901769 55522631 195469031
1259119 47312308 196897577
175880009 126195125 194072863
1143065 24602139 192568151
55 83 241
41520246 181331556 196047661
176438907 86867163 197003459
186352767 106263362 196629479
141807751 113852832 194035991
117213676 7938825 193358069
14 17 19
8 5 13
146369191 29919692 194283211
84 244 647
343 359 463
11 1 13
157 174 401
41872503 193196323 196873009
432 371 691
11264940 17302156 195554243
84156330 95007480 195185569
158 199 349
159838141 151066167 195367303
52501698 160719225 193463917
14 6 37
163804168 95369704 194220553
96579897 45501923 192687259
77864429 185879403 192380387
49 23 109
168278592 41165158 193128541
135 52 349
688 124 811
415 334 461
17 106 109
24 42 53
137657488 143282952 194399987
47 53 67
576 497 727
159571708 71003072 196410029
93790386 53088045 195166801
65 35 193
87208936 136663749 197072111
3981352 162308085 194411293
139928528 190717232 192376733
396 512 563
0 0 3
168488981 53027826 195878867
111583323 183255627 194381321
156935677 83928827 193126729
160926167 104410954 195007831
480 177 673
25452392 167159360 195978127
74 188 223
25114785 92295166 197113859
76772263 167964553 196882249
79440309 71952380 195392069
97773701 182582378 193327513
188079307 193022492 195062801
66620122 154180501 193470443
287 213 347
492 252 941
439 904 991
519 245 971
19545044 48252546 192280609
433 436 503
95915138 182178270 196637981
103405043 164367324 196907647
169 470 691
124299503 106923438 195651517
256 629 683
411 505 727
191489877 8604700 194457773
95 43 191
14 45 73
39193113 97170130 196880419
135690700 130415533 194576177
73 82 89
147 415 569
75 49 89
160188310 80037636 195667961
142 199 443
178901946 61596409 195007079
163 446 593
354 213 983
73 47 607
136710730 126144836 194945969
114992116 125078959 192756227
54209097 103214977 195891601
46 0 47
184795172 85780601 193449871
23119539 30181144 195843671
563 669 709
132 73 271
237 592 647
59 98 397
9 17 19
234 144 337
12 4 23
56146751 183306943 197066761
35737136 2446894 195788147
200 95 283
367 342 401
57563207 136384346 192806399
124874687 62565941 196050167
141 40 929
91577326 89472885 192657607
127384089 43306430 192639991
172 144 409
544 843 919
96 142 167
409 688 823
121417832 107593090 193107113
182921520 90221346 195186311
166 703 853
16 263 503
2909096 9070403 195415439
312 43 431
54447636 125652156 194693783
129192767 62046540 195207707
113335280 127420305 195793187
206 265 821
111293232 152054282 195885757
57757306 52604756 195322019
177916126 107379260 196676399
21 197 229
181873939 167440484 192575191
181175814 78272776 195816853
119927158 46080465 192733487
136803097 95348992 196357661
32480570 98036655 194416897
147 186 223
71223436 191830862 193638061
71 217 743
97532201 122270352 192972883
194 54 331
36 863 953
62 473 977
132331179 126847212 195817733
212 260 821
144264700 110585499 194290661
128086548 44766401 194181373
262 220 397
108543227 16524296 196690309
104703830 152984142 192525247
187676510 45897571 194202083
152847352 79438392 192982357
27384715 118381497 193196543
164205514 131056800 196177193
97 320 421
107358361 54420238 194492957
66 53 79
345 627 659
13600488 57002367 193358441
63441595 20337148 192858779
201 185 241
61398270 71822156 194334311
43 16 197
101 181 193
43854903 151481631 194726171
112694102 97984799 192324661
148 37 151
100123184 122748182 194151973
33 33 73
128 158 457
169582096 130756455 194012957
35824656 11604607 194440397
33929513 106504043 195310597
57860592 46648352 195322609
135326400 194530244 194769689
180 159 313
291 208 607
34295346 7500326 195156217
8 10 17
124146575 84458828 194355233
45 36 281
150689570 124488170 193224487
192 269 389
93 56 167
120409475 164294575 196174051
82339389 113369249 192472121
126976756 147584348 195380671
153 92 383
31803430 106550704 193560109
669 513 953
155472902 187415276 194738057
0 43 311
144708535 40276167 194173033
161119281 43157064 193902641
59 389 499
23414150 153201676 195047581
108516532 189514115 195410519
158819951 80773017 195041923
102594039 21874188 195938189
27 225 239
138 143 163
15 26 31
12283265 163497176 194223971
63 71 193
106 4 193
19 75 89
249 189 293
56 71 109
134 18 233
145660122 149036778 196331651
31249563 186234622 193197317
146295730 89236635 192376663
58156358 82268875 196821091
162 196 263
66808569 109239431 195608731
113 187 211
126094117 41441196 193550633
119293800 83707071 193879337
191 380 997
681 250 967
233 139 379
754 735 839
43641356 193544097 194190253
182 353 643
145311311 86892982 194659613
8 71 521
122329570 56803778 194030563
149 25 419
73186712 184157145 194533279
175185531 182320175 197138041
56238934 122395817 193246007
182 204 563
113264952 118857186 194260523
10919626 136915040 195978667
326 567 593
765 95 829
59006248 41222805 193498951
191 246 727
272 56 419
102 118 317
95421181 2771655 193410941
97 113 211
137498078 88184228 192903239
397 106 733
222 180 787
352 371 929
630 121 673
346 156 569
68869626 169512955 197104129
1157058 18823529 192853603
17253291 110502444 196536671
34350412 154780142 194622403
71 18 83
269 252 443
11787918 137032417 194551831
15061366 24478689 194376341
117118655 11729380 196963267
14904010 49589878 196538701
183638358 42078823 194970929
387 191 491
377 332 647
101846356 132546583 193774129
372 306 457
7240328 141669884 192732517
686 437 727
185 90 431
41300819 42794032 193154939
148 234 463
62959527 44277031 194247997
460 99 563
37190015 10953296 194524483
148760473 121092894 195146089
189308274 61546565 196622077
42 372 661
507 137 709
230 254 313
194957748 185839529 195897659
6 130 601
513 695 701
113697769 195221881 196329949
0 1 2
60 80 137
115244580 194375697 195835741
55836569 87717607 192999173
171 361 719
34995282 108950315 195409583
548 466 883
66390422 104572192 195745909
152249665 22823106 195788797
82483550 141193102 193266061
92 95 101
242 126 257
177 88 241
165 11 373
