3307
802 627 997
464 545 929
86086437 37472497 269673319
47510959 57893312 266249351
14795586 191386817 268603619
37 464 997
86035524 144902419 269356643
41 39 109
1 1 2
36895738 65304379 266572651
134706415 93541753 267810013
229916171 111700594 267415591
417 11 701
32881408 65765963 269296231
132861208 25556222 265969103
158 538 839
39770237 230804851 268483043
266424017 82648240 269160169
28 6 193
84017875 74463047 266669713
779 73 887
645 139 937
98 476 491
372 58 449
101 99 439
202 143 443
151 137 379
246 121 263
718 703 743
129 246 857
119730354 168335178 266908003
352 248 421
106566781 163692133 266176093
192229303 225072892 268258973
352 292 409
233237753 170224154 267009949
169764888 30383316 266019847
108164902 101046261 268462133
259962680 192210044 267320363
417 294 739
131 145 577
169 184 677
135286233 60966053 267093383
6 4 7
31775431 53168408 268261937
238 349 409
2 1 5
114167505 201261983 265589897
23539576 55285186 268675661
742 13 787
123959194 37543666 266563963
71823458 47104797 266145617
82 245 257
167 63 239
140 141 239
265240152 3734782 269543839
483 311 877
142 535 727
63 74 239
119224060 2322781 265609879
481 535 587
108 158 191
26 261 313
16 26 43
199548360 110958524 268657979
100482924 93420986 266297321
271 269 373
187583662 155603163 269476939
17 24 107
12800992 129764253 268166477
156 120 277
52772808 164139976 268293637
201409397 267282041 269637497
12 146 401
215551309 10549394 264878927
48220923 16552410 267001649
78937893 173948402 267954691
189 322 647
71283549 99611572 266545801
19933316 30267072 268125101
107253490 5018913 267991411
55435744 88758221 265936019
46 30 61
492 272 509
862 403 907
23536232 52502332 265914031
28350886 137921815 267094439
6 59 79
87870405 93614423 267976403
49 299 751
569 183 631
50 93 241
557 661 827
140285198 120153803 267102947
114611768 167269687 268958119
315 192 389
130766554 71747149 267510293
159 46 463
33378884 185413617 266106733
136904710 238931848 267314339
202181302 87198888 268682783
510 483 601
699 150 701
234 120 331
163 255 733
145007640 157962938 268118447
153234221 94505705 265426351
34 71 79
144897383 243785652 265954009
36 286 907
277 131 547
138797942 53554957 265326487
147968583 89855279 265576427
68 42 311
30153826 142634156 268846537
7 3 13
173087460 143205792 266534101
71551842 65334671 268571143
26330288 256800321 266029909
327 128 367
200524755 100094374 269518279
29827764 78630526 264890683
216075739 100924923 268555451
99215306 12896107 266462177
322 155 439
43216018 2313331 266957723
477 403 797
143 100 251
48198131 78932207 266369557
3 179 439
85791246 128393420 266547793
51 226 263
128 80 353
18 3 31
645 198 997
192334315 183356347 265788293
21 17 41
172778670 187824050 266824601
62 169 193
160 4 167
39 105 113
1 0 3
90 184 293
595 96 683
319 186 659
494 233 997
1 0 2
34 57 71
47210910 13974974 266392031
468 96 491
64 53 83
265032913 129467789 268355939
117002719 752158 267788533
272 263 719
392 45 659
165758561 21142915 267158053
37 7 191
216839003 126178089 265342349
100 68 103
135361796 132321300 266444561
107062019 119219626 266037841
94307197 206506864 269068997
25 101 751
321 1 683
237 458 521
17721629 26627687 267608147
224135858 156562027 268800827
234 37 347
210839789 156369230 264850843
72802301 246970714 269317703
42698325 213899035 265377971
887 902 991
54478886 20506370 268266287
900 54 919
440 468 977
116343550 252165690 266059039
1 26 61
72 469 647
148320522 121389775 269030087
214 203 233
382 229 389
228444667 237031361 269415301
16 405 409
199921289 49315749 267471059
149487969 252175741 266461361
188 161 281
165 154 367
131998905 191470940 268743763
43 52 101
188344295 105468537 265031947
21 96 113
365 76 743
13 18 31
132 378 991
1 2 3
67060273 160058314 265512323
52835509 57759471 268950511
208620948 29766396 264991247
100763713 104575918 268740421
107601878 82495601 268188563
159856262 237317842 265244209
437 325 601
310 258 569
5 7 11
44818878 106647747 264737113
46131932 139773573 268946129
54841683 85044254 266733899
37 35 353
197 240 433
96728792 253560795 265638613
257078740 214438533 266578447
116972882 229596504 265012499
87151404 47727477 267315817
133866658 1497454 267778939
250518793 118182118 266246609
284 618 991
21840594 145210301 269045003
171464211 77936170 265156601
33 51 79
37 156 199
22562431 161342261 266533697
52 65 103
234 28 509
97329500 260278945 265468517
199849778 202298969 266421973
77 276 461
265187640 215530682 267569513
267 17 641
179 12 199
254887110 11767269 268953079
67023643 145805405 265063933
108274186 234987801 268547693
24 16 43
188 58 227
180546445 55253119 265585783
248754459 158261607 267218243
136761278 117868168 268733429
34100447 159573736 266923693
440 8 463
117079237 101643524 267430973
192234027 59330876 268817723
30892900 172889411 266080631
246801431 16568258 264778867
50222750 126711690 265691057
192971476 62952398 265477991
544 273 557
261409511 126952868 268463551
329 426 557
850 901 929
8 2 23
245488118 138529390 266723921
121697645 137832128 266546227
546 533 569
208590218 264847882 269327027
327 597 929
81649353 58156391 267036961
247 351 449
161653117 113056838 268893601
14549067 213771083 265493017
170 409 431
164475300 229699794 268579331
472 5 991
65713591 219112219 265512413
256848551 53566075 265037281
189 252 439
100 179 521
25760189 124557212 266752483
51 100 211
223470107 210025365 264794917
661 466 727
113 204 439
138807713 31149590 269286859
107236087 157460635 266909821
638 455 683
23766179 143462501 266909081
153 471 577
256090382 106726487 267047171
6164136 219272000 267125917
73273681 167890485 267579379
197244601 70867570 269503187
225712447 71641994 266178529
104952502 40036682 269057003
163891898 221325391 265772873
25090110 97992718 268342651
138804868 239227780 267090403
48448986 263625578 265449299
46 68 83
230 145 541
66358901 190211148 266592089
149414568 204244389 264883181
125 123 557
184645213 133848252 266522953
96318278 7787522 268781641
14 0 17
673 843 877
178289008 103785238 265684703
147 238 281
240004384 200306147 266053877
140344383 160418534 269491043
383 517 829
44 32 449
187949197 68202687 269323553
39 79 109
4597320 115944093 268251307
155593538 260829622 265616189
10412223 237272129 265626583
52630965 193403013 266151889
17940348 189034184 266929381
53 175 331
130468380 200475353 265922243
459 413 967
179116161 42555255 269186759
936 124 983
52147732 153256330 269452753
198 80 409
361 749 751
267396961 240640656 268262377
241744268 29052377 268981969
12390763 49193484 264959063
49 134 499
160 44 421
6 0 17
202584227 68159407 265022423
13 27 31
264079311 2058173 266207507
171110357 5358218 265047089
870 840 977
235645616 208261858 266242681
113289856 77551281 265944451
135950357 222851359 267143179
181027847 21876634 266168783
138 227 239
174240614 108358750 269452103
109465583 189622072 267825301
124636344 235953605 267674083
187945119 158337542 265925383
97592324 5393757 269502197
269 141 883
152629222 191777371 265892171
163429469 42773471 266852087
117517094 236961691 267841127
4 1 13
92944447 49872980 266537797
29938588 170437508 267770309
28406899 88895290 265105853
125 200 463
54 537 829
102913936 145161329 264990071
193108793 44971549 268662689
16 22 29
14 54 59
151 99 811
7 60 661
24372365 22755607 266445287
49956696 141260723 266722139
502 546 761
41 56 89
761 281 991
135281121 137640707 268917629
93 196 577
715 465 773
246 326 457
182269284 161806378 267616199
786 617 887
55 14 61
268102167 156894870 269363747
291 268 743
193 540 569
358 53 463
5096290 251309287 268304587
247894914 119536876 265508501
94 34 239
65352386 37019439 268397347
561 209 821
209453359 264752133 268171577
99 248 389
132172132 4851528 269502613
122 119 331
68 44 79
213042967 235235030 266450329
123588691 192158818 265837487
144 301 367
249 259 281
167 78 193
56506358 254732160 264839191
434 181 619
7 92 137
245157535 106017393 268748929
9729825 34894532 266154989
181 148 223
44487597 120871574 268151797
162561230 246466387 266832851
331 284 421
63 199 239
386 188 809
9048987 12748585 266166343
353 228 457
228498976 194137048 265189571
221149560 262642100 268157059
208783720 260081353 268378399
251 314 607
52440645 172674207 264769259
287 211 883
12548683 76924925 265023127
26 5 127
36722761 73990283 269355607
82223801 70187766 265034587
68621916 173023464 267624373
539 766 967
63 374 433
184329926 49964074 268424413
160212249 180449832 268466503
101030768 155963235 268501693
517 684 727
399 131 487
20 55 157
39 40 43
274 148 599
122630535 67354819 266810771
248525055 88429939 268793207
31 97 163
179 326 577
43238508 229006058 267009217
153 61 317
76 97 953
208149137 155381684 265002989
75629141 95161217 267973259
21 63 109
163370868 199366553 266584739
245 749 757
188175706 255726677 268102409
13 61 331
201712787 170052616 265492921
16 48 223
133580535 216845010 265853309
852 773 929
403 73 541
149 516 653
213252817 94329904 269032121
55446242 111895213 266458037
114 152 179
121979366 82223246 269279579
106343989 91413128 266631653
126 518 523
92 31 367
236774972 221130796 265341259
203 557 577
23061893 20882413 267671237
102963106 248005216 268116337
146669256 57737408 268620829
3 3 89
26071479 4891481 269544601
170 6 383
142658680 227740516 269346479
264666538 194555963 268514843
713 412 811
116 65 389
117388888 145047570 268238521
218551650 150782266 267823189
226237504 76993627 265889213
56699348 199826825 269285629
205815511 179091113 266832107
157673855 29841692 267049973
3906159 200885357 265233271
206544715 147684260 268054253
81818846 129230763 265427027
725 454 797
139 112 941
215635539 123871350 269511791
79385483 108076782 266656667
124 288 307
71 620 661
385 277 859
96 98 127
332 359 751
226363858 117237945 269031701
53515551 203289482 264862231
520 629 647
201514224 36855742 269548151
150769281 194361640 268017931
110683231 175877244 265931587
244691515 97932012 268678213
49589634 55196855 269273429
257478094 15140711 267435373
149457042 77574276 268460267
31 18 89
40 78 89
127393003 232010903 265499617
116 202 277
54 94 97
50738374 223414864 265376453
751 740 983
206506915 70671066 265147241
36 43 59
319 272 421
167 294 421
13930906 229910488 266585591
33920914 161910570 266677273
493 96 757
245767976 122140832 264851927
124 16 139
334 129 569
215 153 277
145938173 199886670 268545989
5 65 73
220999295 71170752 267226081
170080507 128377400 267083867
152098797 37021157 269669041
35 389 479
222151977 44641240 268075757
192 81 239
19566463 101288408 268191047
51 246 347
123188122 83618288 269499913
75 405 773
221 406 607
36 195 269
2 10 19
256886977 1212184 265380253
5342146 77468684 265476479
462 79 547
257146722 145165799 269516699
32 17 41
164 119 191
206975157 169982454 265031881
213 234 277
33 60 83
31 10 43
106570551 42560238 264850613
71 21 79
207470704 10313347 267074189
147 245 827
204 314 419
16 18 23
217702859 35874440 268274759
200614270 31845676 266283599
48451335 101014851 267360413
31 371 823
56 574 919
176613802 209002399 267711287
235776514 137536186 268687253
92825362 258686697 265920617
79961201 217855848 268183099
164 432 607
207014977 190710868 266623297
77521881 11692547 266313667
35 327 677
811 672 941
237989327 37468016 266400193
109519587 231057659 269375201
62 442 487
326 342 641
228541566 257478116 269586211
154610726 217543610 264856169
387 45 677
124241443 89717772 267371639
93185303 155947614 268214119
407 682 739
43 52 197
1 10 37
38 11 59
11 26 101
254 93 467
93 131 449
50 148 223
105 9 181
191032876 204147849 266775227
16561756 68306580 267569789
169989962 168794603 266699837
215606138 238892473 265491029
191522826 23106046 268873867
42617264 6218647 268100491
420 222 461
491 178 673
64 197 409
253210865 120454051 269263483
147 86 397
134811640 195290303 266350681
95147844 158545197 269551873
198257305 264290623 265033121
3 74 283
241629112 138525025 268109477
55111276 230391950 266176399
363 540 641
314 73 401
575 190 733
214232453 83321907 266867813
65607067 140040116 266311211
1 12 17
549 176 821
194538883 71514550 264735971
250132071 216293989 268250011
48149369 259035124 269429969
11399421 209322661 266461381
78271989 111819158 267868043
260352204 49353902 267674417
465 554 727
99329687 213822456 267131497
1 2 7
224 272 419
771 718 977
22637028 173660891 265321207
136340685 172753623 266876747
113453751 95635715 264864091
222303806 189797913 265397003
248527534 166635210 266774603
49523842 30915040 267575969
209520175 154826036 267575573
194 57 223
116 295 523
29 20 43
77920268 240645219 267682997
450 447 503
52441210 210378763 269094877
44 34 409
374 325 521
440 474 647
364 192 523
175330550 66891574 265075037
497 77 937
129 218 479
148779765 112644397 268660981
150866896 49205952 269609591
31836033 55662444 267972841
13 259 397
153 82 263
131253779 176131216 268726313
63491221 51851178 265525213
213 111 311
8598994 240705549 264886393
179154370 12606786 267927577
187722453 153902719 269380261
560 421 673
54 36 79
211886191 250815529 266734121
122279170 177046202 265134997
115203772 96172493 269465881
114 26 281
105111054 6678397 266397193
1901485 92728343 264830443
138298069 222109235 265708381
219336498 199892284 264893429
36546286 241301887 269616037
118812150 237014713 266499349
98 205 743
101 78 251
204 72 271
173 695 883
4034161 108091603 267629069
175 6 193
26 52 419
179 366 383
38322415 34827294 268265483
200 219 233
15403318 33071675 267482503
84 144 823
1 242 571
8820834 77784274 267577601
21 28 89
5 0 7
202130825 81294911 265761679
313 636 719
191403468 72109194 267487937
8 6 13
95601993 88620196 269689261
185538077 232595981 267973697
122 111 149
165 216 613
28926491 198897293 268579331
269 169 353
500 298 739
11041011 120926378 266830411
171042364 94573608 267343231
240 337 389
147 162 739
0 67 223
10783519 161901160 267387793
124 302 661
65 199 547
100174284 193301634 269031019
188454119 200684552 266052317
113292962 164604524 265101517
146051835 65170712 269453419
198 209 751
0 132 163
159390859 244668979 268992419
89090913 118368778 264838687
437 67 659
156715919 22002650 267661157
105 214 251
140 474 827
83 265 313
57 776 857
14 304 397
306 410 701
14148239 10020157 267695287
208360805 226747881 267015779
158008934 112352310 268216979
177134182 177970078 266212691
164228818 35641146 265512727
26874971 155077124 268668409
125020358 87241891 268097119
185167459 14489609 267776959
551 563 617
7218359 106050761 266294869
465 283 521
87576715 93426309 267125011
114420897 138593828 267505037
243731348 245756279 268550543
203687762 97329027 265679143
168733859 205116644 267760747
67 119 179
100849649 158329305 269499247
44 26 53
80986429 161587758 268121299
204801013 196770831 265237243
5303284 170178554 265882693
62921492 233113996 268614233
69437986 237696622 265901497
97332604 2538966 267870919
60685210 66416473 265991233
83790106 151631537 264762961
26959650 9972345 265211801
45 52 107
157 21 229
74175505 140946567 269419949
235087973 147185199 265594999
0 312 563
55662091 83543630 269624213
188635233 91350911 267397189
182 428 457
401 5 487
206567325 11009239 268914383
126562810 214593593 268244797
227586672 141552838 268732649
117040140 179994442 268439251
202934340 190251006 266631437
198954851 212681993 268726583
501 6 547
204982217 77377059 265280651
84654181 173429868 265767343
11975683 11383476 265136593
2 0 3
126175358 183536060 267249341
25 61 131
380 302 739
209 65 281
7 1 11
107087213 237554381 268282733
226301048 30985796 267683099
236421983 22938111 267231677
191 188 383
143259061 188539607 268284011
202840613 150860642 266142971
42465935 57176689 267422807
196348510 154351675 265612447
130477583 34645459 268760017
12040792 199713767 269127767
191 28 947
234042560 190794933 264742081
97141978 143795399 268487959
202802963 37354467 265480459
13339975 149510894 266219137
333 303 887
443 121 617
22375331 189624210 265348651
109 101 383
76080594 38198536 269414969
179517937 157132322 266039951
96907017 63398642 267198343
430 325 463
50 339 401
85 28 191
115473869 137016705 264888623
95862730 113905642 269668697
263159430 196572122 266306459
22055275 151757816 268443619
472 500 883
104437164 163458286 268818527
143 429 547
315 149 691
172102509 248391351 265146769
259195872 257373877 267276337
744 640 853
168020352 78971497 266948179
70491623 187971300 266953549
96738438 217943510 267479299
29 19 31
5166553 7121549 268868401
120352668 132098251 265050419
258479615 157028012 269198147
585 117 971
85 129 251
505 579 659
724 345 823
184643994 173042568 269056661
225690517 149727447 266285641
6 38 47
778 122 977
170025496 163797813 269653697
10450554 36646353 267645023
55 82 331
250 250 523
237509843 148582124 268589227
113 203 227
237971604 130703466 269471819
68 46 173
59008331 161198366 268760761
37 61 139
61814944 119391701 268672297
56 42 127
748 271 823
9017876 183097229 268671727
110923003 62958312 266100907
192284454 55487468 268867303
200997321 157379518 269549339
178 37 211
237094767 196720362 269410489
262159261 56488833 269681983
194 730 787
223360344 228943201 269213701
106786949 250411574 269073793
271 620 859
37 39 43
3 217 293
116300645 93555410 268690207
162235576 86122745 269661563
180728502 108014032 266847643
83 448 647
236537660 186753785 267681451
202905877 187057563 265248409
49 366 457
816 90 881
262 524 761
95020837 203132398 267163709
636 60 811
381 328 617
500 433 599
432 530 569
52 88 103
169 152 317
5 54 61
107 563 733
123 274 277
193 517 797
182270160 30963118 266777011
11 52 103
80812553 152647532 269208463
85741668 244339421 267838283
1 369 757
182303806 209911623 265289461
54 51 211
789 754 829
240 394 499
414 26 769
59 170 271
183770806 67201443 265985051
573 131 641
140 139 197
39 5 191
129673744 93468645 268971881
47195105 45625205 269151107
3148026 65725009 267006359
110287150 3730497 269565557
148237704 40306902 268114213
492 938 977
314 193 367
605 506 821
99640565 187821910 267676649
14 17 101
260794309 221769538 267450203
148 129 463
174141460 64952025 267070513
199457393 6633870 268082821
231695800 161778277 269475799
157951963 216181772 266269709
88638621 152213004 266894987
109537708 259530207 266304257
259263909 66276357 268993987
170851364 171132039 269602973
216280271 255223613 269454893
86655628 113608409 269168951
261144995 210122805 269010043
175 657 661
141556711 68961829 266887519
175907954 47955328 267962477
250 54 251
159378744 265570832 268991809
118237616 34604449 268798141
151 2 313
238930630 135992472 266842139
119 92 131
266237943 70589536 268046629
49253766 186431227 268722959
115490579 233486441 265069631
60546414 246450371 264952621
244791452 141978678 266980949
154 77 401
466 461 487
233849743 244736101 266057059
177943975 195673485 269470937
228113321 205172757 269129519
198057599 92521882 267952613
87 679 971
6 92 107
177154449 50383642 269109149
328 216 811
250 551 647
70539689 19585906 267320737
224077147 236274335 267780127
31 29 43
74 109 113
504 272 967
52831518 124435188 269527121
755 187 919
69737349 189449487 266325151
286 324 409
12322320 198658670 268436767
118653881 164744825 267924991
88 122 449
123707289 57400519 265689043
154 260 509
76599609 258141702 265494247
17925562 241273403 268473841
247600950 108161878 264951151
205439899 176591250 266687227
171796533 27969183 264744797
315 147 499
6 2 7
56 706 853
6689584 198751249 266199959
216846808 252218122 267114769
242310803 108282535 267744023
53 87 751
301 278 587
334 190 613
41 132 139
129 215 463
63 648 677
16 10 17
7 259 919
138424684 44224454 265883353
203123605 75042865 266027081
259 201 271
342 460 727
115 112 131
224666794 231941022 264934811
0 0 2
35 31 53
143 129 149
5 13 17
137 168 337
141 414 449
281 405 433
246 334 353
133302294 119027275 269431973
27 35 41
25 224 263
52 722 947
615 78 719
156992538 166422391 265888283
382 361 661
138 278 373
90922162 38422633 265568587
219 427 547
14953194 142526487 269539619
37352997 265490161 268271947
25596996 244879480 268919347
7712134 260132263 269317663
92688656 242088102 268377227
547 446 953
19 45 283
95598810 216371739 265065211
213152892 159606657 268293257
155 62 163
57 70 163
277 231 853
219 303 859
175597778 108037102 266419973
251282808 169727138 266317691
310 489 997
205123099 239464770 266096741
175983094 44709361 267367927
132587942 170849944 267786037
242003785 106925981 269672783
151155080 221250043 269501489
106752831 101163689 265655303
60 77 107
1 509 547
46 221 359
2 5 29
24 6 53
169 341 359
73 35 97
400 3 509
111116964 42632469 268770349
266352596 50086001 269171281
116 199 509
32 16 41
263278424 153729053 265959049
200404859 38975335 268683491
81 197 829
42 452 757
534 718 967
198828284 188876279 264874189
19 0 29
188122539 179792212 265288319
182 150 199
6023994 107858716 265777553
323 322 421
0 4 29
217 107 251
19 125 127
161666119 179725685 267490777
988 373 997
167 11 257
241492047 145903197 269220223
15222608 56512954 267872239
176599070 71391896 268975909
92000861 84058586 269471681
197454950 35508168 268016911
121 296 353
106436578 125247228 268411337
94955281 211038195 266852731
193491170 261444837 265393393
59630731 95336373 265563839
176 111 263
18 5 37
143 47 271
73776611 245363924 265347493
46482948 97745786 267618259
181 289 353
85 328 401
26672994 93556912 268721597
258057606 172576155 267690287
17381919 65122612 268937047
19 55 97
124263382 90182471 269575457
408 259 809
221363766 145327395 268382449
223 254 521
149677721 178459023 268047293
209 383 677
2 4 7
268276214 49928220 268691441
658 200 811
37 44 79
2 13 37
476 184 563
159985896 93950212 268154489
5 1 23
190227601 32185968 268986031
188090084 74427586 266706463
101 95 227
26698133 245194578 264939949
323 152 367
222646159 47379655 266741011
209 837 919
128088805 103552871 265023131
99955165 137176493 267674257
151578188 49196849 268131737
546 50 661
74923678 55733345 265679681
193738783 119302075 267028687
65877377 17938407 266496359
7 9 13
24 115 463
156 319 701
95 218 239
191409132 13203619 268245709
73834747 162221463 267838187
152862943 28206641 265056523
189372209 73853637 267080951
143386357 168309030 267000913
42661692 238159307 265804501
86480166 221544667 268789649
152193320 14848292 267827411
20 42 59
149914271 250626911 267370027
135010008 114573075 267699643
109334707 121005708 267870217
0 2 73
115605900 149592954 268400689
647 624 883
39 39 139
14 50 113
197041984 240425382 265539007
21 18 23
11 7 13
21 47 67
1 381 521
485 69 887
74 240 317
162 74 173
155 160 193
387 329 593
189 176 463
78 601 743
214494609 78690865 265165249
34663707 75609059 267643093
63 45 67
337 316 773
39156286 252902407 265238009
83 273 829
223336558 261890329 269685043
905 482 907
87334721 147462383 268914089
213406047 235358597 269356319
309 76 977
193 578 619
105538793 103579014 269550973
131 400 443
1563249 167569455 267658477
45983210 133347375 268572229
153188599 124437370 266805349
230 387 409
68060174 32569375 266036231
314 785 857
1959044 176084356 266888099
73585972 250485851 269269603
567 573 787
299 377 563
50 68 127
173 49 257
146382647 229426700 266644871
278 265 397
118 166 449
160311969 175319220 268675549
202947127 158455900 265856671
57053932 112875227 266215459
179271099 261101871 268402621
502 494 613
178074010 224836223 266365613
85 273 443
894 148 941
173440536 172464046 269509909
156304938 152514642 267243523
66644697 10205070 268234147
77 56 233
163 4 359
32 261 487
139 113 191
59791900 193190219 269345291
4 2 13
34838515 118698144 268193567
825 475 967
251 70 311
396 343 593
279 268 331
246067872 84926973 265396847
101 145 383
267 228 601
236028910 219680036 269059223
24751139 106017832 265112623
188103974 31855246 269249801
98873221 29388930 268287667
403 629 773
194 208 449
726 854 863
43650687 14013401 264710377
234 362 401
162223984 164877470 265732171
12 54 149
37386572 35999079 266844401
232719965 128602419 266826559
138 3 139
249837204 203964389 268681913
65221191 109792333 265444741
138972753 88396110 265606697
44 568 587
54 176 613
97 228 251
6 26 53
2 1 3
360 77 743
218 399 421
371 8 853
216360207 51237434 266635783
0 1 7
1 0 2
76 92 239
100128968 224152180 266124767
120093663 216405228 265615397
240433520 81956424 269684699
204369296 8611276 266305423
34686129 81715160 268990987
490 169 541
175017807 174085237 268847417
0 172 277
18682062 125849038 266797151
426 241 829
734 744 809
27 24 29
214041369 34042363 266519713
69392542 57386135 265930757
224661546 139770638 266669419
74206923 79531496 269011321
112021848 187049995 266530903
325 235 773
71 109 313
666 423 719
101152683 200738600 265011137
139288614 137704135 269296991
242122263 182564401 268792393
6 47 53
173236462 34153086 267742789
232 72 829
185 141 283
44 909 941
435 451 673
190550864 95165741 267592933
199908937 7598704 269599541
169 91 271
170673320 226052571 265683883
391 382 397
117572418 34286525 267262469
594 490 683
304 282 463
214978496 245370945 269586671
500 16 593
47409546 42465945 267886321
40185027 256777783 265554011
84115747 40905424 267066067
136843116 23330497 268653389
185202509 226237189 265405783
250505896 216125877 264860363
33 0 557
412 344 523
156 467 619
195795928 192803894 266262443
298 494 521
176927376 241545708 266503609
129 592 641
232754402 117233258 269576971
119589477 142451853 265690519
143898031 95410574 268304831
155665196 91237406 266577887
218458502 246089015 265090477
133 367 859
144026988 44517582 266306251
261941624 232983813 269104453
84 273 353
228036684 17607677 266214617
657 609 743
455 405 607
235042320 239510496 265516919
38209539 55183333 265354577
132466345 115631325 265816373
380 310 641
334 328 641
33 89 113
123990833 261693769 266492419
226570390 139680304 266920877
12872314 12233905 269453143
125 452 479
247698379 195852510 267366017
248887198 91161711 266704733
6515005 211332038 266598931
49 272 587
190981441 165946154 265731689
52 32 53
472 406 563
627 513 919
18542259 78172304 266109281
633625 163080452 265750649
225161210 202417677 264732071
91574976 213861010 268419709
199428778 150190358 269668829
229733772 138634300 266817821
178 72 401
59 7 71
0 2 3
420 378 881
1 3 7
46 22 239
76892044 101391797 268599119
246360625 50590023 266674979
251872530 207895380 268322291
114385567 177301057 268004381
29 18 37
218836429 146841603 267503251
77802903 61594397 265859731
116784260 4013234 265840349
86724711 158697683 265163627
112055019 110442819 268898489
799 231 881
195066871 217365646 267727907
226005043 130376059 267952591
209 530 587
65833447 14596070 268641823
106887448 155044668 264743509
10379249 234859255 267400583
14 21 31
862 709 881
60739329 16873579 266764349
78411461 176875753 269481649
128 273 607
322 213 521
0 1 2
606 564 829
213407721 31072987 268233169
148706907 79552561 268289533
107527618 100254080 265220783
262032325 120235132 266113843
211248870 248104636 266646043
19038783 109099945 268367543
229 66 911
209815636 107375043 267728467
184163346 92152925 265038373
81235754 144047816 267076877
14 22 29
7646081 53192694 266502673
132 36 313
46 383 521
14 38 43
17176466 201106408 267178997
132353349 73319388 267264521
242 157 479
148 44 373
322 309 881
158 164 349
66 296 349
54506312 165249247 268033159
464 492 587
533 161 577
193047485 146516377 268138967
24 20 31
188 491 971
143 87 263
62 335 431
178 144 281
821 146 823
149722296 268154357 268823689
18 22 103
104823438 160196437 265337143
19399722 79113194 265448089
81353911 66325128 267350389
77 8 107
432 223 997
85981899 172981980 266740339
115839027 27256835 266186747
150 188 199
46958056 131802375 266134481
177 48 293
96460560 233239867 267368119
192 219 443
79075861 100082047 264863761
391 554 809
208 270 281
169218911 181116818 268097273
87943513 61937777 268252781
107376240 227674088 266935103
258027168 215399591 269269667
218229766 75049008 265578431
423 484 919
16 12 43
2 12 19
107544663 202423315 269657387
670 604 941
31484485 28291869 265798153
126042994 216854462 266064079
265090163 15056878 267981041
152284176 161735194 268845011
254 286 433
593 614 977
127 255 263
82 66 109
257977232 124991747 269067103
279 435 541
33 1 67
0 2 17
261696928 45044207 266248247
148698444 260478837 266784269
228 610 883
469 573 773
533 377 683
25960063 75481309 267688567
113 55 131
327 317 379
95141205 242425769 268369657
194718737 236898127 268973377
76158392 119293350 265217929
111647156 98310024 267338377
476 299 673
108 106 239
260744255 128370061 269289487
25773785 240131656 268932143
202906361 30076893 269584921
16 0 131
197755717 190094362 267223043
697 834 839
339 212 587
130256895 38452251 267112847
17573369 140847687 267423253
125952268 166156252 266079161
45875827 223406223 268158841
121 22 691
219 105 281
142142505 45362894 265213387
151749230 81548997 267268451
6 45 241
54874757 215597569 267038633
164719120 181752748 268464499
74 128 197
0 0 2
174876447 114346035 265275331
1 0 2
112202058 183552551 268185143
120891276 72486622 265488491
201609900 102749410 269408303
608 482 733
48398852 113982348 266543447
181159778 108249381 266265371
11951272 99995126 266981747
433 390 839
62208256 168845885 269090873
250 99 499
263015853 7579407 267809933
451 202 653
645 433 821
225514207 109096084 266192359
29089230 176398997 266589131
48789496 34940821 266537497
158 122 383
443 488 907
191085450 158127557 269402039
135 29 211
186095524 19158203 268947491
247 336 467
37 34 179
402 447 967
261516326 17877750 269289827
86668594 114960004 267359249
105852476 150195596 267556633
125964502 7544020 265409071
156514365 255222499 267841633
104 133 157
88 46 181
57 5 61
175315917 147875258 268361749
11 11 17
746 447 757
230 63 317
383 354 389
1 1 5
83 169 241
661 1 809
44 475 491
82 220 233
112135829 218002337 265426349
116 168 251
157 122 967
4 18 53
54604324 124572562 265039519
81 5 877
698 930 983
158780756 109248690 264800927
696 873 907
17 850 859
77036776 166809151 264926203
221103125 74972435 268156639
642 711 751
330 354 547
101 106 677
176507415 193577504 265246211
80685155 51759473 268804387
69 498 631
258 226 563
244132627 249206959 265280243
161724059 253028804 266467171
77 43 107
9 60 107
211973399 251128230 265885517
52504035 206772014 268139737
43 22 71
173 405 929
233 328 677
165 598 709
812 52 997
143768017 28727328 268326271
254 571 883
1959204 256527287 269555317
182 2 241
56 7 83
104947163 51726256 266929759
27802846 111041971 266158567
116 74 131
680 603 683
190 172 269
14288782 100670154 266997463
148284535 44359335 265418927
131526295 210748232 269542699
244458152 188572001 266047283
122409042 69993925 267255493
27233389 72779636 265363129
200 187 227
48474919 228590860 269694869
121234796 31318643 268760461
244594731 252949663 265569497
186 98 383
10960539 89733259 265921457
18683554 103444921 265080737
237 12 967
60699776 153325905 265355003
262883370 7667495 268756861
64 7 83
110186798 152575665 267070369
165978083 131185384 265253017
103 54 617
321 34 751
101558942 74514576 268247599
218 455 947
172703103 158937299 265830661
103017085 95574014 268201699
214 253 373
183261366 187236606 267760177
770 671 821
241 60 277
1 561 571
76 60 683
125102369 255521648 268576739
33 10 43
185715884 66009600 268188181
722 705 859
199059346 92260245 267229099
101320828 20518045 266015791
62 78 101
15749913 88220251 267009401
12388146 23742151 266664053
12 331 883
232 194 263
0 23 31
54814955 91543347 268936049
210228401 49756757 265869797
31 73 97
207542079 210578462 266552999
71 472 499
67 68 109
413 792 953
15 314 367
496 734 857
149 77 421
176768348 260438571 267332083
66577656 104744272 264770041
198149283 110868108 268337227
107372906 42844998 268133329
246153887 94198044 266168557
260851410 89497704 268037353
0 1 2
260188343 220561979 269019001
99205890 9842145 266212033
95041034 232644749 268531457
104 268 883
147 324 919
493 547 601
320 210 433
74 375 461
119720957 48171964 268668707
50 206 467
152320702 76931740 268194617
398 97 439
193880708 17414791 268096343
246347157 14920463 269310337
839557 229068546 265594243
106821168 221016724 269142703
161733716 45246474 266793727
26 97 317
141688289 144386078 266293163
103185660 122736596 267968893
89796441 78187209 266227999
1160353 218140439 268380991
108125813 104571792 268604773
111 95 227
55141584 62067523 265578113
87 262 563
58336780 126204665 265355933
306 227 349
1 5 29
17580099 256052909 267360397
159 250 409
584 263 887
9 95 167
917 332 937
877 666 907
537 577 647
150496063 133182933 266451959
458 406 599
84 125 311
72 95 227
27 188 421
201671716 246429039 268869611
245 430 467
175873458 95887576 266398859
186 159 239
120995094 44985132 267775363
350 122 653
42575845 52491498 265179127
96 266 433
163523089 141223625 269197603
13 657 881
652 141 797
48190983 193127850 267241067
144 50 641
151 324 929
207 93 907
314 429 557
66602975 16364423 268960583
1 1 17
140561752 131672972 268345267
239671353 192290401 268279727
250546856 98196224 265608949
195693158 221333239 267820187
19 38 103
251 157 269
125834348 234491330 267291097
544 585 929
226 91 347
487 684 997
78 81 131
3 9 17
8 412 431
11344629 58655693 266913733
22 4 23
241546224 174417527 265965047
116497671 181717832 264807607
7 246 367
304 260 509
268498685 20746776 268778599
505 179 587
21 2 139
241 247 457
20 279 919
105 38 229
215 161 229
228561791 237887245 267376409
86 6 313
8045688 251079166 265930969
253513968 22367996 269361941
184224117 199285650 266027501
56871246 158654817 266288993
263175196 248381982 266672291
691 247 839
158 119 239
231 101 251
387 217 769
27 26 29
61390510 90060020 265389829
140919339 239610258 267553367
102480019 131738930 267187369
82 246 269
81 35 293
10 9 13
30 85 107
6346413 169329616 269251531
70798006 94914975 268430243
110724964 206448835 265795577
89 3 953
4737644 78049495 268602557
26 20 53
57770278 125694140 267620057
150 110 571
255383855 208237785 265213591
102 56 593
133942114 206273837 267576557
114677142 29864078 268972567
63 690 881
12 4 19
479 281 509
267258115 237051315 269596391
118142007 60034371 267419953
40057710 168576892 265651237
101685258 212866721 265140769
141469147 58510335 264958949
266 297 673
129535857 48113349 264782149
405 576 683
810 134 907
172 168 193
221770266 75087265 267715967
132906919 25484074 268238953
3228159 228551720 269115289
692 461 761
226 47 251
145405714 8635892 264975859
16059276 116460060 265008671
270 315 983
210 120 281
36022103 173420306 269561563
197174455 42933154 269492039
522 206 883
175 300 373
704 548 719
58 81 101
64 59 211
338 169 479
16493298 25805464 265168259
60640351 34685678 265807313
59 20 113
725 302 757
41909754 152031853 265757069
31254127 25713163 266640163
267063381 29808716 267805441
649 543 743
280 210 677
141955828 205916901 267367973
173398533 100993618 268601743
112893645 163497001 269124839
26753034 166848029 267526789
339 384 613
95494824 6771236 268222727
49 60 101
180088145 126026351 267587777
243 163 271
110498050 192218679 265182517
93 11 509
331 208 503
25246387 225457272 267073661
19627212 48926334 265251211
8 67 71
172 289 379
208760240 186536731 269426603
194 331 479
184 196 653
51 60 103
10 50 67
344 248 701
630 672 757
253879013 167991432 269269369
42 102 137
196 33 571
703 429 997
1 3 7
273 26 383
162410168 151485370 267897493
273 138 373
409 17 643
140441227 172301034 269538613
64225301 102931716 266863193
607 126 647
121844681 123140302 267704741
304 523 631
378 206 397
178 56 281
203960268 259908125 268021669
368 100 613
131851091 131336789 267273613
82573840 26553927 268297873
63 67 109
337 700 743
74 456 727
68849307 170815708 267612073
56364575 170264972 265383347
187721581 39547000 265852861
207846078 187738300 267388553
166 6 281
154 28 193
202008890 74261066 268888747
176969104 166343894 269474987
419 127 823
115 110 181
1 1 2
3382741 265993900 266226523
15417329 196105271 269643883
84074056 192476641 269618773
467 343 991
49 87 101
206 172 293
56952475 62709151 266542291
8 8 37
243608625 229378629 266578271
59357886 131950021 265674601
84 12 173
203339718 144396613 267141047
63944518 113570709 265479353
67 43 79
142 3 173
332 649 653
18345194 77390209 266628209
9 235 613
118533742 20840260 265760849
113 83 353
190788483 77462126 264719099
243255708 166850011 266639599
67 137 229
191200466 107894118 264811543
252 275 347
98 149 647
98 64 227
257 344 419
134556737 15355539 266887157
386 445 797
35 245 787
120968642 147591648 268814459
247987751 136440501 267688489
108839268 119329795 268926799
144832234 261615064 265236911
6 14 109
127 109 139
148412849 135537083 269012377
114235128 203195069 268434721
260458401 171309084 265231327
15 21 23
182035721 225382780 269570809
239544904 35873037 268693379
67829096 210569689 265177607
647 166 971
555 465 673
402 374 619
8 0 17
757 89 997
35 652 677
72298184 96707120 267536957
502 310 641
423 380 619
324 110 761
151 422 673
43905604 137282461 269278901
258 259 277
26 33 53
548 657 709
134346368 210273069 266664131
235500412 363911 268721071
288 150 311
650 432 659
206091198 70613381 265044641
126694849 188962291 266819447
166096879 2370357 266685169
62 105 277
12477690 225310274 267907687
193138521 152468644 266603147
53083940 59610563 268786757
17 6 29
103893961 250967231 267686201
146908670 100700657 265225973
148158467 118638495 268305811
260436291 170022584 267727409
122573543 53043678 266056837
199010608 242932705 267669529
590 40 593
114043837 15234249 268109353
529 374 643
539 566 991
195920311 174578671 264805487
41555263 146877872 266835407
5 394 491
16 39 43
83 385 701
524 166 569
443 296 751
113355653 229211025 267574037
97056191 31779550 267288961
13500633 235763340 267734147
242483516 210761477 264722849
14 152 277
239968347 137165850 267650899
12 7 23
907 628 937
160091971 149001915 267253309
120358245 234777843 266074001
1 53 61
174 272 277
117227534 129411 269618639
115315466 142065743 268072627
122 128 523
37 35 83
256964565 220900874 267961927
309 266 311
115381006 147563522 266920021
101611868 32371556 266734133
305 715 971
92799283 166263668 268308473
20 77 103
35765815 227587877 268908649
144174784 255328373 269120521
490 337 877
59 135 191
232649645 251640262 268876379
535 214 691
36888164 85816055 268509079
36848430 121221968 267319579
249237291 145256674 265888213
449 381 571
45235692 50133019 267098173
348 6 701
93863388 27758866 268793167
167641718 121254097 268868113
246624541 88613602 267934013
126602991 15628696 269428727
39 148 149
232827055 159251159 269485483
121857932 27478127 268796497
46041962 10092076 265494617
10 99 509
112560581 101541149 266855093
143559152 84855545 264764789
251 154 571
239089809 231169137 269361047
112209446 140205841 268478611
95512387 53353744 264982391
26 22 83
259388982 213459250 268321813
70 24 71
553 581 907
34723353 190662876 268661167
82337900 132201618 266531479
127 540 617
135015776 181256673 266658503
198361687 266148465 268382711
8662676 89601082 268055129
260385354 223099262 267496849
168359597 227016802 265372111
62389844 171704336 266851357
522 563 647
208857431 224543630 267420641
209711621 205016529 265187431
228 234 347
32 446 983
123512611 47978496 267101749
28798764 237772967 266822659
722 294 827
215231775 176517021 269322997
546 201 647
169 339 479
90 36 433
634 459 857
116048457 51351970 264894499
289 412 857
84851250 192545255 269496517
41749057 122070500 266297957
100341560 178145711 268700177
20903560 164761429 269532421
204445824 69837605 267297739
297 219 379
81443464 73227645 266252167
123592739 235192768 267735353
202 167 251
35854137 247120544 266918461
16226187 248715729 269074957
242803816 69715037 264752053
89293457 143673177 266380253
73 70 389
205740262 139105454 265696661
526 436 811
243 269 967
21 16 41
132 58 157
152715337 192344285 269033057
267178465 52930554 268692227
379 645 691
223 50 499
151 209 463
634 388 857
310 162 311
84 64 257
257148429 180355335 269128697
18 10 499
46 47 127
95182568 213703254 267180191
249422328 190008968 267635419
85236201 1144864 264842051
280 691 877
157458629 35988323 267692041
426 230 523
133 846 947
0 0 2
51 333 751
188994229 123706884 268845527
9 259 431
33 24 83
159 109 491
30 234 449
73 72 79
504 214 859
168694524 75491389 268526431
269 475 541
151813597 67436416 267285619
252878783 58358972 265111739
82916691 2583842 268438553
105 32 397
83 47 263
3 0 17
102 69 311
118047071 119760424 265310953
123344370 156916853 267080617
312 237 719
176 126 389
76 32 163
3 9 17
148759557 207361956 265616699
521 534 599
698 335 769
103387862 206589491 268842559
110926478 214687419 265489747
153 417 433
68 2 97
363 306 503
54448954 220428624 266170679
9 1 37
223039871 36340812 265763723
134 266 397
86740271 27432635 269665453
135 725 853
81 123 173
202469951 94907966 267721109
55 62 67
31212459 142106355 266837629
6 2 11
911 326 941
18558504 191219126 264990571
16 34 463
254521461 173440318 269598037
184 479 881
185406729 4232201 266088569
233475625 192280151 269331857
170027920 122891589 268212431
174 123 199
235874364 33141767 265239343
237 331 487
113698389 118512561 265527373
39102874 83144636 266535589
89481060 65504338 265596887
139 70 211
26 30 257
209 192 433
107158619 122279859 265653587
92 538 853
237983509 39373942 268904687
114070873 199347099 264847567
252559662 64587175 266618311
77 95 389
155448450 3003786 266379991
524 101 577
62 80 433
342 127 379
100952470 229038641 265725829
171 195 227
97880211 186618390 266829947
427 336 691
3 13 239
19309438 164753744 265152193
118051456 162521248 267476753
16 93 197
90280938 171976706 267006589
263203449 85758938 266708537
22 89 659
53 71 101
208649480 260785337 265976351
206446745 166370813 267910717
405 2 677
470 603 757
153 476 479
231077934 82236031 265413461
43 206 389
73659006 214064884 269636839
143619202 264070906 267528817
53 43 71
142990652 117379553 265776019
4 6 7
148977051 218394726 265078181
204523309 87970323 265449721
290 192 461
23 514 521
6 35 37
100 19 101
264 13 367
163847933 126192540 267524129
225153909 39134467 264853859
224 37 401
37640857 2478043 269649959
221467827 237881597 265776853
287 539 863
29 37 53
254292813 17226613 266372159
30 13 379
57157122 12257422 266081183
212584256 156593312 267720751
51603444 61510303 267809077
21898598 188870960 267701009
501 321 631
122944397 181830477 267816727
48383171 185859832 266889019
3666220 231236841 268953247
77663607 91000500 268648271
63 215 347
32221396 4568987 269525689
143 249 347
44 497 643
25683162 221633101 265786771
173 74 229
249 355 563
15 190 337
253899036 46934104 265112959
173491842 102084053 265718861
176 258 613
47741348 149924386 269543273
111159542 198927353 265562197
33626424 181707812 264773363
235938205 67225333 269325499
30 41 53
91 216 373
49315664 113548473 267355943
643 680 853
84368623 42355143 267842101
184 231 443
217746157 138417086 267978301
76299885 143380599 269247193
39 133 433
12814332 6748464 267306467
404 212 919
47 65 151
5825019 52280186 269275673
0 0 2
11 13 23
243151942 126165600 267235181
183717017 50438905 265317737
409 353 571
89242862 94196063 265940141
4 3 5
231169537 38990534 264990629
172489920 40070486 267540103
225830637 134864791 268837687
348 459 503
564 36 599
229346379 202853095 264819941
10686178 238875672 267214697
30 28 41
6 5 13
29 9 31
202 201 229
252715054 188863105 266867857
202224726 167447223 267715631
129 33 181
12 142 197
46653969 46739629 268203893
59 69 131
29044064 130084475 267422059
727 183 769
196474390 170562198 265128169
39314479 227533583 269537011
548 460 587
265049581 34249836 268359961
34405482 99771218 269154079
740 124 769
45071169 264144986 267578851
258712609 128680046 269321137
56839005 254151799 268265369
169 296 653
335 266 647
218 123 751
183170273 247069845 269177537
189 119 191
149 408 431
113749471 243382953 267600007
218 569 647
10362059 647213 269320859
28 51 211
69623784 78211811 267237703
173 10 311
142613343 21149278 269042009
226 136 421
139017258 237751693 269601083
123071531 178454968 268236629
199 201 257
217 145 257
673 202 727
114 342 409
154 38 337
38352062 153086132 268099207
609 254 757
197 321 877
270 93 467
93 21 179
209 241 463
63 103 827
541 22 797
741 622 929
624 811 919
75049295 237867514 268556129
103377018 222634660 266838967
19395826 248542058 267239893
96475447 159943202 268581809
6 93 103
847 596 853
940 279 941
51821218 188401678 266806763
264423943 238546111 267660161
644 56 659
172749929 117966465 268854139
39132226 133069301 264736243
237596866 66900119 266114567
78 30 139
258101752 74916047 266423411
128389650 244755231 267826303
171116807 151563334 265300687
107 318 929
174157429 194127272 269277703
261310227 75803664 267028819
92222538 130596220 266968847
230996232 131782742 265053853
744 565 887
586 722 787
28 26 41
808 499 941
531 635 877
677 617 797
175 548 967
134464117 138687992 268189139
19 107 127
541 233 619
14 0 59
73020176 148864925 268421623
88 5 101
223527502 115476959 269045423
184757691 35518647 265927289
126787008 193528925 265201397
184692003 254817279 265185709
263100035 160218401 269217041
23235496 159399012 265337827
87 560 821
591 524 727
368 306 461
8 676 887
209107043 57074082 265111267
55641142 73784139 267029233
117 99 179
57 48 59
59 9 83
197 167 223
202325147 215050685 268474243
613 498 821
140725065 188312869 267016333
18 99 419
350 285 751
131 140 463
329 497 593
167886782 244521167 264888863
43 208 367
16382146 188797175 266766361
45736744 47420576 266175751
108136275 180443545 267431701
188842037 94270246 265514699
251 200 487
18811043 101246451 269071463
246709797 111227088 266794673
19489928 225789751 268593263
406 296 599
168147817 49455495 267702679
104377033 159234900 266341879
224262418 97155572 264820579
305 371 811
138 52 727
34876514 15950510 265356197
154646736 89515484 267305803
783 300 887
340 231 701
237098563 8694904 268102253
124217323 204181700 265389067
352 645 823
128039206 45797021 267170669
225 391 907
190270362 79526321 268824967
48 171 883
451 490 503
13 0 17
8 341 881
20862782 90721068 267345539
161103417 215863417 267587561
63 495 677
104 179 281
207758462 88107681 265913537
31 9 41
0 177 331
173522419 184782977 264774749
73 126 263
1 3 11
59 277 491
9489979 44487398 267898217
219672701 87243411 266548973
2 2 5
129509232 245482181 268139671
298 333 421
14 87 109
529 774 859
250566578 111060596 266698981
172294425 183748000 268987639
177486299 149315752 267166633
122776979 247856121 267235187
197858118 142469093 265647719
211 65 331
153804713 172172177 267815983
172923122 190641066 269652893
254538114 194209684 267840227
317 266 353
52912711 51979382 267343151
140 130 397
16 182 223
117768078 193056312 268176647
85 28 641
358 392 521
191 469 673
59 226 251
10 6 19
56144768 196620974 268733281
79488333 74877184 267160903
11878394 261081540 267942989
117854288 78574337 269144893
103866120 224191312 267386239
238542937 122850539 268745137
289 390 503
204708013 127979314 269201213
70897188 116672011 267972533
578 340 937
190026091 36456290 266419823
14 5 29
249815824 10575904 265955033
130360266 46190894 267559147
60 585 647
179856407 161386269 269277821
142599849 61787853 265304617
161598687 190204541 264974111
263602112 254626944 265373431
72 56 181
666 23 881
438 47 733
8 18 31
162903816 104698560 268907689
56359612 220495681 269628311
24 76 79
312 62 967
107295179 42474657 264874097
51365315 12200436 268980631
49083280 157555594 264722569
185159835 199694108 268535941
43 482 647
64864958 85753482 266813513
196849114 215106954 268700177
13478602 127961103 267340219
568 498 823
44813013 136156400 267319753
72119788 227134683 265778237
637 242 751
8785177 11751562 265931251
181 251 487
234 239 337
98 13 349
196729570 217645669 265016029
109801824 1442635 268150969
1 28 53
463 141 977
263021658 200833407 266624297
182 181 683
357 73 439
58177940 98439707 265389323
165255672 46603323 267031537
692 592 811
237 79 827
508 27 607
104900864 198211517 269527199
227 120 733
105756235 185681126 266831857
141546806 142057758 268089203
30 36 113
240010285 218705245 265683437
154727878 93562734 267583651
69635616 30493932 268365467
46908413 230689422 265503509
31037913 192286459 266341961
203248283 102373984 268983151
203259573 105788285 269569081
144245778 172388463 269274617
489 271 503
424 803 811
234099678 190002362 267596377
21 244 317
121 160 739
138783159 191685094 266315177
31985718 37776104 266852879
131856898 135424143 265761011
40364823 172896212 267759251
29 2 97
66 222 311
53980001 25901480 265307041
23 54 89
222 77 683
158092824 6182662 268294211
1 0 2
92 41 193
84648207 117910713 269136529
152800856 19339080 267074117
3 4 5
370 655 673
9277001 204033187 264713017
356 705 941
709 637 941
270 10 271
185222667 130300015 267881567
126 215 337
134876765 7776258 266704651
198866470 265283192 269422453
13403467 27443414 266013287
73 12 571
60389038 41455871 269339417
109453477 66725362 267274223
128471892 149769804 265547669
166329831 135267700 266297693
86152946 260067558 267673817
257 113 463
81831912 170860651 268968113
198654389 213678796 267246383
316 16 433
231596821 159564451 268385869
242453791 179175960 266104849
618 200 853
490 375 967
0 1 2
90612409 244212907 267588127
360 341 401
134 476 593
34586184 139065369 266669933
260062968 115990117 268865953
7 194 227
447 48 919
104 179 241
77 54 139
35 173 179
232244622 76490735 265397927
52 52 641
428 588 613
231132845 66920892 265541389
360 425 821
136019560 264483577 265635847
180335561 162499599 269472751
48727047 3397218 265520641
148948303 90979804 267598273
222658565 201376281 269177327
235 93 463
252 411 587
208775805 198894942 265822511
68 101 107
181678038 257949536 267731333
73 162 193
75 84 229
195 142 307
105817802 218533788 264921763
2919584 48771403 267091609
257997924 20910980 268304033
722 302 823
126508653 66815444 267616229
152135032 164721586 268159651
95488268 18890046 267568057
35 243 251
3885495 234959889 265766099
169856405 5752779 267761383
14450294 42990311 267355579
127226112 225225917 268023251
193 120 199
242800426 23639512 267022619
54 250 811
491 463 757
263777664 175857948 268008589
121097417 21651737 265928833
1 22 53
123132925 246402349 264851651
0 0 3
42199844 92740484 268778233
259 458 677
257502049 43146101 268470863
358 321 397
114 399 761
171572618 4037318 265098343
223962701 44606949 266810501
185104584 176302021 268216631
228840788 80214404 265732171
314 373 659
182 563 653
0 1 2
274 289 367
203926849 127116275 266160487
59186537 200025339 265402637
3878212 157581600 268869661
186 263 349
672 880 881
26 333 509
209587844 25114730 266837633
706 273 787
64 166 641
87782466 206042046 267434119
24998557 59120892 268180201
28 23 37
71441359 6536972 269316917
58 228 311
36 8 47
732 656 907
288 188 449
154627851 259711217 269011817
339 194 349
88 64 137
177207096 123066471 265301723
630 494 661
69 19 101
132885938 144936571 264770959
215098762 170886633 267316363
150016397 29126885 265515779
61 191 223
264282921 74555745 267482077
67 173 241
192237419 19304860 266346217
103955698 99616375 266482127
248 5 463
3936806 38900295 265477007
12 24 29
160430237 22373745 267211349
48 560 727
250 25 769
154569758 169409901 264945683
351 164 659
129776835 84732118 268760959
142 227 641
125830888 5064820 265020247
42485725 114359247 265697447
258919262 150849158 267624491
75 72 197
127308708 246805339 265294423
16697353 236550920 267389323
4806717 242375570 265795151
183814350 11560356 267685039
167704069 43940941 266568061
28044414 212349441 268553113
232 169 691
55 529 761
560 775 919
357 462 653
12767777 126402643 268120969
181 390 547
434 169 599
545 305 673
94271423 197501055 267699121
185632249 94606452 268361503
337 127 757
340 361 521
147086777 236112551 268188131
66 404 467
240655036 51578735 264773519
116 138 257
207926029 144476229 265614211
205215564 60414084 266600603
1 21 37
6664622 48628511 265950427
259355131 250844580 266961151
137652022 257773125 269589787
72592955 158893652 267488869
160226183 53917698 269562121
121641891 38727883 266656057
123 66 211
218720862 3087067 264889309
234568724 218815783 267277147
218093378 174197444 266351551
412 531 757
8486523 200062356 266733611
33012128 186740729 266884511
70073897 90169295 268427281
69 69 367
24 68 487
584 594 617
7762834 194317907 265366441
2791465 179277679 269501893
609 657 727
35 45 73
72092470 261667718 265046801
201 812 881
23 31 41
5972933 188452184 264753889
395 244 433
198 119 229
235412281 70560146 268422643
18 3 37
7 4 17
158460877 39388798 268335383
182571901 77274869 267545389
614 33 691
73 417 499
203801501 172989572 267586871
540 306 577
199593454 57501937 266553449
146 584 821
32 39 43
232879510 47614337 267149353
522 525 653
81664986 112658530 264859253
103 158 167
118 54 379
146 16 257
209044366 16368120 265686277
21139750 196307403 267508139
320 437 587
141 694 811
256792904 59346857 268691413
263154387 87070467 267692993
104825602 52052309 265623307
199101970 238313730 266629229
1033422 126167286 267555047
24639362 220488652 268628557
10 166 197
90 59 191
237191482 242445979 265255897
102174515 216958484 266938033
167 276 443
201471313 242052415 266057273
105 119 173
134609575 59970167 266753741
158 9 179
43659172 20036286 268930477
553 123 761
115 218 257
48 14 661
232 262 307
17290432 149154186 267104333
122 144 241
197524812 117068088 266618587
176199094 67430684 265102927
117114256 190609213 269368837
244 387 439
19743103 42515891 269611963
45400884 123836902 267345907
16624246 84326064 268960609
135438483 159532860 265729007
409 596 787
262 377 641
210220717 265319804 269696803
71707601 132154360 266102783
136315060 26211447 269493403
54 95 577
4 250 599
209 107 317
247977888 127554811 267700733
131903423 257416297 267590959
518 469 743
151551635 153221893 267325189
541 784 877
50804067 202039195 269415163
24 366 439
29 78 131
37434660 11094723 267650843
236464801 102813438 268520971
121842842 245970392 269537627
143869782 255591634 267850621
151606115 46222112 267945661
365 888 977
14 336 419
804 465 857
178890990 132667424 269576897
128923303 239068519 267493727
3 8 13
29 166 619
222 33 251
12 33 827
77712719 228020087 266034217
181978206 68493572 267871207
192709078 222821165 269198737
72589455 214138568 268963787
65686425 99947410 265049249
309 185 337
258576000 164375806 264995761
132983178 135433597 264745253
137 201 569
43 225 251
683 271 857
489 321 587
264128702 2228385 267068573
226110639 216784922 266370953
68300932 15688067 267913007
16 201 241
361 323 421
251077742 205681556 265733821
91399604 185366995 265496683
9227161 24062223 268794241
236 361 587
130827121 119597122 267411211
189 369 911
65083268 36139652 268102987
265374336 238470565 267275791
18 29 41
199122149 140301010 267490481
63507613 253491771 269217499
31 30 37
107 0 367
11 369 467
107 522 719
59 49 73
34 15 41
51 180 397
225938227 63361161 265319839
66 3 211
221255647 125979838 266748329
48 149 181
177413143 160902428 267658493
133697547 10250237 267070057
19 95 443
262546850 161300689 264937447
9 6 19
27 135 461
708 570 937
126209287 62884118 266941457
3 222 251
212 18 223
89240339 267071586 267340537
133 77 179
580 298 709
85 240 271
229 132 373
302 339 727
4 1 5
311 849 941
224672365 262586773 268484597
42423491 107842663 269434073
80 834 953
144 15 191
355 30 461
15269882 84395114 265353169
291 472 863
108 723 941
2 170 227
341 672 919
245845555 156115389 265880843
38 25 109
49894141 152178396 264770501
254205391 11419565 268354549
18 55 107
66209481 213840641 269511533
216974772 41691539 268570801
625 382 739
15193650 97128191 267622001
42 72 89
18253810 87890904 268372543
26 37 53
259 157 281
6990615 118052905 265920223
183353076 113451526 267374911
3917507 97779956 266177033
118680860 89516879 267836861
57939088 676491 266133089
0 6 17
185030073 240591653 267134081
131481177 182172484 266484787
122002157 148060617 266454173
5 371 397
64249818 178227529 265470167
161029145 37991697 266013113
716 446 839
240749155 256113805 267486799
40147143 121311090 266846539
14214746 198782566 265119373
175812393 199503035 266084419
101480556 70560484 265498193
41306160 231596010 267177577
135544326 225741018 267373471
28979188 45409180 266243027
41 77 139
68313156 242042037 264976111
184973327 29191480 267620761
474 21 563
194 203 937
329 219 829
243273416 79530933 268151041
225070158 89898669 265639183
50295744 87645995 265755107
247924262 192583047 264931399
13591976 162408772 267854099
12 15 17
182 418 523
66 723 863
229208283 179648767 264731549
109 187 263
355 512 809
114 115 173
14 211 239
238889058 185499869 265100993
167568362 184611095 266832817
850 413 937
238910521 225264942 269107879
36 83 137
560 759 829
284 193 311
21 8 41
125442533 237258679 265723499
115015449 70378458 267041659
554 200 769
332 297 479
15 273 577
132 117 761
179 48 727
285 593 607
186079841 85642509 268104367
247 102 691
384 408 673
275 716 823
12 0 41
40288694 120444090 265269619
91696063 189437664 267667889
214478313 106721059 269300117
31839185 2366499 265796137
747 521 983
13 11 23
260045321 68685098 268574629
72 208 233
131 140 173
201 61 257
39203097 69799701 268974611
164 408 563
62277942 136365062 266397301
58 169 383
72548815 124959832 266222273
16 42 89
14588536 170245525 269464759
14162067 130261312 268977899
137416926 244310797 265663061
181516218 75302134 266545823
100 565 761
229453407 108806716 264913163
557 265 673
119 102 233
183 639 809
8 46 47
11773743 244614674 267659621
513 151 587
136383042 251011311 266504131
4 64 503
2 42 241
234466874 243942616 264895859
103212840 33340197 269539843
656 166 827
39124907 214143381 265417297
17 19 157
118320133 94815976 265675129
395 228 967
215 290 461
35591500 37599325 267011267
212 1 257
97518828 133622008 267076877
98 33 103
93 78 157
102 130 263
34 63 89
130 129 223
315 310 373
218839189 251106781 266832967
234384107 132643169 269160823
223133436 187162024 267684353
99 178 271
138 256 503
88961077 16317687 265632413
94690148 361834 267040253
490 872 911
102269050 34786490 265048031
26 76 557
99 109 877
231955448 169952798 264785903
35 176 337
66 86 131
49072096 94613943 267237613
33655145 146695588 267211183
39000612 75989204 268291357
77 29 317
75 98 137
44424981 242898061 268266997
64 193 461
148 22 157
275 75 701
183138332 4585445 267937253
157849505 5417496 266018383
31 359 751
180 298 563
174370479 115227811 268545551
165257034 251891138 265663141
102464273 136725564 267706169
35 216 599
257912522 39802316 267090379
49053324 163091135 266201491
31464643 69829072 266143607
646 814 821
114631145 248276653 265628681
84 315 421
70977909 82515203 268177633
387 657 773
60587950 89488689 266636597
424 77 433
18098806 158828585 266963089
24664704 55507576 267056729
116720921 235588395 269250173
65076667 33023329 266095241
49 146 199
137861616 139608990 267059843
156957286 73880136 267099269
84724265 78921465 267365573
108 242 499
10518492 152647339 265600193
58 336 619
77921305 245132209 268851293
133912424 173958186 269412667
98 0 127
213954435 249535863 268368187
46027606 153055395 264795283
234857734 186608344 266514467
110 132 173
238656395 26958617 267166741
45640678 68800906 268649369
259335449 140721199 265660517
171268922 3793959 268000423
76834179 130031424 265452961
728 619 739
51640260 78396997 265514747
212663525 172240350 267324139
169481985 110294846 264710401
201639119 129474363 265564139
252444407 4793234 267384983
145549958 118128249 266529821
167 0 241
88295029 103414665 266783399
38 7 47
69 779 907
151 30 463
29 42 43
402 122 739
260972318 33426779 268986749
208468412 245636139 266604491
460 50 461
128685860 164276065 268819751
225070412 11001085 268280539
0 1 2
125506763 153411701 267716551
148836058 203585 268164623
58 181 349
311 422 677
430 873 997
73 113 197
346 447 619
191933717 263269705 269336983
239 35 251
20 72 103
105 3 953
208597087 227377763 266858131
497 384 557
704 561 709
283 303 307
169 146 577
446 23 569
229409707 65008116 268295303
79 618 821
7 133 211
522 357 641
56583587 190196396 267348217
191597891 16643319 268404673
183461293 82285971 267765653
4376448 200997151 266835227
356 379 613
84 107 151
53 383 757
16420051 261982919 269510819
963 638 991
6553363 180489940 266739647
5 16 127
172534441 215826128 265747921
41 1 43
69696781 74966798 266578391
86234460 54625505 265261639
570 784 823
525 156 643
60891706 256949656 266024807
2 2 3
201 386 941
38744771 87712272 265503239
267343814 129391894 269367841
42 47 79
123854228 227012258 264883217
812 574 997
46228765 60945566 268977031
514 671 757
36774286 188627135 266184689
40 56 89
38 50 71
28 43 163
2 0 3
83521659 103054701 265765867
186615277 19650314 264988463
122 19 173
97944511 111619154 266427677
0 19 59
51988665 234446172 267075983
1063345 184983503 269195291
347 271 929
162 143 283
234394182 185682241 265327147
182453469 235582077 268956323
8929968 202849462 266373683
183881518 76579397 268455613
96 83 101
71134165 143644040 269121329
40 61 89
162893704 179145247 265082789
2854509 74892655 266944577
52827698 70231982 265837963
3577482 257298862 264876383
14054920 72745561 267929339
24 1 31
504 309 883
189360601 207864118 265037329
63055650 77714316 267098569
48 164 229
354 173 479
196856784 116197377 269034109
46 256 359
106995645 79383601 264792263
27311959 222235346 266601253
75676808 136394827 265236281
252045432 12706529 265048073
240312110 58348024 264741371
76 109 149
551 208 787
89275700 220461287 266249813
23 70 131
90803684 187236092 266811373
11614344 90800085 269374519
209838519 171463914 267853667
107 535 919
136554291 148234355 266849747
400 520 541
4 351 773
2 6 7
270 261 463
79015664 239776225 268269811
28368041 35222822 266035327
9278677 176890925 266261741
105 104 127
95212419 14840432 267239431
243096504 104559680 266665481
71 66 83
67 42 71
72 205 337
37251703 57632141 268792709
167 428 619
211388412 196739823 266241449
229 258 373
2642165 66503116 268848511
174263025 131313526 264945991
233595537 120385797 268274819
100 202 263
13512970 5715320 266995151
220529975 208044095 266281423
99404268 106785922 266404231
156057719 51328105 269030659
294 214 337
358 15 617
457 49 607
154561879 107487206 269375039
125848718 234814680 268753543
155119348 196202577 268880357
63 112 137
23500882 78307437 267901129
167424602 94609541 268320211
154 191 307
192 450 563
134 45 239
57145692 254095246 269033693
209 230 239
29510056 116909600 269423731
200333398 166306384 266361713
232 483 547
43 200 233
57 47 317
106439411 263778088 268429669
15927983 113292391 269120141
67389522 182500806 267032273
152692374 66555926 268708859
0 2 5
72368643 55679335 268870247
134229739 69814451 266929519
2 1 5
186675335 171635222 268113739
75 42 409
49195095 117373231 267612533
89 179 659
173947060 198865296 268573003
45608559 54534326 266680529
98 35 683
47 67 103
121 79 193
135768043 189389108 268186001
199821615 77914514 265711673
84 334 599
240 160 919
25350083 253838774 265869587
263841815 42790696 265120393
167962156 91873271 267246467
18603927 191786652 265512913
7 189 379
90854326 8501528 266804971
93032738 121960157 266146861
210815053 58657745 267580277
173 158 331
5 264 521
120897615 67272375 269104453
97 83 101
236 228 313
54 226 709
43 79 307
255404914 213604357 267683687
71 113 137
890 503 947
876 446 997
221468463 39936192 267854401
35 4 37
116305113 225281187 267135707
36 136 229
8799504 42711154 265111789
297 402 439
269 237 307
188 135 821
159918195 216364061 267955873
149546066 114604801 268939633
545 35 571
444 507 769
200 97 769
71436196 60935316 268173533
534 136 853
47 143 193
581 312 761
364 165 499
237 203 257
61 131 181
219767543 259483794 267379493
246507711 120505339 268302571
27967570 192620728 268805291
203129643 20114597 267198961
17 5 37
249 441 577
101928701 101465689 266023019
741 482 911
269 15 773
92974585 21572388 267030677
150 90 181
75 29 79
9 5 11
177421321 232609330 264870443
233 396 997
130 85 331
46 635 743
681 340 709
202129336 36211894 265569179
32028556 96490767 265686373
21004240 135243460 268417411
231065037 15301788 265358749
127037689 16772730 268392431
19897235 258993560 265540909
63772817 2291841 266084233
232751091 36136746 267540277
153340298 228231856 265658273
240 465 823
125 36 239
493 538 941
21 18 29
219162955 110081130 265654273
130 361 389
107 81 509
14595238 192057064 267998539
24 202 307
146636945 250173705 264736217
260 266 337
212255383 12498311 265110889
10275707 246449959 264862537
165 388 881
662 468 773
198 236 439
230742613 231256884 265162439
52857846 169152415 269068297
33 129 487
172004761 229036564 265495423
121557997 261988598 267110939
119601652 157482166 268822163
227274241 31137269 267570091
450 408 797
258 58 761
72 211 317
72864412 218189246 267213547
22575138 174197369 265202417
480 1 839
385 626 811
83009639 8921341 268964471
189741484 262801107 269593589
465 214 521
70053992 164728621 267981587
120 47 277
101 232 797
466 460 619
17 47 71
83375408 224512975 265561963
80 54 229
552 335 863
89696011 232004142 266455957
13 364 409
469 166 571
152 664 977
595 342 911
263 281 673
707 102 773
61 372 547
172321534 159243871 264851933
41 336 349
29056586 119394535 268503913
300 272 467
162716847 106091653 268105693
125330289 81889954 268253551
191898601 152735707 268230931
208 312 337
20 283 313
65577666 213048010 267109861
163 279 503
712 413 757
118 384 499
246602929 230730959 266670403
158080751 56571431 268426793
90838846 212808459 268597463
109191831 156748676 267102707
72 57 137
270 167 677
78 246 709
34 328 877
431 299 997
32114245 222702012 266599273
259433011 62539275 265203979
164 543 607
4 4 293
18 20 37
44 126 127
69007228 250094786 266112907
163683305 139292233 265678823
309 130 523
49907011 21739283 269056033
200411836 56179458 268012061
139809041 136981818 268073959
243 594 613
7 10 53
140874646 202765798 268733693
256 736 947
16 61 89
76 794 947
112 20 127
10 26 31
26989225 5434152 268520249
237689338 209170864 264804143
75118052 86551195 266920319
9626967 229960943 265651073
608 813 911
147 249 659
216 156 673
142440023 89698768 267318407
398 156 991
254311411 79583582 268537631
110 180 349
168842794 189398881 267947627
167706317 177900449 269617129
0 15 17
71 122 683
89771966 135340674 266049599
251 81 271
222903167 152444490 268613327
93448131 177081742 265646629
365 538 613
209910408 102735876 269280149
229489431 114760898 268537847
426 434 641
320 296 433
627 106 743
6260112 243272699 266118953
77 74 179
85 50 89
198942327 232554032 265905221
156618215 112809646 265006223
6 10 13
236190731 168760064 267897793
232 262 619
242 49 359
470 137 839
206 172 311
44 10 89
1470293 168127793 265523551
53 383 709
78673518 193739028 269286751
110 63 113
202 206 337
292 379 443
41 65 71
100749891 156428892 267385589
514 64 877
193 634 739
36 122 127
47897506 253872066 267841253
127 17 751
99529801 48927294 269152967
117483559 37488885 265235669
107744738 48313406 269387081
127778084 155705863 267140059
106295897 108062783 269526683
239598362 264486304 267441133
60418605 162588563 268956617
112 275 887
342 796 853
31 129 467
