2397
0 0 2
0 1 2
1 0 2
1 1 2
0 0 3
0 1 3
0 2 3
1 0 3
1 1 3
1 2 3
2 0 3
2 1 3
2 2 3
0 0 5
0 1 5
0 2 5
0 3 5
0 4 5
1 0 5
1 1 5
1 2 5
1 3 5
1 4 5
2 0 5
2 1 5
2 2 5
2 3 5
2 4 5
3 0 5
3 1 5
3 2 5
3 3 5
3 4 5
4 0 5
4 1 5
4 2 5
4 3 5
4 4 5
0 0 7
0 1 7
0 2 7
0 3 7
0 4 7
0 5 7
0 6 7
1 0 7
1 1 7
1 2 7
1 3 7
1 4 7
1 5 7
1 6 7
2 0 7
2 1 7
2 2 7
2 3 7
2 4 7
2 5 7
2 6 7
3 0 7
3 1 7
3 2 7
3 3 7
3 4 7
3 5 7
3 6 7
4 0 7
4 1 7
4 2 7
4 3 7
4 4 7
4 5 7
4 6 7
5 0 7
5 1 7
5 2 7
5 3 7
5 4 7
5 5 7
5 6 7
6 0 7
6 1 7
6 2 7
6 3 7
6 4 7
6 5 7
6 6 7
0 0 11
0 1 11
0 2 11
0 3 11
0 4 11
0 5 11
0 6 11
0 7 11
0 8 11
0 9 11
0 10 11
1 0 11
1 1 11
1 2 11
1 3 11
1 4 11
1 5 11
1 6 11
1 7 11
1 8 11
1 9 11
1 10 11
2 0 11
2 1 11
2 2 11
2 3 11
2 4 11
2 5 11
2 6 11
2 7 11
2 8 11
2 9 11
2 10 11
3 0 11
3 1 11
3 2 11
3 3 11
3 4 11
3 5 11
3 6 11
3 7 11
3 8 11
3 9 11
3 10 11
4 0 11
4 1 11
4 2 11
4 3 11
4 4 11
4 5 11
4 6 11
4 7 11
4 8 11
4 9 11
4 10 11
5 0 11
5 1 11
5 2 11
5 3 11
5 4 11
5 5 11
5 6 11
5 7 11
5 8 11
5 9 11
5 10 11
6 0 11
6 1 11
6 2 11
6 3 11
6 4 11
6 5 11
6 6 11
6 7 11
6 8 11
6 9 11
6 10 11
7 0 11
7 1 11
7 2 11
7 3 11
7 4 11
7 5 11
7 6 11
7 7 11
7 8 11
7 9 11
7 10 11
8 0 11
8 1 11
8 2 11
8 3 11
8 4 11
8 5 11
8 6 11
8 7 11
8 8 11
8 9 11
8 10 11
9 0 11
9 1 11
9 2 11
9 3 11
9 4 11
9 5 11
9 6 11
9 7 11
9 8 11
9 9 11
9 10 11
10 0 11
10 1 11
10 2 11
10 3 11
10 4 11
10 5 11
10 6 11
10 7 11
10 8 11
10 9 11
10 10 11
0 0 13
0 1 13
0 2 13
0 3 13
0 4 13
0 5 13
0 6 13
0 7 13
0 8 13
0 9 13
0 10 13
0 11 13
0 12 13
1 0 13
1 1 13
1 2 13
1 3 13
1 4 13
1 5 13
1 6 13
1 7 13
1 8 13
1 9 13
1 10 13
1 11 13
1 12 13
2 0 13
2 1 13
2 2 13
2 3 13
2 4 13
2 5 13
2 6 13
2 7 13
2 8 13
2 9 13
2 10 13
2 11 13
2 12 13
3 0 13
3 1 13
3 2 13
3 3 13
3 4 13
3 5 13
3 6 13
3 7 13
3 8 13
3 9 13
3 10 13
3 11 13
3 12 13
4 0 13
4 1 13
4 2 13
4 3 13
4 4 13
4 5 13
4 6 13
4 7 13
4 8 13
4 9 13
4 10 13
4 11 13
4 12 13
5 0 13
5 1 13
5 2 13
5 3 13
5 4 13
5 5 13
5 6 13
5 7 13
5 8 13
5 9 13
5 10 13
5 11 13
5 12 13
6 0 13
6 1 13
6 2 13
6 3 13
6 4 13
6 5 13
6 6 13
6 7 13
6 8 13
6 9 13
6 10 13
6 11 13
6 12 13
7 0 13
7 1 13
7 2 13
7 3 13
7 4 13
7 5 13
7 6 13
7 7 13
7 8 13
7 9 13
7 10 13
7 11 13
7 12 13
8 0 13
8 1 13
8 2 13
8 3 13
8 4 13
8 5 13
8 6 13
8 7 13
8 8 13
8 9 13
8 10 13
8 11 13
8 12 13
9 0 13
9 1 13
9 2 13
9 3 13
9 4 13
9 5 13
9 6 13
9 7 13
9 8 13
9 9 13
9 10 13
9 11 13
9 12 13
10 0 13
10 1 13
10 2 13
10 3 13
10 4 13
10 5 13
10 6 13
10 7 13
10 8 13
10 9 13
10 10 13
10 11 13
10 12 13
11 0 13
11 1 13
11 2 13
11 3 13
11 4 13
11 5 13
11 6 13
11 7 13
11 8 13
11 9 13
11 10 13
11 11 13
11 12 13
12 0 13
12 1 13
12 2 13
12 3 13
12 4 13
12 5 13
12 6 13
12 7 13
12 8 13
12 9 13
12 10 13
12 11 13
12 12 13
0 0 17
0 1 17
0 2 17
0 3 17
0 4 17
0 5 17
0 6 17
0 7 17
0 8 17
0 9 17
0 10 17
0 11 17
0 12 17
0 13 17
0 14 17
0 15 17
0 16 17
1 0 17
1 1 17
1 2 17
1 3 17
1 4 17
1 5 17
1 6 17
1 7 17
1 8 17
1 9 17
1 10 17
1 11 17
1 12 17
1 13 17
1 14 17
1 15 17
1 16 17
2 0 17
2 1 17
2 2 17
2 3 17
2 4 17
2 5 17
2 6 17
2 7 17
2 8 17
2 9 17
2 10 17
2 11 17
2 12 17
2 13 17
2 14 17
2 15 17
2 16 17
3 0 17
3 1 17
3 2 17
3 3 17
3 4 17
3 5 17
3 6 17
3 7 17
3 8 17
3 9 17
3 10 17
3 11 17
3 12 17
3 13 17
3 14 17
3 15 17
3 16 17
4 0 17
4 1 17
4 2 17
4 3 17
4 4 17
4 5 17
4 6 17
4 7 17
4 8 17
4 9 17
4 10 17
4 11 17
4 12 17
4 13 17
4 14 17
4 15 17
4 16 17
5 0 17
5 1 17
5 2 17
5 3 17
5 4 17
5 5 17
5 6 17
5 7 17
5 8 17
5 9 17
5 10 17
5 11 17
5 12 17
5 13 17
5 14 17
5 15 17
5 16 17
6 0 17
6 1 17
6 2 17
6 3 17
6 4 17
6 5 17
6 6 17
6 7 17
6 8 17
6 9 17
6 10 17
6 11 17
6 12 17
6 13 17
6 14 17
6 15 17
6 16 17
7 0 17
7 1 17
7 2 17
7 3 17
7 4 17
7 5 17
7 6 17
7 7 17
7 8 17
7 9 17
7 10 17
7 11 17
7 12 17
7 13 17
7 14 17
7 15 17
7 16 17
8 0 17
8 1 17
8 2 17
8 3 17
8 4 17
8 5 17
8 6 17
8 7 17
8 8 17
8 9 17
8 10 17
8 11 17
8 12 17
8 13 17
8 14 17
8 15 17
8 16 17
9 0 17
9 1 17
9 2 17
9 3 17
9 4 17
9 5 17
9 6 17
9 7 17
9 8 17
9 9 17
9 10 17
9 11 17
9 12 17
9 13 17
9 14 17
9 15 17
9 16 17
10 0 17
10 1 17
10 2 17
10 3 17
10 4 17
10 5 17
10 6 17
10 7 17
10 8 17
10 9 17
10 10 17
10 11 17
10 12 17
10 13 17
10 14 17
10 15 17
10 16 17
11 0 17
11 1 17
11 2 17
11 3 17
11 4 17
11 5 17
11 6 17
11 7 17
11 8 17
11 9 17
11 10 17
11 11 17
11 12 17
11 13 17
11 14 17
11 15 17
11 16 17
12 0 17
12 1 17
12 2 17
12 3 17
12 4 17
12 5 17
12 6 17
12 7 17
12 8 17
12 9 17
12 10 17
12 11 17
12 12 17
12 13 17
12 14 17
12 15 17
12 16 17
13 0 17
13 1 17
13 2 17
13 3 17
13 4 17
13 5 17
13 6 17
13 7 17
13 8 17
13 9 17
13 10 17
13 11 17
13 12 17
13 13 17
13 14 17
13 15 17
13 16 17
14 0 17
14 1 17
14 2 17
14 3 17
14 4 17
14 5 17
14 6 17
14 7 17
14 8 17
14 9 17
14 10 17
14 11 17
14 12 17
14 13 17
14 14 17
14 15 17
14 16 17
15 0 17
15 1 17
15 2 17
15 3 17
15 4 17
15 5 17
15 6 17
15 7 17
15 8 17
15 9 17
15 10 17
15 11 17
15 12 17
15 13 17
15 14 17
15 15 17
15 16 17
16 0 17
16 1 17
16 2 17
16 3 17
16 4 17
16 5 17
16 6 17
16 7 17
16 8 17
16 9 17
16 10 17
16 11 17
16 12 17
16 13 17
16 14 17
16 15 17
16 16 17
0 0 19
0 1 19
0 2 19
0 3 19
0 4 19
0 5 19
0 6 19
0 7 19
0 8 19
0 9 19
0 10 19
0 11 19
0 12 19
0 13 19
0 14 19
0 15 19
0 16 19
0 17 19
0 18 19
1 0 19
1 1 19
1 2 19
1 3 19
1 4 19
1 5 19
1 6 19
1 7 19
1 8 19
1 9 19
1 10 19
1 11 19
1 12 19
1 13 19
1 14 19
1 15 19
1 16 19
1 17 19
1 18 19
2 0 19
2 1 19
2 2 19
2 3 19
2 4 19
2 5 19
2 6 19
2 7 19
2 8 19
2 9 19
2 10 19
2 11 19
2 12 19
2 13 19
2 14 19
2 15 19
2 16 19
2 17 19
2 18 19
3 0 19
3 1 19
3 2 19
3 3 19
3 4 19
3 5 19
3 6 19
3 7 19
3 8 19
3 9 19
3 10 19
3 11 19
3 12 19
3 13 19
3 14 19
3 15 19
3 16 19
3 17 19
3 18 19
4 0 19
4 1 19
4 2 19
4 3 19
4 4 19
4 5 19
4 6 19
4 7 19
4 8 19
4 9 19
4 10 19
4 11 19
4 12 19
4 13 19
4 14 19
4 15 19
4 16 19
4 17 19
4 18 19
5 0 19
5 1 19
5 2 19
5 3 19
5 4 19
5 5 19
5 6 19
5 7 19
5 8 19
5 9 19
5 10 19
5 11 19
5 12 19
5 13 19
5 14 19
5 15 19
5 16 19
5 17 19
5 18 19
6 0 19
6 1 19
6 2 19
6 3 19
6 4 19
6 5 19
6 6 19
6 7 19
6 8 19
6 9 19
6 10 19
6 11 19
6 12 19
6 13 19
6 14 19
6 15 19
6 16 19
6 17 19
6 18 19
7 0 19
7 1 19
7 2 19
7 3 19
7 4 19
7 5 19
7 6 19
7 7 19
7 8 19
7 9 19
7 10 19
7 11 19
7 12 19
7 13 19
7 14 19
7 15 19
7 16 19
7 17 19
7 18 19
8 0 19
8 1 19
8 2 19
8 3 19
8 4 19
8 5 19
8 6 19
8 7 19
8 8 19
8 9 19
8 10 19
8 11 19
8 12 19
8 13 19
8 14 19
8 15 19
8 16 19
8 17 19
8 18 19
9 0 19
9 1 19
9 2 19
9 3 19
9 4 19
9 5 19
9 6 19
9 7 19
9 8 19
9 9 19
9 10 19
9 11 19
9 12 19
9 13 19
9 14 19
9 15 19
9 16 19
9 17 19
9 18 19
10 0 19
10 1 19
10 2 19
10 3 19
10 4 19
10 5 19
10 6 19
10 7 19
10 8 19
10 9 19
10 10 19
10 11 19
10 12 19
10 13 19
10 14 19
10 15 19
10 16 19
10 17 19
10 18 19
11 0 19
11 1 19
11 2 19
11 3 19
11 4 19
11 5 19
11 6 19
11 7 19
11 8 19
11 9 19
11 10 19
11 11 19
11 12 19
11 13 19
11 14 19
11 15 19
11 16 19
11 17 19
11 18 19
12 0 19
12 1 19
12 2 19
12 3 19
12 4 19
12 5 19
12 6 19
12 7 19
12 8 19
12 9 19
12 10 19
12 11 19
12 12 19
12 13 19
12 14 19
12 15 19
12 16 19
12 17 19
12 18 19
13 0 19
13 1 19
13 2 19
13 3 19
13 4 19
13 5 19
13 6 19
13 7 19
13 8 19
13 9 19
13 10 19
13 11 19
13 12 19
13 13 19
13 14 19
13 15 19
13 16 19
13 17 19
13 18 19
14 0 19
14 1 19
14 2 19
14 3 19
14 4 19
14 5 19
14 6 19
14 7 19
14 8 19
14 9 19
14 10 19
14 11 19
14 12 19
14 13 19
14 14 19
14 15 19
14 16 19
14 17 19
14 18 19
15 0 19
15 1 19
15 2 19
15 3 19
15 4 19
15 5 19
15 6 19
15 7 19
15 8 19
15 9 19
15 10 19
15 11 19
15 12 19
15 13 19
15 14 19
15 15 19
15 16 19
15 17 19
15 18 19
16 0 19
16 1 19
16 2 19
16 3 19
16 4 19
16 5 19
16 6 19
16 7 19
16 8 19
16 9 19
16 10 19
16 11 19
16 12 19
16 13 19
16 14 19
16 15 19
16 16 19
16 17 19
16 18 19
17 0 19
17 1 19
17 2 19
17 3 19
17 4 19
17 5 19
17 6 19
17 7 19
17 8 19
17 9 19
17 10 19
17 11 19
17 12 19
17 13 19
17 14 19
17 15 19
17 16 19
17 17 19
17 18 19
18 0 19
18 1 19
18 2 19
18 3 19
18 4 19
18 5 19
18 6 19
18 7 19
18 8 19
18 9 19
18 10 19
18 11 19
18 12 19
18 13 19
18 14 19
18 15 19
18 16 19
18 17 19
18 18 19
0 0 23
0 1 23
0 2 23
0 3 23
0 4 23
0 5 23
0 6 23
0 7 23
0 8 23
0 9 23
0 10 23
0 11 23
0 12 23
0 13 23
0 14 23
0 15 23
0 16 23
0 17 23
0 18 23
0 19 23
0 20 23
0 21 23
0 22 23
1 0 23
1 1 23
1 2 23
1 3 23
1 4 23
1 5 23
1 6 23
1 7 23
1 8 23
1 9 23
1 10 23
1 11 23
1 12 23
1 13 23
1 14 23
1 15 23
1 16 23
1 17 23
1 18 23
1 19 23
1 20 23
1 21 23
1 22 23
2 0 23
2 1 23
2 2 23
2 3 23
2 4 23
2 5 23
2 6 23
2 7 23
2 8 23
2 9 23
2 10 23
2 11 23
2 12 23
2 13 23
2 14 23
2 15 23
2 16 23
2 17 23
2 18 23
2 19 23
2 20 23
2 21 23
2 22 23
3 0 23
3 1 23
3 2 23
3 3 23
3 4 23
3 5 23
3 6 23
3 7 23
3 8 23
3 9 23
3 10 23
3 11 23
3 12 23
3 13 23
3 14 23
3 15 23
3 16 23
3 17 23
3 18 23
3 19 23
3 20 23
3 21 23
3 22 23
4 0 23
4 1 23
4 2 23
4 3 23
4 4 23
4 5 23
4 6 23
4 7 23
4 8 23
4 9 23
4 10 23
4 11 23
4 12 23
4 13 23
4 14 23
4 15 23
4 16 23
4 17 23
4 18 23
4 19 23
4 20 23
4 21 23
4 22 23
5 0 23
5 1 23
5 2 23
5 3 23
5 4 23
5 5 23
5 6 23
5 7 23
5 8 23
5 9 23
5 10 23
5 11 23
5 12 23
5 13 23
5 14 23
5 15 23
5 16 23
5 17 23
5 18 23
5 19 23
5 20 23
5 21 23
5 22 23
6 0 23
6 1 23
6 2 23
6 3 23
6 4 23
6 5 23
6 6 23
6 7 23
6 8 23
6 9 23
6 10 23
6 11 23
6 12 23
6 13 23
6 14 23
6 15 23
6 16 23
6 17 23
6 18 23
6 19 23
6 20 23
6 21 23
6 22 23
7 0 23
7 1 23
7 2 23
7 3 23
7 4 23
7 5 23
7 6 23
7 7 23
7 8 23
7 9 23
7 10 23
7 11 23
7 12 23
7 13 23
7 14 23
7 15 23
7 16 23
7 17 23
7 18 23
7 19 23
7 20 23
7 21 23
7 22 23
8 0 23
8 1 23
8 2 23
8 3 23
8 4 23
8 5 23
8 6 23
8 7 23
8 8 23
8 9 23
8 10 23
8 11 23
8 12 23
8 13 23
8 14 23
8 15 23
8 16 23
8 17 23
8 18 23
8 19 23
8 20 23
8 21 23
8 22 23
9 0 23
9 1 23
9 2 23
9 3 23
9 4 23
9 5 23
9 6 23
9 7 23
9 8 23
9 9 23
9 10 23
9 11 23
9 12 23
9 13 23
9 14 23
9 15 23
9 16 23
9 17 23
9 18 23
9 19 23
9 20 23
9 21 23
9 22 23
10 0 23
10 1 23
10 2 23
10 3 23
10 4 23
10 5 23
10 6 23
10 7 23
10 8 23
10 9 23
10 10 23
10 11 23
10 12 23
10 13 23
10 14 23
10 15 23
10 16 23
10 17 23
10 18 23
10 19 23
10 20 23
10 21 23
10 22 23
11 0 23
11 1 23
11 2 23
11 3 23
11 4 23
11 5 23
11 6 23
11 7 23
11 8 23
11 9 23
11 10 23
11 11 23
11 12 23
11 13 23
11 14 23
11 15 23
11 16 23
11 17 23
11 18 23
11 19 23
11 20 23
11 21 23
11 22 23
12 0 23
12 1 23
12 2 23
12 3 23
12 4 23
12 5 23
12 6 23
12 7 23
12 8 23
12 9 23
12 10 23
12 11 23
12 12 23
12 13 23
12 14 23
12 15 23
12 16 23
12 17 23
12 18 23
12 19 23
12 20 23
12 21 23
12 22 23
13 0 23
13 1 23
13 2 23
13 3 23
13 4 23
13 5 23
13 6 23
13 7 23
13 8 23
13 9 23
13 10 23
13 11 23
13 12 23
13 13 23
13 14 23
13 15 23
13 16 23
13 17 23
13 18 23
13 19 23
13 20 23
13 21 23
13 22 23
14 0 23
14 1 23
14 2 23
14 3 23
14 4 23
14 5 23
14 6 23
14 7 23
14 8 23
14 9 23
14 10 23
14 11 23
14 12 23
14 13 23
14 14 23
14 15 23
14 16 23
14 17 23
14 18 23
14 19 23
14 20 23
14 21 23
14 22 23
15 0 23
15 1 23
15 2 23
15 3 23
15 4 23
15 5 23
15 6 23
15 7 23
15 8 23
15 9 23
15 10 23
15 11 23
15 12 23
15 13 23
15 14 23
15 15 23
15 16 23
15 17 23
15 18 23
15 19 23
15 20 23
15 21 23
15 22 23
16 0 23
16 1 23
16 2 23
16 3 23
16 4 23
16 5 23
16 6 23
16 7 23
16 8 23
16 9 23
16 10 23
16 11 23
16 12 23
16 13 23
16 14 23
16 15 23
16 16 23
16 17 23
16 18 23
16 19 23
16 20 23
16 21 23
16 22 23
17 0 23
17 1 23
17 2 23
17 3 23
17 4 23
17 5 23
17 6 23
17 7 23
17 8 23
17 9 23
17 10 23
17 11 23
17 12 23
17 13 23
17 14 23
17 15 23
17 16 23
17 17 23
17 18 23
17 19 23
17 20 23
17 21 23
17 22 23
18 0 23
18 1 23
18 2 23
18 3 23
18 4 23
18 5 23
18 6 23
18 7 23
18 8 23
18 9 23
18 10 23
18 11 23
18 12 23
18 13 23
18 14 23
18 15 23
18 16 23
18 17 23
18 18 23
18 19 23
18 20 23
18 21 23
18 22 23
19 0 23
19 1 23
19 2 23
19 3 23
19 4 23
19 5 23
19 6 23
19 7 23
19 8 23
19 9 23
19 10 23
19 11 23
19 12 23
19 13 23
19 14 23
19 15 23
19 16 23
19 17 23
19 18 23
19 19 23
19 20 23
19 21 23
19 22 23
20 0 23
20 1 23
20 2 23
20 3 23
20 4 23
20 5 23
20 6 23
20 7 23
20 8 23
20 9 23
20 10 23
20 11 23
20 12 23
20 13 23
20 14 23
20 15 23
20 16 23
20 17 23
20 18 23
20 19 23
20 20 23
20 21 23
20 22 23
21 0 23
21 1 23
21 2 23
21 3 23
21 4 23
21 5 23
21 6 23
21 7 23
21 8 23
21 9 23
21 10 23
21 11 23
21 12 23
21 13 23
21 14 23
21 15 23
21 16 23
21 17 23
21 18 23
21 19 23
21 20 23
21 21 23
21 22 23
22 0 23
22 1 23
22 2 23
22 3 23
22 4 23
22 5 23
22 6 23
22 7 23
22 8 23
22 9 23
22 10 23
22 11 23
22 12 23
22 13 23
22 14 23
22 15 23
22 16 23
22 17 23
22 18 23
22 19 23
22 20 23
22 21 23
22 22 23
0 0 29
0 1 29
0 2 29
0 3 29
0 4 29
0 5 29
0 6 29
0 7 29
0 8 29
0 9 29
0 10 29
0 11 29
0 12 29
0 13 29
0 14 29
0 15 29
0 16 29
0 17 29
0 18 29
0 19 29
0 20 29
0 21 29
0 22 29
0 23 29
0 24 29
0 25 29
0 26 29
0 27 29
0 28 29
1 0 29
1 1 29
1 2 29
1 3 29
1 4 29
1 5 29
1 6 29
1 7 29
1 8 29
1 9 29
1 10 29
1 11 29
1 12 29
1 13 29
1 14 29
1 15 29
1 16 29
1 17 29
1 18 29
1 19 29
1 20 29
1 21 29
1 22 29
1 23 29
1 24 29
1 25 29
1 26 29
1 27 29
1 28 29
2 0 29
2 1 29
2 2 29
2 3 29
2 4 29
2 5 29
2 6 29
2 7 29
2 8 29
2 9 29
2 10 29
2 11 29
2 12 29
2 13 29
2 14 29
2 15 29
2 16 29
2 17 29
2 18 29
2 19 29
2 20 29
2 21 29
2 22 29
2 23 29
2 24 29
2 25 29
2 26 29
2 27 29
2 28 29
3 0 29
3 1 29
3 2 29
3 3 29
3 4 29
3 5 29
3 6 29
3 7 29
3 8 29
3 9 29
3 10 29
3 11 29
3 12 29
3 13 29
3 14 29
3 15 29
3 16 29
3 17 29
3 18 29
3 19 29
3 20 29
3 21 29
3 22 29
3 23 29
3 24 29
3 25 29
3 26 29
3 27 29
3 28 29
4 0 29
4 1 29
4 2 29
4 3 29
4 4 29
4 5 29
4 6 29
4 7 29
4 8 29
4 9 29
4 10 29
4 11 29
4 12 29
4 13 29
4 14 29
4 15 29
4 16 29
4 17 29
4 18 29
4 19 29
4 20 29
4 21 29
4 22 29
4 23 29
4 24 29
4 25 29
4 26 29
4 27 29
4 28 29
5 0 29
5 1 29
5 2 29
5 3 29
5 4 29
5 5 29
5 6 29
5 7 29
5 8 29
5 9 29
5 10 29
5 11 29
5 12 29
5 13 29
5 14 29
5 15 29
5 16 29
5 17 29
5 18 29
5 19 29
5 20 29
5 21 29
5 22 29
5 23 29
5 24 29
5 25 29
5 26 29
5 27 29
5 28 29
6 0 29
6 1 29
6 2 29
6 3 29
6 4 29
6 5 29
6 6 29
6 7 29
6 8 29
6 9 29
6 10 29
6 11 29
6 12 29
6 13 29
6 14 29
6 15 29
6 16 29
6 17 29
6 18 29
6 19 29
6 20 29
6 21 29
6 22 29
6 23 29
6 24 29
6 25 29
6 26 29
6 27 29
6 28 29
7 0 29
7 1 29
7 2 29
7 3 29
7 4 29
7 5 29
7 6 29
7 7 29
7 8 29
7 9 29
7 10 29
7 11 29
7 12 29
7 13 29
7 14 29
7 15 29
7 16 29
7 17 29
7 18 29
7 19 29
7 20 29
7 21 29
7 22 29
7 23 29
7 24 29
7 25 29
7 26 29
7 27 29
7 28 29
8 0 29
8 1 29
8 2 29
8 3 29
8 4 29
8 5 29
8 6 29
8 7 29
8 8 29
8 9 29
8 10 29
8 11 29
8 12 29
8 13 29
8 14 29
8 15 29
8 16 29
8 17 29
8 18 29
8 19 29
8 20 29
8 21 29
8 22 29
8 23 29
8 24 29
8 25 29
8 26 29
8 27 29
8 28 29
9 0 29
9 1 29
9 2 29
9 3 29
9 4 29
9 5 29
9 6 29
9 7 29
9 8 29
9 9 29
9 10 29
9 11 29
9 12 29
9 13 29
9 14 29
9 15 29
9 16 29
9 17 29
9 18 29
9 19 29
9 20 29
9 21 29
9 22 29
9 23 29
9 24 29
9 25 29
9 26 29
9 27 29
9 28 29
10 0 29
10 1 29
10 2 29
10 3 29
10 4 29
10 5 29
10 6 29
10 7 29
10 8 29
10 9 29
10 10 29
10 11 29
10 12 29
10 13 29
10 14 29
10 15 29
10 16 29
10 17 29
10 18 29
10 19 29
10 20 29
10 21 29
10 22 29
10 23 29
10 24 29
10 25 29
10 26 29
10 27 29
10 28 29
11 0 29
11 1 29
11 2 29
11 3 29
11 4 29
11 5 29
11 6 29
11 7 29
11 8 29
11 9 29
11 10 29
11 11 29
11 12 29
11 13 29
11 14 29
11 15 29
11 16 29
11 17 29
11 18 29
11 19 29
11 20 29
11 21 29
11 22 29
11 23 29
11 24 29
11 25 29
11 26 29
11 27 29
11 28 29
12 0 29
12 1 29
12 2 29
12 3 29
12 4 29
12 5 29
12 6 29
12 7 29
12 8 29
12 9 29
12 10 29
12 11 29
12 12 29
12 13 29
12 14 29
12 15 29
12 16 29
12 17 29
12 18 29
12 19 29
12 20 29
12 21 29
12 22 29
12 23 29
12 24 29
12 25 29
12 26 29
12 27 29
12 28 29
13 0 29
13 1 29
13 2 29
13 3 29
13 4 29
13 5 29
13 6 29
13 7 29
13 8 29
13 9 29
13 10 29
13 11 29
13 12 29
13 13 29
13 14 29
13 15 29
13 16 29
13 17 29
13 18 29
13 19 29
13 20 29
13 21 29
13 22 29
13 23 29
13 24 29
13 25 29
13 26 29
13 27 29
13 28 29
14 0 29
14 1 29
14 2 29
14 3 29
14 4 29
14 5 29
14 6 29
14 7 29
14 8 29
14 9 29
14 10 29
14 11 29
14 12 29
14 13 29
14 14 29
14 15 29
14 16 29
14 17 29
14 18 29
14 19 29
14 20 29
14 21 29
14 22 29
14 23 29
14 24 29
14 25 29
14 26 29
14 27 29
14 28 29
15 0 29
15 1 29
15 2 29
15 3 29
15 4 29
15 5 29
15 6 29
15 7 29
15 8 29
15 9 29
15 10 29
15 11 29
15 12 29
15 13 29
15 14 29
15 15 29
15 16 29
15 17 29
15 18 29
15 19 29
15 20 29
15 21 29
15 22 29
15 23 29
15 24 29
15 25 29
15 26 29
15 27 29
15 28 29
16 0 29
16 1 29
16 2 29
16 3 29
16 4 29
16 5 29
16 6 29
16 7 29
16 8 29
16 9 29
16 10 29
16 11 29
16 12 29
16 13 29
16 14 29
16 15 29
16 16 29
16 17 29
16 18 29
16 19 29
16 20 29
16 21 29
16 22 29
16 23 29
16 24 29
16 25 29
16 26 29
16 27 29
16 28 29
17 0 29
17 1 29
17 2 29
17 3 29
17 4 29
17 5 29
17 6 29
17 7 29
17 8 29
17 9 29
17 10 29
17 11 29
17 12 29
17 13 29
17 14 29
17 15 29
17 16 29
17 17 29
17 18 29
17 19 29
17 20 29
17 21 29
17 22 29
17 23 29
17 24 29
17 25 29
17 26 29
17 27 29
17 28 29
18 0 29
18 1 29
18 2 29
18 3 29
18 4 29
18 5 29
18 6 29
18 7 29
18 8 29
18 9 29
18 10 29
18 11 29
18 12 29
18 13 29
18 14 29
18 15 29
18 16 29
18 17 29
18 18 29
18 19 29
18 20 29
18 21 29
18 22 29
18 23 29
18 24 29
18 25 29
18 26 29
18 27 29
18 28 29
19 0 29
19 1 29
19 2 29
19 3 29
19 4 29
19 5 29
19 6 29
19 7 29
19 8 29
19 9 29
19 10 29
19 11 29
19 12 29
19 13 29
19 14 29
19 15 29
19 16 29
19 17 29
19 18 29
19 19 29
19 20 29
19 21 29
19 22 29
19 23 29
19 24 29
19 25 29
19 26 29
19 27 29
19 28 29
20 0 29
20 1 29
20 2 29
20 3 29
20 4 29
20 5 29
20 6 29
20 7 29
20 8 29
20 9 29
20 10 29
20 11 29
20 12 29
20 13 29
20 14 29
20 15 29
20 16 29
20 17 29
20 18 29
20 19 29
20 20 29
20 21 29
20 22 29
20 23 29
20 24 29
20 25 29
20 26 29
20 27 29
20 28 29
21 0 29
21 1 29
21 2 29
21 3 29
21 4 29
21 5 29
21 6 29
21 7 29
21 8 29
21 9 29
21 10 29
21 11 29
21 12 29
21 13 29
21 14 29
21 15 29
21 16 29
21 17 29
21 18 29
21 19 29
21 20 29
21 21 29
21 22 29
21 23 29
21 24 29
21 25 29
21 26 29
21 27 29
21 28 29
22 0 29
22 1 29
22 2 29
22 3 29
22 4 29
22 5 29
22 6 29
22 7 29
22 8 29
22 9 29
22 10 29
22 11 29
22 12 29
22 13 29
22 14 29
22 15 29
22 16 29
22 17 29
22 18 29
22 19 29
22 20 29
22 21 29
22 22 29
22 23 29
22 24 29
22 25 29
22 26 29
22 27 29
22 28 29
23 0 29
23 1 29
23 2 29
23 3 29
23 4 29
23 5 29
23 6 29
23 7 29
23 8 29
23 9 29
23 10 29
23 11 29
23 12 29
23 13 29
23 14 29
23 15 29
23 16 29
23 17 29
23 18 29
23 19 29
23 20 29
23 21 29
23 22 29
23 23 29
23 24 29
23 25 29
23 26 29
23 27 29
23 28 29
24 0 29
24 1 29
24 2 29
24 3 29
24 4 29
24 5 29
24 6 29
24 7 29
24 8 29
24 9 29
24 10 29
24 11 29
24 12 29
24 13 29
24 14 29
24 15 29
24 16 29
24 17 29
24 18 29
24 19 29
24 20 29
24 21 29
24 22 29
24 23 29
24 24 29
24 25 29
24 26 29
24 27 29
24 28 29
25 0 29
25 1 29
25 2 29
25 3 29
25 4 29
25 5 29
25 6 29
25 7 29
25 8 29
25 9 29
25 10 29
25 11 29
25 12 29
25 13 29
25 14 29
25 15 29
25 16 29
25 17 29
25 18 29
25 19 29
25 20 29
25 21 29
25 22 29
25 23 29
25 24 29
25 25 29
25 26 29
25 27 29
25 28 29
26 0 29
26 1 29
26 2 29
26 3 29
26 4 29
26 5 29
26 6 29
26 7 29
26 8 29
26 9 29
26 10 29
26 11 29
26 12 29
26 13 29
26 14 29
26 15 29
26 16 29
26 17 29
26 18 29
26 19 29
26 20 29
26 21 29
26 22 29
26 23 29
26 24 29
26 25 29
26 26 29
26 27 29
26 28 29
27 0 29
27 1 29
27 2 29
27 3 29
27 4 29
27 5 29
27 6 29
27 7 29
27 8 29
27 9 29
27 10 29
27 11 29
27 12 29
27 13 29
27 14 29
27 15 29
27 16 29
27 17 29
27 18 29
27 19 29
27 20 29
27 21 29
27 22 29
27 23 29
27 24 29
27 25 29
27 26 29
27 27 29
27 28 29
28 0 29
28 1 29
28 2 29
28 3 29
28 4 29
28 5 29
28 6 29
28 7 29
28 8 29
28 9 29
28 10 29
28 11 29
28 12 29
28 13 29
28 14 29
28 15 29
28 16 29
28 17 29
28 18 29
28 19 29
28 20 29
28 21 29
28 22 29
28 23 29
28 24 29
28 25 29
28 26 29
28 27 29
28 28 29
