20
29 11 17 18 20 21 23 25 32 36 38 41 47 48 57 58 61 68 70 78 83 94 107 111 112 115 116 124 132 133
33 5 7 13 26 27 28 53 62 64 67 72 79 80 81 87 88 89 95 96 97 101 102 103 105 109 117 122 129 130 136 137 139 141
1 49
3 0 4 113
2 42 52
1 10
1 93
38 1 8 16 19 22 24 29 30 34 35 37 39 45 46 50 51 54 59 60 63 66 69 71 73 74 75 76 85 90 92 98 100 104 106 119 125 134 135
1 99
1 6
4 44 128 131 140
1 120
18 2 14 15 31 33 40 43 56 77 82 84 86 108 118 121 126 127 138
1 123
1 12
1 110
3 55 91 114
1 65
1 3
1 9
