690986468
410134225
86086437
57893312
738660729
357777529
512342480
116718537
86035524
464748969
242780928
348670403
842202106
630412665
498351627
784928508
127534371
833497706
687931378
244718550
728508574
767675763
35094958
322191158
696252934
739609644
429336930
784480602
324719539
18635694
313871940
885188543
641040997
154069945
235611799
238280594
263420409
889752736
787563199
574474500
514686813
23664327
11844689
322160445
43682975
333622558
497749056
170224154
363661868
450267291
328490859
108164902
122373485
621479206
351199495
61417522
57584824
201499817
597836965
76852314
590039320
447841782
782263163
701887370
161088976
31924187
42333804
758692855
199273854
71823458
269296694
605924182
110596904
754150540
3734782
342905930
227640803
653177141
282935044
621850442
539193693
534692970
666664070
510544637
623928018
626682906
547354125
429998240
520028252
798987509
14121704
690990245
725624695
682331165
666635165
179161596
105053325
848811191
142168773
813796994
594429713
804282524
168847257
316656379
286503806
171870792
10097001
71283549
602212111
97641313
127439949
860742112
669087990
152656046
299920365
542625171
554568846
640541108
245963033
823429180
765155763
243438394
571326178
228787578
394115576
520756793
669351198
395076681
664210989
408720654
511882951
595158462
501130119
608618061
105761186
252423904
453849073
275123659
639133553
521257333
798705655
844178042
555747860
788940456
331125923
785340150
686364693
867811595
568831105
813852964
522951161
713583463
590425869
89855279
127092655
263020444
651261530
296048848
863423383
441522916
437189105
264470955
26330288
834897995
843976277
100094374
466379692
883936894
517655325
520076410
255716655
636086218
24099464
116770363
566176918
716607965
216095588
403771705
67346467
526468099
665264332
811953378
642875472
355011575
640895141
357440133
88222446
736332263
806399633
825600827
493339852
691959069
807361520
736243766
109872641
339756055
98267328
89281857
410295414
529141643
720802111
396381425
12994699
112193156
384222483
168211612
282410430
70916570
7145962
404386039
764688764
268118427
804440053
859394320
485191725
893797173
570948796
589022172
880745027
485274459
523871556
875650875
491512622
311119339
382612612
535162552
651422108
588680664
645421582
72452003
766458105
526645190
677396009
891826873
825656646
210839789
16540159
859890960
532449389
897271332
413788465
457390727
847075227
734642588
165686138
481688703
349888111
818417818
428925138
880124289
510726716
685191434
375423282
245803142
729265460
276908212
228444667
324406271
58959399
382821484
284748888
560563260
849133139
272557763
280958731
577081132
9737031
373903993
524263244
93555239
832817160
74571117
210367009
839784071
850465245
610436273
336552123
198107647
679685394
637634625
376037334
774188754
763994712
720462542
108704988
591919484
518309911
194774701
730240362
46131932
85044254
866188475
218086483
552123679
819713701
436883166
55184923
840592168
515001479
582744877
759958543
757176788
576740159
108782814
635280149
751828618
602327286
812463838
254914868
718969117
365764956
731802662
611534100
656556351
791457333
153918774
436201726
641473215
301089289
583708953
99955969
399912008
130434554
87575349
282226328
127684268
291235376
809644144
180546445
695132519
117868168
571920006
72381073
602001468
406518971
411219983
531610647
374955009
707571494
299328356
385095226
852199769
599823310
541028693
800131320
869896500
586869300
147548941
252388944
169851886
231419150
353737140
513923574
658568557
18347837
133218092
264847882
414875439
683615559
614324585
656212310
68924270
283637444
161653117
418495948
568219033
766570706
699482278
163331522
219112219
250544796
188960288
87352390
168314448
563514901
528833660
702020838
631509811
210025365
777082617
790493971
574313044
679223879
365573722
51127089
375671543
242959815
783662211
276548710
556505770
514191513
792961294
855574524
878580049
323511842
70867570
734115513
533862516
40036682
655323290
163891898
97992718
571072741
412486612
454022137
577182746
368297355
291103448
49211620
74151035
431058587
96318278
618096543
139169903
11806335
346389051
555523731
161426278
537904214
732507339
559705514
105008130
429778464
890698203
724820109
634001180
890423862
883033604
774143041
432350378
412219035
882200375
406578863
243856996
308857186
42555255
807525451
175431220
578290717
448330630
738686662
56182385
532781024
38453609
169417390
210784387
253506461
631001458
376861418
653475886
467511046
812201436
606879792
751458982
403751021
538929085
439545813
784517284
889404673
275831883
614422193
189393771
319768515
717898759
761939082
574826074
490104749
234586190
678065313
464605337
539701321
638043775
52069467
675805453
709691896
349966216
515730678
842459397
316114457
13976373
768502103
671226711
296842355
472702409
417903824
413596785
525802823
193108793
742969097
214981195
593678471
828002362
869510116
676745046
744971877
586827608
471798909
249299128
178622344
435329080
485757807
701182368
230852740
378697530
881349417
161806378
649204116
701947666
229045521
480186135
422153438
11264304
240052043
534188976
557573220
372560445
364119626
175824508
669585086
213370101
65352386
720603131
524991054
400083704
744684427
494573628
232957289
560416375
765399343
213042967
123588691
849744410
119626811
261448246
244751522
884480793
428122143
472369932
14937108
546928945
667799979
34894532
777820195
208406040
120871574
514901843
175628100
476080436
566178879
840362267
545919899
648928609
194137048
564574044
111677669
208783720
16657935
329992443
441109663
492705645
277614845
345360381
479913128
823957886
670374011
62918105
173023464
760196002
773062463
379914549
184329926
180449832
406212392
890333883
348063204
795700896
28294451
815966245
325034220
564120075
307341439
451098500
424924584
112605131
633286939
296406406
311673964
394252349
738136526
398696524
680724165
75629141
313260262
137769696
795335667
155135801
485549703
675091629
123833309
691147009
93171431
277145756
236527201
190028659
443938419
820366044
894374091
477617517
219113444
527558474
457776041
257550100
860752610
638234037
654108685
658850278
359848584
745756635
843973519
798907423
265584848
334798138
393666739
291497349
784876128
487735361
525493018
57737408
2939135
614972695
833577813
344418788
392354475
885516943
485646951
705866800
571791094
887309112
691857524
658275430
514067767
528034877
199826825
191412605
318365104
130724712
7922529
206544715
231751518
436650996
302376039
135857570
98722130
660742262
159725465
283594236
444527583
691762333
347876222
580770526
729901529
778968423
94332880
654108857
471724938
830985165
682546957
201514224
194361640
712748156
215425121
506269940
215217650
592067767
278710095
295982371
149457042
691250147
97098911
711647725
224184782
499163393
526145760
338198985
214815898
319173830
349106418
32354834
827627791
549167888
690118858
779392060
766781400
232891742
534361728
576063225
244859303
787621128
368573569
434115282
683658795
13568350
563018512
685086341
333326632
688124497
542664643
712700646
709962408
571624723
403336339
369723864
563087172
312840755
228136229
123188122
850191892
151248847
647937296
296058291
554651447
455963172
127680827
182137852
19700823
728517957
474501300
473286312
642442188
794017634
353500207
409438782
313145676
585454711
351346635
519887869
459294569
427144405
286262446
781451469
360793375
382467268
580006276
818391957
351733078
886351783
240699332
34069196
409842017
304309896
268320920
845086357
853757703
598681470
597366412
477437855
370734025
137536186
55637513
661090500
707901306
816071767
222945845
454230568
345957337
384732865
33908245
256215393
124717344
767928571
425823386
60448318
322902342
488398090
432591773
754414522
402600166
165283016
812912837
287935320
544847834
894798087
427506349
573775584
840357052
371515154
579585504
872567577
321071300
291346174
121369219
83688444
577735209
677950753
459468332
605177492
504468032
149724999
632019017
52719271
728393738
794311046
624336621
840519045
751895478
95935666
229213519
743862981
413374097
898971865
710659820
119864343
454869452
95147844
264290623
471230414
883293374
587947156
873820611
19474838
352512309
119952924
580703869
287558458
233084094
367899630
602477979
577768428
856499505
249223565
614714929
339950006
843889012
203143180
66533579
816705789
78271989
46505561
505449088
367765143
454624538
639446977
460301126
66406091
381531603
564549699
192520911
318156930
248527534
62870089
367936121
647886944
842155362
865409546
182081520
615430436
117908749
517142026
839179343
570288421
711689541
80470490
451013993
137570079
332031917
584884079
675630464
291701931
328364587
847526521
300862463
600972802
126312600
2228723
149195721
24719686
541146190
713002128
51851178
874910952
761537737
401256405
226183827
752288316
507939295
60181114
346879314
398338476
125851375
10559394
811665376
898717399
295163768
307375078
834464719
538772397
381605446
464462027
678635963
529048100
493141132
387247606
95319199
269403726
257609430
87822540
246734785
575556901
124052196
586251270
615202540
672559696
456845989
300431392
274074847
710639551
374571265
772519950
562995107
276186093
636215970
744637158
241030807
550367132
606691552
568714728
798499560
492935057
21377171
139337255
461626447
853011394
370764383
802344727
453973533
599640486
465153505
215804231
849669525
311475511
677090339
64817836
280962564
700833651
232631384
790532581
439477820
499951596
637457408
442292464
379896095
81974910
195300635
621404334
542230155
482823292
57499077
406284210
637045196
287001555
701475436
408403141
476136777
60464999
529048390
433528219
841297094
862381861
540826565
7608034
256541724
540386572
506556483
290438106
592265013
730126658
766930069
138886409
642571859
424022573
853198925
241456253
285870537
282583695
138650238
335725400
457450173
598571101
480837102
15873261
697353137
445466664
545355144
397419047
106050761
106051844
847241030
630297221
407029284
85657248
245756279
430392628
477703169
496059528
665254440
645120839
417889933
320974351
336560019
617857341
434684296
170178554
841683868
206659417
69437986
539409878
682689620
99789793
554203949
832266018
250616500
176311787
648740765
677817479
147185199
673678950
368846533
55662091
896657279
81531152
113167182
85866385
389663095
751464505
674704256
108233084
247827437
401966196
93690551
534102758
855882758
170161256
774685789
353089637
280411139
404003410
6250895
306965529
683924397
79618303
511206097
561195089
869716094
797827343
763171960
778979155
218031292
115527869
178856680
325612145
702548583
504049525
894632825
893385468
686976325
372220217
193923645
97141978
37354467
760033842
262343606
198976393
533004643
70775114
171672165
327211135
76080594
508704377
96907017
305163589
863966909
784451958
152767827
206268597
192597430
673887617
90957755
846807535
263159430
227627418
479821003
22055275
650190324
390806648
232236944
82905603
832344936
635916612
90986833
865056592
796066784
508617390
168020352
829675038
96738438
390673490
531056336
118892971
357612473
107199636
251412041
797054849
729714717
584608036
765353143
822098265
293825737
523845899
355479940
762561429
135230677
55877341
188496513
530572467
840082969
199673590
834924397
517233323
457992247
735722718
292278918
663108620
901391092
397903431
83560999
520446145
361781270
584393719
429298651
211714876
426953253
779907948
897028351
582257294
732469507
520066979
9017876
331393768
406800021
601604292
445470160
200997321
779677380
779596858
773965679
799030173
60929957
292012226
228943201
485716023
78490821
467837057
387134669
778682469
766172477
17438057
653171557
114325561
622993657
685354964
873996457
555138496
431380379
160668795
292444878
475235368
870339583
180231622
504564255
595971593
900327205
798294591
637505352
894825836
620404295
790279698
845549960
350503510
181024512
462064808
664355623
4936611
212593684
455021547
12284582
111211486
214550068
159877993
152647532
24016690
809374493
158410667
460541668
397540851
642046698
239358395
277924958
164620607
659778398
179981317
373185888
26128138
859456115
500431299
436913548
74996775
450303349
771094153
831351448
584066017
334160465
149410606
515875380
93267871
160907333
90985918
565029980
689919482
99640565
764016913
177875210
81226073
333387481
867346588
109526529
657928604
569040351
322148374
644957037
220946504
302927897
334224026
490912451
645423540
421477941
86655628
432663335
798015907
766082705
605832741
316390784
882916917
817882449
716947076
102742011
427052660
507366086
137622204
890570896
379958258
38866160
382258228
586124678
501921897
597417326
173633037
809933646
92096819
377892075
770720655
732544397
313698450
742043669
734530125
230405174
714679942
50383642
892229885
25447564
133764197
657657082
343656329
773145247
320178454
201765232
498440064
538104288
661306100
679297613
275597175
417956542
655522116
677048229
353099975
891717840
839077802
380835714
659741074
190682266
371393481
305067812
17925562
803641066
714514391
440231989
674796774
641003061
398391946
820546467
701340582
648930768
227688045
592880288
785666406
618756374
26519415
244187681
174026570
359746027
138538247
805766898
739623453
604415075
478806275
857345483
170199972
609517316
560924499
424943363
311144606
676525722
626846227
853294115
457152996
556373285
346443359
19654179
646972516
804204562
407853670
522070685
592098264
67913696
320350389
317715916
619194037
371226542
7846008
350647941
423795035
382513284
880478645
521736645
857597867
730688125
693863450
681039480
772633467
519350727
742960921
719094097
622693803
511430145
611690480
516688117
824398113
25596996
551818077
837507186
715964065
740596644
750269802
750811181
580929744
564369994
750023804
376221443
434783269
618239124
603201813
836354387
313813375
646504219
580660713
29694364
581580273
170849944
288208815
506668563
189777497
366217182
436320097
765024700
173359233
652489894
198310388
647808903
136280981
532121
338225250
147594331
760840456
439515191
864148743
228154825
157228944
319701356
536814503
833726294
847250328
212962503
667231182
394413051
478850764
502111444
306436092
602587335
59521785
846801093
463104097
467263740
614613968
195228646
308393261
289576929
753389803
88009361
374213317
498773459
51076459
71025950
525268627
750136619
125320404
652289339
391344210
145903197
179207713
191376528
815093431
634356542
341793344
303943624
39405465
521692239
586102485
631826193
529880293
95336373
176556599
201643259
198582760
141274553
96138880
159979821
610647523
634616698
397245781
8403340
100590193
856834873
791873558
335849991
407731646
531036389
352901046
118215966
412416735
672744856
413762851
649339775
682076383
418113177
764294837
410160982
762571751
496102776
460990012
611772205
464608227
712808981
564977995
692046193
356992993
824032137
706199135
88017382
667453764
717708954
32185968
450236981
247948115
295133589
755601651
395156107
873258652
371353507
129973673
423165560
289985949
611794590
387737531
888498543
392648130
196444585
359286022
495440408
409016445
138576935
358220995
728280044
485548125
32486704
421298399
342289093
155447268
488393640
1712329
592393929
375509295
292698349
812260617
128758693
712972975
519062367
114573075
386301364
752737498
215681156
152406888
650045503
652714344
122159048
664637835
148754215
433677227
240425382
510026504
171769284
575754254
34339105
634269912
91186017
834229733
407149641
880380958
880644938
711800461
689968034
558768433
785438183
537513149
3828866
687103241
128468796
573159218
70501805
691269159
246861956
588802848
259025850
368456118
151334391
519301869
137737399
266347721
93603452
309371891
207333709
665529260
641608806
822333531
15544352
833251046
358698837
228359929
806869617
270393840
670218287
108373853
589957858
211985795
642439513
886063324
254654513
228616627
73585972
122307541
534290334
501266348
501091190
439911500
189341102
740965280
867950198
175319220
697750432
662022385
716142011
248137198
423196582
292831307
772114238
164601503
430009662
420950098
442930997
233832417
492198294
163396849
832385834
457956890
169584421
707712962
70264183
646704868
387133600
624178701
192322030
231859883
459949452
836795671
77573849
714444244
27269777
99602898
238411511
378894166
317397277
498856045
393434389
330911375
29388930
394008964
268428788
885376791
313611807
298418620
580521599
425755498
458543104
340805410
743431133
862127252
769590877
307855649
869814339
203964389
444943731
859903197
407408209
352705163
123312696
615140425
613467190
203460210
646875658
346217540
469208627
810086158
439883759
64838337
64155612
650389541
51237434
565112290
835927144
418594757
183787356
41492270
138918514
68935456
661189091
98436875
727670698
763490872
11537694
252605930
475801223
365879389
874314554
720387579
278663499
356834730
465904548
164420760
34042363
325821591
344820766
704617066
74206923
455485451
130052891
359852185
529930823
353207295
254618266
101152683
848487176
314262328
408106829
778993175
632171775
23779590
790284426
153238283
829822435
234570381
359117086
374486451
314058716
95165741
823646707
63581092
589652242
328314025
170673320
135472569
802385742
654443330
152075858
46716720
653648278
806942596
854229262
609266740
308876594
10862874
560201409
593792524
893590553
518941352
569592832
538720878
66281393
817245282
333378769
817386173
814173865
147405523
763934906
873682548
376692209
718072215
712047762
783429431
212649907
775909719
768069670
475665935
246089015
462680909
432959628
232983813
204358734
156784198
294465863
786243710
576692754
484468167
507945952
488407946
29166043
614078864
456336684
57906988
897164864
810226465
530129225
408115760
773307574
549743226
49798839
884573271
193994525
896468079
663059962
397095455
830318204
607602667
690627488
633615799
243830352
684476259
236526610
85436829
537504537
464972831
784435292
62761433
631327272
111492097
524998088
5496224
859097848
320864903
31212964
55947523
767365589
57174037
313231979
35305766
151012483
381305875
714171969
296598009
120457649
874486138
759491047
577037807
572500051
86724711
647313731
228336023
551943587
463502327
494440499
888133797
682619173
186071995
31218002
207950884
42120223
210495127
851456862
436411739
327316315
181589540
757447344
737601664
650074056
392366402
758958564
509786000
836379355
833016270
847533773
207060076
241571819
784975548
527622562
750616808
170405248
230206512
802964331
270641333
688227941
373347926
95499324
232817070
82605376
585806441
875763071
58692626
791016088
747197037
132353349
629058717
763045624
839372226
137243970
68540559
719960351
346801497
224269361
322941768
56049491
422582433
328273991
533598730
802311331
71772321
57912494
656563184
855262270
340968445
256243241
401842086
348570145
149058584
354824082
160196437
609523367
536078344
273391260
748555144
835266783
172981980
27256835
508457620
845445905
367981202
129752232
505728020
149785018
252042737
364896016
237976795
368517503
230791244
189856315
59460192
420204452
184399687
598808689
581708126
776241357
794898080
75049008
787830476
329533123
51863991
485572544
464971850
442764618
565027617
780286556
565162781
364974863
381175200
241138995
861672670
323476916
238775030
788223202
336809887
43247349
732616188
245005328
886789970
257977232
450074296
522474775
380440618
730459551
607521443
877309653
261696928
62648126
823065717
791951791
310512344
604100117
612352221
303506463
241793912
337945405
260100003
477163399
366344556
390787221
613029304
635180936
73425618
855848804
759200047
726637519
260744255
777002568
332258812
508855268
181789665
216446179
448946849
472241402
707754171
783934828
717933887
363277710
504850419
491841679
747667404
175054573
788155985
522537803
756170644
216298130
745666737
139894733
416112481
860181125
535796179
701590032
118565558
687284458
459947981
687774916
382781491
718715001
720423463
72486622
264745928
745747841
406187494
48398852
522371032
220056301
888719686
428851058
645624713
705716797
73557697
302819318
497445626
625164354
353948278
82588035
773981829
645966996
444834453
571811733
328078923
734615142
815163531
744639674
261976614
132804679
46037529
604371652
896999140
636522104
205032769
200232385
567516122
637734030
170816567
526514609
275979476
221540382
878529326
273292421
749364060
280932952
830761413
699064444
1418807
292298990
849743938
406940478
78247198
382835554
556652108
138348565
747882727
69469523
697543050
199938141
512187871
27517707
525458595
108559784
305795234
793802162
41947140
323039780
439577605
884168884
105558331
230660816
391956355
866420417
574692352
568863975
613080243
757974037
175034459
565868783
529426149
94058055
180492315
586464075
713378327
588630385
505904711
481331361
213829701
565466338
563972846
261266811
595845578
814576845
34802621
615475170
109953077
311604187
79469494
363669730
381951381
394233129
685913321
678340482
277478452
28727328
434925857
14341374
576511018
84119763
150242919
434251958
530768833
256462855
155971284
641818075
465891197
729674723
414075764
596890585
537790120
300193608
328923952
80616321
250288663
690590709
271515677
512893608
875300293
750650763
679985968
83731837
505609975
297911244
513030187
706686930
619660899
89733259
706235401
58167781
18002389
275456497
815144456
256925637
562528707
725118658
769172268
349283573
21456751
679658632
253120918
879820944
320526247
322362708
364009470
504478338
455672062
247433113
636823367
410027552
272344424
255413828
401600452
129607349
490710395
186147319
432753267
777420234
783428490
778485144
229393276
394298899
360695701
202967396
493140346
648615189
312453008
214277349
789379736
659303762
75974469
687370228
722666328
433384414
783717580
891192308
888360139
568902730
809166975
762992408
850445839
12664542
897040090
24252760
699109971
66577656
379303564
287748756
748656992
357933160
372937797
724941490
495797290
890429137
58798277
89182408
379478210
261968911
38391198
281556092
254498692
782570788
27287499
192879121
804428008
532105306
505897143
480722289
309000114
155060110
554285703
333894249
325081331
361011158
677049565
443816151
676595782
194068773
635241529
103185660
358231897
486575895
366416308
532559310
311025007
592012496
439221051
10786875
863643148
887390947
648151278
411631477
286015555
762960351
315700990
897662215
237892549
328692217
146712329
339607651
787221856
999277
435657483
721589079
524505968
166187466
3259711
430462160
716604195
413113428
365006417
493338599
372664764
500786572
365510536
800052168
632758488
601288217
439518503
790255305
89972858
790912981
38821452
605111581
821431795
772136208
253459011
195022408
46970666
319657982
820782993
551201801
249005978
426417359
739303300
604723565
66602975
402871302
827710921
219050914
161497116
716224307
177519241
195693158
78842843
351697596
168852550
814614826
327938094
879654490
334007786
428204261
416482129
429815634
372066153
895336008
113212263
508149113
407240712
800221461
778417136
181717832
199393975
140048118
249598515
811341607
297789325
876843114
853365552
487224932
504190300
464688766
734589613
450042900
220346138
548577262
208944120
506322701
38625241
143252697
249944898
575027992
449249474
253513968
636305481
453388796
263175196
629748686
127335701
158131889
126695655
709401595
521431253
183830410
152589249
239610258
818279494
750370616
738239804
21352871
457713482
726769273
43979762
18322477
898841220
363350431
729341168
306714860
432444505
879069278
418112318
110699349
574664277
260582719
340304409
393118920
33006989
566734990
854048979
365886028
288792772
320168153
716965343
320335885
865340739
732845005
742414371
721392721
831195538
384053119
119541673
97996543
491734947
235211930
396885478
564128936
610426512
562354986
122268254
778659203
61503950
413841170
452515921
134160587
467757326
452888184
285196521
30209563
644692706
865747432
225803309
154778233
587428400
345839996
96895870
30473531
292997780
60606210
16493298
866182701
529464359
295037573
464521571
713588083
678810543
240687870
178874086
715640442
93289752
799747082
637864530
421935677
345511420
629201716
285358207
231402911
328189567
256820354
704526304
69616860
699036729
848442365
647368962
100203758
395770823
606611256
317361790
412485510
249874250
84260613
404051805
99657328
636758579
411891725
244593434
672361772
206393130
208070269
702059491
487398006
271503363
645458198
695049504
406501480
884661795
441445145
752973326
789340433
162410168
287820873
399427422
173197747
709171946
72725243
202613354
333775685
762781568
123140302
172110030
308798437
265376320
610061264
850376248
351181925
196635381
448201789
770276370
831860295
484185784
224502371
175419776
377152265
68849307
462366203
39547000
656546991
740979314
282452429
661084786
453641756
767755969
773654622
713840016
188268963
478293312
211847676
98208941
38789805
827745890
808765244
837448259
671073916
867535575
503432546
460015525
47509198
868015519
508160523
464135861
29334675
327793342
30644492
703251740
197078651
600815430
846059435
614590958
577133710
683206064
437515596
77390209
824894245
311621314
61022375
868246011
438561850
298157577
706672608
553268248
376329574
428894788
129516796
217657717
850280617
747438178
312419698
124167141
844536443
617534658
896037258
638755129
150695751
147591648
530851196
440921579
605924665
119329795
657746801
109073763
177416481
795769041
850649339
348207631
42713798
366450319
489993423
588768005
471692374
60499735
336264552
859765036
192885262
303487531
809597201
38993619
487428857
469476456
113399252
235141031
326045186
19282587
645593125
863267638
411221613
637202008
434106620
879320048
20466119
674153373
23990586
734567170
672917921
875113604
462832586
304381103
402781824
537234823
885034406
91648150
732315511
298979566
70613381
775531053
9775925
702967791
322772668
336495956
520012133
543870477
59610563
556649157
662853788
112401869
421169321
148704447
459315971
208667722
657977658
544133160
125802079
283669705
869103145
430785524
715750277
90422374
79300521
464355767
126282204
215703045
293522740
306160340
821386094
207850150
544567655
15171300
758347048
367054885
113355653
300215006
397689716
114722215
510918972
808826114
470662229
503699689
400745725
832858490
283250697
48402939
657229157
69881269
245832823
429120945
308827556
724115166
525196416
92923510
266473696
224380010
272484671
267527460
323571726
228299036
365799737
808800228
413336090
860797076
533061799
572636727
255328373
654419357
142187239
819976682
698829286
878738267
892029015
695165937
202944227
36888164
242144223
233107338
347100787
863101549
776676991
715068279
84620294
368134505
499733552
167641718
88613602
552318919
719422636
184022755
238025557
745901230
121857932
85567399
12556415
549826906
454975850
597089017
215984704
486802606
225813815
775960721
88750806
41291199
331202094
830448851
76732516
486906284
318025447
775530310
739839529
606248881
561082480
813659819
66594572
607707433
161763893
408805668
355797501
491534718
324568879
710258851
696253693
334347827
373170978
459961131
772997125
564967236
776912103
39544254
584849408
164997844
886767626
283222889
262636588
713387933
556940335
604099785
821465036
65107283
132960585
649862778
849040513
773122671
192545255
274285086
101710441
836882553
121206976
594850005
294548812
260279081
742304726
235192768
583002302
858111604
545874133
16226187
563873180
12645367
590790476
237688614
675976366
846864222
882285533
885527950
628100514
686615937
142199715
706866766
22387906
720422601
689586249
16443220
217266447
829829122
12962142
860961151
242639605
409456204
362031492
742776482
473534774
145631422
456716372
717226247
72603371
790508034
22196401
726879880
831527855
57161286
838295544
30300620
295313250
510376864
803259502
740634605
285465933
660577796
209195762
49779623
699262497
287731309
577003967
779755029
553238042
737006832
522376631
75491389
325383701
167580454
573843931
810568903
595229884
263385087
282838173
180261856
145601235
589675174
417503305
414643331
32860895
575142005
681172722
639609087
675879551
105116298
544650878
511029746
75285145
338388137
464016370
212774058
807594323
809408391
267862387
670785793
751558331
853167959
432144187
67203512
521169556
54448954
284831271
299871753
50271012
567822560
146494714
301758596
623611183
771819748
28476410
871402577
631778878
30032003
321948426
568083371
766079710
143426662
735975526
851210345
785531384
530610210
494131619
554691479
519483697
564172227
233475625
664660260
377333952
570012679
862753440
386948017
483488063
618689802
894787428
160191371
399144578
723382355
242197338
659150771
659724946
142467254
576244854
639900889
145065805
383824652
326453427
382292514
451327980
702308411
186896655
233100846
327726427
369387926
122103342
259217630
566611673
630860408
397433445
345559009
887584512
349003478
627151850
622629850
763332471
880544823
224548277
134397786
166370813
585799034
392466454
794935899
870343139
210975426
11250162
105312333
220394428
809301040
237083148
511386951
337606315
261937376
893803778
38867222
18027039
741394221
404084928
159289027
14357364
595710022
210868883
195811515
291725409
255931250
844440835
196893832
759205771
815935926
192007025
572209991
300460370
285637917
822532981
409421386
240201741
549128334
783966077
827881910
588474356
333325079
136706335
415640285
559013875
19994376
48383171
507541252
515702205
273275475
814808171
210488130
467181189
377890116
190557839
7977592
319347485
882796171
229032757
364995430
132392118
881769512
712790664
357015629
668097316
559919362
143929829
317659039
111159542
183435163
326718490
334027550
360489438
17052108
339088927
359836237
61577859
847661511
203578599
406852542
796103501
193453788
3051047
549685244
53892849
503900540
707762420
542695931
236083983
273433631
225993611
743326891
196419131
855745273
349138536
114259161
626113774
178248955
114047466
606968941
782269025
93284159
325625036
218669953
313890504
155765633
826074121
535706121
394280551
397690976
353890733
267737040
822225607
578041152
530555185
890824121
789585966
241801769
206827905
101484969
315175085
696705823
483501657
565914976
449465991
170562198
557366036
233070766
464339994
395643058
572930558
265861869
462981094
840614724
657793145
409352737
855755392
454680473
529159216
259706109
695848432
686055710
147367714
90375913
550522756
635937721
183170273
144012407
442429787
234723145
113749471
626147117
886900562
661365290
99373218
287672175
470190049
389676640
211438554
384275978
264989148
396735002
410293306
780499144
60805194
36549116
123071531
660450227
171470023
716274194
725328516
357678730
406968150
603258570
895921139
841464796
747636618
281794465
194762498
783502094
807132997
832463074
346835505
474070680
194463219
43056285
522364588
94220271
833292252
360724123
640247930
114236401
482276369
433719510
159943202
148172826
778384752
842908862
467127756
38806813
576216623
655219601
794484627
865266188
766311412
327662099
74916047
364016852
836008084
650564575
369208427
760977751
375041416
337761389
406162460
92222538
68009473
645038546
144217322
652777491
43066631
745079302
614249831
821151449
411609224
368052487
807055013
401097030
402899573
776136934
171200409
660636564
745750016
148864925
367077363
666708543
247962850
139643871
453193147
126787008
574590233
441326507
867379462
44599383
49910656
295803056
525025295
211434126
267372549
268364510
497170010
710099555
523275551
556185609
317590449
34262333
840533554
572398087
875787762
725183781
318681424
94484478
85476355
214619261
521335853
549090488
271328580
589544266
349646479
456414251
16382146
584291488
836904306
647333977
709794090
681435387
555681955
151747617
762660663
873987972
317890951
269306565
840750065
425916805
216352244
387835520
253748276
287244498
310073728
477454737
539473900
371307860
888669900
830512938
40950112
391480592
397811329
529875585
71231930
827753779
774530857
752792419
175896244
215306995
129170847
656400958
189078458
664559236
484298873
53965690
130080388
469305960
356543137
151324439
797662367
661839046
791755800
682622519
545348686
4817298
27098901
193102680
566820191
488108157
671635663
495519842
513917637
74477180
739964749
249395023
397113243
641318792
647931508
213177910
218571006
455910810
740949469
22176733
542945580
818272467
422240169
355079677
349865523
725324870
637688473
579227934
196305644
310680420
824593917
413370569
726078221
193056312
35308532
532727893
173655978
683612037
812906676
539975831
490795439
449389401
56144768
243274663
220291097
604206254
117854288
640737032
335282292
341273889
616300688
653542923
125621918
393410103
726897003
662508831
51707167
470957843
148870669
279944910
827341884
698257181
550687843
30699686
173793864
129009528
822985266
761717067
324000345
80863105
543188395
739441268
377238964
551641308
593230524
747541502
560529399
273355600
733373083
53370724
9288606
781092039
848706187
543918086
92507529
483289079
565953402
149636139
10188539
588195054
512582298
136436122
789440889
753379821
684649933
257766265
780842324
714319485
887355657
93994747
478400323
806811771
678556685
289685231
302892089
715735214
235656060
490582479
737704319
248584878
107599007
365664653
844763391
3526400
702126584
204739971
853559318
325375866
355453842
437189297
425942151
349840602
797372023
32397550
142057758
606858785
123865946
623006853
225781873
375773037
533434217
299473369
260045611
208417387
642659197
440166325
335359908
617978102
494244264
770970590
373544469
724229828
307941497
177733357
518113312
558900512
577235735
519896720
366651199
783841755
486080616
811450573
560336094
473763421
5862662
238499762
137661788
186972069
439945436
382757323
145028400
353015596
236531058
277712457
29212004
802092741
357264468
188743223
602049580
70608816
228154996
802154104
779810532
200826011
172601819
676848415
406820937
60389038
335160818
122315085
340979232
435115659
537064475
724523751
844045440
795990249
128335187
595683422
386992423
447611416
172772323
194083434
695941246
826280819
684606705
724672872
606392168
731378795
348323511
839892552
887905416
273434345
450072312
577452363
61391668
59816885
372123702
435937320
202673035
500680078
203429737
288919807
551684073
81408991
685181854
428217704
425303762
144004118
305359389
162499599
769697114
683507222
327124215
168841926
380416645
741559914
439984758
328041204
340288068
794820448
712774955
574368038
541977679
369177985
218916956
681161675
574913466
683508888
375161239
100154670
114969223
674814485
749306767
824196414
469391129
327964241
721700336
542623691
551321206
662669382
753405121
339667889
85907029
245481048
545924741
404374167
873737535
21651737
186353110
161750440
747529768
341259406
205884532
299338830
650311304
333856774
554874348
33908223
753287282
562429951
123054199
9356101
642568192
504638837
623073843
268633058
186133523
894407427
389645104
103410801
429679972
337370155
119018963
175106011
836930063
867505747
275015595
318404482
533829747
580624550
879896034
134921245
399883526
409847704
296494743
811360535
458327276
807219049
426810801
753087116
67659720
35978940
103927738
413817772
753760450
687240877
260154144
29389400
300614000
242911318
616453395
478054243
681807483
46272054
373597290
389495114
253332797
801153833
420150009
431474218
438752698
138243853
272372262
181154764
666906352
301206363
97406602
706280813
430375799
97658020
622256974
410779464
334534574
70008771
891525420
310921181
164818655
509531948
791908595
186877758
16697353
510811026
840587361
784707213
436139525
687618002
686150930
612158364
135442023
657780151
340461925
773461678
146348388
749718336
346921863
284128561
749169185
734371967
294838383
200961688
138394000
848629681
351274679
147086777
754952794
547382698
240655036
516656212
150208197
742489672
713927136
606553355
895711908
833757357
6664622
214396630
504092679
137652022
580713243
219665025
519077752
141685183
121641891
365253698
241182041
660474402
234568724
711068356
29658678
423991558
403856739
301447584
627040207
731092354
788008517
786753759
144146627
145493573
702897850
832871648
519152192
451055201
162763380
634857620
686873388
670225848
104352832
168036879
797487170
890230516
534144119
294918289
829643674
521872095
96898547
523817717
594171609
39049089
466376176
498838118
840246345
663651564
47281375
475242888
527916330
215052934
650972011
808578239
290976374
144963144
81664986
585580190
377076963
332674678
619649375
568733926
689776213
289575206
860679760
197162455
491684084
556434690
263154387
493938018
846457670
493482261
877300529
290812582
398346538
429032676
535912124
388350528
722432341
242052415
266629239
804363572
59815434
4162747
642995023
228459316
415448293
376847238
686787215
726053374
836732531
368280952
109208441
686025098
316088490
117068088
504647804
272346083
501364557
812307719
706029037
579386803
764506704
426731749
448052671
84326064
427968316
53217482
858855670
685348217
297528642
204711284
608578513
411427800
136315060
474265654
861745842
107115770
337759416
493068834
650525111
131903423
612537813
688422547
687022864
377399090
678332051
199944432
286443598
5919081
473291737
439945492
51105184
121842842
524027090
172920037
324933108
771784568
586567557
869795314
305976558
21891078
610455643
507503975
810258687
849313864
185857832
397013054
263487357
330263564
487974727
256802281
460416466
729579990
474397213
334121881
401284931
658910042
824982256
752879416
480366695
610088582
214587113
591638325
211264714
898617003
93682671
310500468
878014546
136565642
552558979
42828852
799175085
754503763
163094648
736315277
339005700
128279734
79141193
119597122
469151254
696369097
415871069
761424847
238470565
150548303
478562130
677171922
859540790
837784052
307346038
348749891
256561759
133992794
538874239
412617726
78150887
668874252
354706425
198079079
301577296
410869220
784135171
394415294
686625173
688542450
727201157
670568459
117817269
335641619
161300689
155791386
214965538
10713462
6332986
599755030
373423444
271740530
895892881
267071586
454919653
528167415
505005701
284457258
200955202
412927646
686867140
471507685
339264694
532758056
201016545
9350309
690021201
698284371
761543277
442673060
741518866
291646113
480882993
831998334
493641854
157815293
552140794
821397308
410681451
894190622
662135038
375490460
604150044
67257870
774303123
777798784
422949683
832493883
314299908
339258323
354624627
162400722
28462006
247429478
360796277
721170760
309256854
53419614
865852967
719835494
386488361
814210522
261792232
894823247
609558749
624775490
786264774
204728728
159437287
539617716
142698266
66467390
412995610
167611413
715098441
252774618
460647894
857792204
524549261
121311090
171201476
68061378
444247849
828507643
857098349
765906205
313844636
222884352
13300648
815281907
329184802
416019596
88223600
10671522
426806825
407287145
152794038
243273416
358334125
79746192
170171004
597850749
119215324
675294083
792010975
51454652
2417730
229208283
147807532
890525180
762304867
663805223
878749525
724027519
287618512
184611095
24844212
617314028
855778802
282006987
751686920
461668388
663611772
43559684
230023756
821839366
505694135
524408592
792837944
389818919
507000026
92039500
346456646
367111558
359732173
687802290
354709554
887270652
541166680
482847946
18961365
816522624
578462158
174117143
746572185
308724150
897002431
780170809
147235386
568710097
213779140
227350707
506688008
236504481
68685098
623765772
876737488
155256871
400364892
695316434
336189501
69799701
506141441
272257871
558908546
122217880
673235974
808685536
519598254
871896117
451873405
467311244
210744075
667132224
711911955
575238986
874370522
700894198
247085621
126285959
9037957
498908006
608445676
270109347
513637582
84995566
346444588
806908600
146050561
787882223
655261090
611540544
204295919
489957051
92716259
709544244
630364956
243051876
416569590
59794321
638485265
118320133
225110881
896364914
306034781
761623615
296800164
613990612
670492920
523917195
577723605
94590172
296409487
282291287
189027309
820860004
114460619
195718529
508866882
834551115
799716012
771255019
781779083
77151172
301746
283029462
169775385
284753143
415375536
601272475
198460782
218136354
83422895
613284963
736545898
157313915
243932447
204310477
652592295
465048655
307436068
50821040
659707786
524231647
698104518
800403048
527313188
223076854
204555339
370447819
451573788
434703016
737833348
839562213
582859550
105671627
317130143
603999891
433692490
136725564
1298540
240471256
54877467
135868084
895577312
330971492
441795374
414497552
59377516
732759636
171372729
515919848
513352087
237864308
460045376
347485065
18550690
55507576
70751203
760874997
727835227
870383035
773038842
867293860
548569394
552201320
353159721
173508497
421082795
766058865
803953681
421459747
138062690
77921305
527190537
686320601
700796445
84578574
25751563
314463062
455043800
733161767
829580574
633599560
58262861
45640678
409156655
183670786
743921175
551141754
363712908
169969657
320075716
149038506
647165758
397909819
697965566
654999161
655502551
676824565
736359666
711831404
808252171
496851256
764700556
581459141
349036393
370368193
165355222
74754670
44725559
149109941
391185208
574517021
493505868
307605874
153411701
611760343
90802072
52503221
84535649
755922793
670300537
10684942
384223578
800140617
418661484
177776324
424677013
231169827
551967525
674290790
29175210
547724118
658850077
834733428
530062462
435517120
754259875
773739994
32266237
782050087
21434215
473879283
179551850
452143245
375518440
246761067
56583587
239495264
104852163
302012788
141907323
124348218
38135936
720116291
553290963
715102117
408859246
44359120
720942165
215826128
335178599
421118846
352848377
498448035
54625505
731544715
813288675
569854049
140503574
214109387
408183606
591443210
308120510
804214726
585649429
362950058
405647233
601686702
878846279
500446032
583099677
471735645
457062591
86264701
355399994
65023763
547495768
495187055
751725151
353255766
573367399
593295936
371490157
794048890
154577890
794627450
642472542
580905157
796916932
591116175
340463729
761340573
507516122
561992052
882333736
46697070
877779461
890620031
888759965
614866485
306403533
495056632
788984290
850692575
484046359
395406632
447580703
343328111
875538350
345252546
700653122
819361288
692058634
206288565
541458902
818168625
626123393
232565357
364448304
390339693
813131851
733727696
278813319
86512041
382085881
27311959
612547720
324292570
842002815
745648418
889581467
143680800
132410937
193804356
379250605
612516647
873153977
90800085
471235174
21383402
701374967
416669811
83998960
546324775
390458372
155135150
88160771
615886576
363693382
277714133
161157463
462552754
575769433
806266267
711586618
244268867
697165653
37251703
74525863
196739823
84838626
793199284
842285485
441265775
270107552
42918688
724914788
267874806
425625902
468277030
31609629
156057719
335676256
874010515
810196933
222185925
132767704
107487206
789000089
432766592
776005559
409056698
395533684
885336141
283035814
601722977
560371794
631480453
590807292
534738586
580263897
240708141
594016604
92339430
278116043
734554755
810791624
61944626
298615064
304061487
735243822
376075509
679311529
449560743
174794431
398255241
401783357
678510298
129762232
892604019
402665195
267226263
560884961
668393058
385808687
487990132
210920643
888390693
173947060
582479471
284758034
736656542
225765698
30099990
140950836
221301743
93516755
617996546
851117216
238805133
782171636
40224934
360308727
215262154
658165331
886634374
445567003
757397110
452055667
572728112
223574497
835754238
224704589
186983409
774212613
67272375
863016511
370560644
734669524
145959707
14241462
430299270
724591914
704272412
505919774
452172401
826496550
497484549
690009347
863643031
65110521
835009284
867035649
171844762
603710921
400514084
600011538
127424567
363887838
25795830
26753159
851908023
428353651
117501768
281792678
899850690
440662523
513589842
163991355
608307108
104141850
183670188
214919567
267888921
476972648
875731355
11937918
846584328
636599790
446363912
714660091
811584697
779097808
19085785
399151722
243748879
849855704
470189293
730479465
420343225
101465689
271894244
422544290
562493425
515271695
576050388
323530068
475790300
84827469
346381387
198587314
599269777
870177762
434333674
423347552
723467167
665449192
704118830
603092392
155939156
56773521
662961842
289439696
132149514
553643642
527429016
470619903
841443114
221561151
426158802
51772656
620729981
212865517
685971186
436395966
874027451
704710023
468579817
783891626
806106430
792973303
625303866
310031918
235666180
749126295
547146619
359714180
755662171
671504225
269769681
499692340
376790165
282926085
508316815
633464961
253534250
860762152
215194141
332057036
592865521
227274241
821298584
240603947
791974616
394178632
218189246
147391372
717025244
850575269
398302201
564587386
8921341
816219128
799672019
875556731
739663934
264772542
330557089
416741288
628642698
65498549
872455537
709907922
554436143
492948431
686798390
823929035
665639835
755327351
788936272
180918378
369504045
297926250
814531224
798700686
386706212
783559943
106086194
789243860
427679327
548963004
528461518
411068114
565927498
744731948
374527109
849927774
292734492
596610458
480015292
717863707
749918922
880377598
426647040
22308664
727211392
767601871
593442343
544411706
213707703
860766602
666813843
14350683
203554518
419558903
356863185
635340967
780772907
118055839
632332988
563113618
561612740
668799250
531832037
786965698
407727689
443919520
878344863
213660489
825351835
416727123
176362984
609780344
78609527
701858739
202765798
365468925
221233790
274007435
609010877
788313048
657913694
126735495
622308011
310117596
378738262
774560250
343553508
766831855
827528859
394437849
427290873
384448508
626055066
342791435
489674540
568860935
867061428
373269115
254311411
376089993
168842794
714771361
408387742
24044662
736697270
640132167
135340674
84044375
207133798
501665777
465555287
632466703
517601074
163097197
833979882
448529931
151211283
114760898
521043378
632149266
661320542
881968234
139271663
689642490
92811349
41560002
507143190
232554032
314588416
724617038
818737187
196008811
898286419
300656106
339664687
335811357
784539315
765755467
112337836
769563362
29202814
48450943
382744916
282527291
831085432
795931252
641515395
197514581
479757829
169543361
285650318
692552086
346685773
204824862
188221992
721366148
214492259
585798206
687631158
404225591
795010611
47395743
266849141
186723593
391721476
336988650
313889201
809436367
64682225
250646864
862589471
67242271
193487287
673488012
365068594
811995146
157630326
568214253
548304610
434144211
528216938
86875658
512065435
348614901
784595332
591550692
616678555
585869583
538956911
733349211
784415155
812476288
14456741
460732945
133309373
178265920
419400443
841200281
773838572
710001265
169175431
466615643
505558168
455105777
415341405
93843032
384611185
486600626
570641080
33571577
822103885
843994394
756966954
29818404
851722508
698938060
565605233
23403557
869787030
735851828
708068333
125088156
858368848
314472899
612020893
699279154
658697408
324103371
626053044
869796598
47867656
728811378
713616818
883539542
388895003
455133019
342045899
180020227
206472365
115454510
716686011
153727094
12742277
103181943
624834019
894560220
412315407
823730721
901682142
634842048
878810655
792002370
300364929
437322359
310616388
721207106
595756689
48594759
52086706
570268333
147644944
161284989
122186558
363848325
680622057
292666325
878155277
497260803
332276308
297846828
217005123
56101874
174153443
508813307
626409447
59219552
453775909
538629374
106315916
153268462
188225542
272903326
404316154
895189846
399934854
839103800
544722958
159967018
734281849
12253391
249622781
91027523
233491604
738596699
614804387
209815741
328971093
485795699
626113895
713287294
720697168
499131579
71933152
818984357
454309208
76032057
392698527
409547771
330852763
5001882
308421843
80803808
359074545
487327988
293681714
436034045
120849812
119495716
427482571
777687813
204320414
705805764
361006037
348363114
85360091
341733144
490554692
252019228
583276379
458457732
716008265
46926985
743587538
832797965
375249297
400501909
429115967
605129563
455672961
204488372
134288711
158970176
310893675
163590710
302782060
680416489
692563388
186346811
641569874
795884607
240103864
845256981
766335322
598748486
296332273
463351134
335296862
373469009
18672620
687393801
733892458
183167495
605784553
409604637
876090439
269521848
582425888
715918035
646125812
56488068
218672027
623311282
136963908
35369152
435927300
731398496
149789749
337128615
45835187
745566660
821398630
26735877
127663428
213770592
827954035
649960499
888812245
624188040
763512633
192304362
188679126
400431873
864140956
648294440
436943810
726813944
94377375
818863633
381762914
91644887
773888575
285904808
311052084
563225099
237093214
53589215
258126962
164774503
125657177
687266541
296394227
821811033
404096361
190432994
220794190
370050923
435022068
285236355
311868626
734207877
222381417
561252007
542816704
569612426
835286204
745912258
762679532
788296248
126312711
395359079
841010650
215448913
271184951
578732960
803031986
489493877
87864109
218135482
687531081
658380175
705025562
152767378
825634881
230749128
361315894
5903455
502383378
272829011
894034751
71040275
497270708
676667799
633934777
126467914
358303814
87138674
786299599
881643395
506288874
448901225
783056682
395570929
344253729
76204506
745926513
874749042
341675674
820686673
346386231
110306722
798215252
111041578
335962554
17049319
156244861
107939409
165822144
814837098
706762586
234854342
656268720
820270446
831984504
675247539
471394088
76962924
646242224
194371115
251208401
462960422
115476886
748612780
547435635
323001756
847067910
292913457
754917005
667565190
750878005
53251850
413305994
9477216
13387164
118053682
515548168
683179514
894914566
249399966
437517002
