-1
287
-1
414
413645168
261
219
-1
93
-1
-1
177367123
0
470009320
20579102
-1
-1
157
-1
690
-1
802
-1
-1
488987217
-1
296
-1
619
25
391233052
-1
362
166
491
-1
659325243
-1
-1
14
48752164
-1
-1
-1
688241078
-1
-1
545838700
169551949
52523509
387277404
16
184
27
-1
722345190
211142370
92
588
398011398
-1
-1
5
-1
-1
305733793
22731150
-1
686833057
501
312
520205895
661863308
321
532990299
-1
425693903
540087018
-1
-1
341944606
172369399
-1
92
-1
-1
391146145
-1
-1
-1
256118638
199502036
-1
400935546
-1
40863225
600
-1
20
482772059
108388410
2
395
760
-1
703636539
378148471
120
-1
-1
350865607
-1
-1
5226829
329104403
445127507
59551035
417790110
-1
692
65
403479508
-1
-1
460643477
-1
-1
-1
-1
60
207814737
-1
36
11
134
-1
671013872
225580957
-1
-1
637209389
128930676
252752358
-1
209
84520270
-1
180
351
-1
-1
653077224
429888147
486
-1
-1
469
24473223
220862180
-1
605331091
420
-1
235
-1
45
3200206
64
423
-1
-1
-1
-1
372
-1
123
-1
303030817
-1
561228910
350
2
-1
-1
717205183
281
170016371
5787532
-1
299529892
-1
-1
-1
125309709
3
647224364
1
130
-1
-1
571464799
-1
115
-1
27
11
363551576
606715130
-1
32
518
-1
-1
-1
-1
164
180623653
345699702
437
318836643
-1
-1
-1
321097388
-1
79
-1
139
86
202646469
547255289
-1
734
555
-1
-1
602532575
-1
-1
-1
732691760
-1
106472179
4
462068008
135
343438408
499702568
-1
5
-1
-1
-1
-1
0
300147656
16
20
108
-1
-1
391880450
463
-1
-1
-1
286465877
-1
440001712
470414456
-1
248
-1
-1
8871823
46375004
479221729
-1
160
558
246
118
655
607282264
-1
286
-1
209
159100910
-1
-1
-1
76
-1
381
404079197
125186330
-1
-1
268940147
-1
-1
207
49
67618912
-1
62
535982964
-1
1
9
-1
1
-1
374637554
2453782
39304112
68352979
197085363
-1
-1
29
78144618
-1
-1
127239555
90
-1
15
435
317962626
234114044
-1
240
85
136
-1
367504603
-1
255400989
-1
134
-1
116
-1
378322969
-1
238841356
-1
147276381
263
-1
12522466
-1
168
-1
670398881
578371503
541507010
-1
-1
218657167
112980326
-1
284777711
-1
347
337156573
56
344
23529892
-1
-1
-1
-1
-1
683908882
-1
3
-1
-1
25
608385276
-1
-1
-1
-1
287
142
400846256
-1
-1
-1
149
565634052
588387438
560793567
465
161
292962102
-1
456
550627418
117348209
-1
266538232
-1
580047304
202
222948284
552908885
-1
-1
-1
448
-1
640044755
318196179
675419825
368267855
-1
-1
37
492511429
187907319
-1
-1
0
-1
69406908
110
190429353
-1
258309769
29
549098589
-1
235
379
665
303125219
-1
474577812
-1
532520756
421516425
-1
42975850
19025490
41
-1
133391092
-1
-1
82517572
-1
-1
643950080
-1
-1
159
-1
-1
-1
414362676
235548962
-1
54
611538197
-1
420589320
0
-1
2
36737894
-1
-1
341133964
-1
-1
268
468424310
-1
-1
481307908
-1
-1
-1
179
536894785
-1
592286706
-1
370840338
-1
277
-1
82076819
23
725687968
-1
330
136
-1
142335096
-1
798
33
629
-1
-1
-1
160286524
22
-1
200
66
-1
-1
605011345
215175500
42
282143943
-1
-1
677483800
487325402
-1
189
55
-1
36725567
223538687
-1
-1
-1
-1
382458865
-1
-1
-1
-1
653
399
300740095
122995941
390452860
-1
443
40
-1
150
145119011
232
-1
-1
473771411
599218568
314
-1
419026655
69
1
-1
-1
-1
-1
184017176
750
455311947
-1
-1
-1
233760732
-1
207261746
-1
44
-1
284
777
552287137
460437013
38426430
701807704
1
-1
-1
-1
-1
115167037
371220811
-1
471466319
401
220
168099269
-1
-1
202784325
430425031
-1
-1
-1
506
-1
323745235
179377800
145
335
-1
0
161
-1
538219425
-1
586897094
22
-1
-1
141
679674988
367
277
2
-1
84908227
-1
-1
506913873
-1
422
369320892
383
107
30
-1
-1
369529018
-1
-1
95807929
406
73
14
-1
338373650
76
-1
-1
-1
-1
-1
-1
-1
569
640
-1
515
709412
104769574
-1
117
-1
383950749
-1
-1
-1
52
-1
327
263813851
3
642493563
-1
556088499
-1
-1
-1
64
-1
1
336
11
330059912
-1
441
-1
395289571
460
242
-1
-1
-1
530
204
1
-1
722582289
-1
202
-1
-1
477
5
641664925
717749830
-1
436723924
286
659711260
337064151
26
38
-1
809
-1
162
98899313
227422251
709519632
-1
-1
485305570
177977299
35
-1
420
11
-1
-1
774
689
-1
251587895
226
-1
20
671881479
77
-1
48
109508865
635
476581674
430834465
-1
188
25
35
25
407848280
3
168
-1
-1
580523200
-1
156
245
-1
-1
-1
60
-1
-1
85
-1
-1
119
632
147
316
422678483
213516105
516036189
82006782
243213378
74
266
-1
432
2
-1
196
631834173
689408226
401666819
-1
277
-1
164534164
234938785
49
341
710885042
876
-1
108
-1
581880892
21
-1
58562024
-1
522136473
122828118
-1
-1
-1
560
23
629338213
