191251907
938002945
710660493
794782626
377952537
767374982
-1
674293860
410375257
314933896
800199011
327362045
929144637
-1
208740012
-1
328400151
453883049
827765435
722074218
256841080
-1
-1
198118485
899973209
397047747
264710910
-1
679304149
729324042
718008973
29303465
599779995
540431459
199482230
187400046
942852729
395127445
421137037
955485942
-1
782603594
-1
329490785
-1
26757273
754118490
-1
858455659
109026804
-1
916114511
859734096
683760125
495476594
220811655
159229811
-1
495289049
459615029
634900788
272541336
425433702
645114299
-1
709052997
221838808
887556771
597824567
775816000
370989742
516802990
87363815
-1
646770585
3093745
867076155
-1
522852266
57547909
439732
-1
412383321
-1
903871863
534240729
752785695
-1
144252160
-1
929213756
552585417
198736485
-1
110869965
30317607
-1
140562445
259087123
626781773
-1
334929622
-1
947202556
92342603
-1
919879654
442853737
-1
162678033
-1
539471558
573947588
858500694
524515788
284830248
-1
232228312
276749580
165246013
889436974
-1
933431435
102696009
747003651
247043809
589769744
905116068
-1
-1
-1
-1
-1
241740
-1
-1
501663572
459759184
800215905
641243243
397057730
755774534
925968776
-1
-1
423925359
706581588
388466915
525636547
-1
193470790
646196070
-1
532089521
-1
431806464
-1
286899084
-1
-1
1324016
29289929
360949752
538281140
459126612
767624844
342594796
546692644
388223064
742216142
-1
623034949
-1
64166818
-1
922193366
899245220
327273341
-1
286266372
-1
554248951
-1
-1
290427967
474653736
193310594
-1
927292008
-1
-1
-1
484707192
163776365
643773398
186749764
-1
-1
632334517
-1
-1
-1
-1
-1
-1
99761595
174139678
474322940
552262247
438941553
-1
607078855
-1
705986389
-1
268652244
888329713
262728933
418320879
767786740
289987947
-1
462892091
677545591
304800173
276074681
-1
565064888
657544127
473972895
491060152
158231684
324440167
426968159
152266143
711335912
-1
257400060
534777239
339243303
-1
307480494
595777167
202875834
831512767
720427095
69836904
831651521
-1
-1
-1
-1
-1
863741257
-1
-1
104330705
-1
619026163
815675952
611334649
-1
76400024
543038984
-1
158522776
-1
263103710
-1
443405520
480070048
202329016
4119902
-1
812956040
559059947
692715458
204623781
-1
-1
435767936
727536760
812765519
443208284
951489986
345761443
689371366
-1
956347215
520553167
12935030
-1
498907456
535398179
77282958
766909243
31148890
-1
281611433
80930273
516724484
394287573
143535965
-1
-1
341081017
808436336
527474280
527858917
690280635
721913189
851125680
42929707
-1
-1
310608665
459097770
-1
530353789
-1
-1
-1
616779122
78758402
3743411
635566073
206382073
499953217
-1
351996164
759645412
750513211
413509906
830586603
425120918
74454329
826959492
797806826
841103635
-1
264404823
634825229
-1
679874632
-1
339481924
89176
42401060
-1
143619877
254254704
873612475
40248719
-1
818102544
-1
949173275
-1
307827432
-1
-1
207305944
323652759
553315135
536160278
637075812
567097798
31183479
618799685
426973200
224792801
790237292
711057602
-1
-1
839090040
728605842
524808509
869863058
913618249
930642130
680671231
741276379
6944695
338078497
745185987
330616998
487092074
202162755
49953583
484699465
472606811
-1
-1
731789929
9297089
907547101
478088674
836114067
342902812
97954858
-1
260561951
401719962
-1
-1
18190640
459678461
-1
8815770
-1
259750261
-1
801496198
37354713
210644119
137299588
303109855
-1
240033121
233797366
-1
-1
-1
188142228
400299713
-1
322938302
204414713
921480570
-1
417562564
818863661
-1
119483116
935257877
599399110
94498311
-1
57729825
799781009
590091022
-1
508262128
623193605
517037461
833417423
797529508
297159571
49384233
850074113
373673586
-1
751307486
557197575
199167483
878469195
420830686
-1
-1
129216238
-1
272589136
252871396
654992714
-1
170274504
916145492
646894279
672095398
517281002
399152489
245333450
876722727
-1
-1
538980072
21701908
297783171
939740899
69259031
242058398
239108753
173795294
678843875
18988657
93795761
-1
21663741
144108733
247846985
911750354
906177266
-1
282415051
609757994
273661341
912652686
920545680
921593640
14095801
377946218
824470549
780591801
673895537
-1
-1
-1
890190007
329473654
693057274
-1
-1
693193353
-1
493089652
666022560
-1
554016323
628648386
-1
-1
731492613
-1
390132305
352299537
535120803
257270400
96559222
395776111
-1
453785302
888732734
-1
375272245
176058738
512043819
-1
307934865
230720147
364906096
715852001
726671313
543367704
827128840
404491642
-1
-1
-1
-1
911640108
-1
-1
822647505
506194502
527651428
41126404
29412613
329150939
30113069
93609923
341172608
833226747
816534747
773214688
528825668
-1
85519159
865392335
654213918
-1
109497199
894796178
526144972
23597017
386636769
583499804
883901507
575090244
792488284
-1
24500959
210370034
465447678
81469457
292255337
561077598
-1
4777428
477885124
293677723
133375017
80102124
832166919
492973709
754736349
370169482
709224065
94056040
37278480
479905713
75507585
611079054
-1
896520042
656006691
-1
477030903
-1
506568113
57645340
796359191
212047005
-1
323202888
937546696
214789280
366254696
773208179
114551395
129280656
123404835
342927840
207673865
367068590
462303973
601195112
744847951
-1
474367970
426245092
-1
695667898
-1
201203838
352050747
87320693
584814213
676513064
636054780
543398309
297930427
155540460
895276471
322909619
40601228
331231685
841700123
723896078
-1
186543323
622508374
917598972
938463289
18214436
600176972
317980143
175036237
369827258
-1
329346379
-1
870706636
795981131
353174407
540917897
162219912
118769473
43219702
930237193
757898492
378684214
-1
946603394
794612821
640047057
-1
680653341
-1
-1
92072439
-1
-1
582773379
-1
665259986
28665666
770618580
821190073
722719068
-1
147353197
704775776
908750463
-1
433757593
745306583
220220825
637809122
292920487
624291367
920894910
915195410
932550934
638503547
149892453
754325771
443412381
-1
633707072
515030284
499213948
605439675
696250027
-1
-1
699773465
111560714
498496610
681215153
835307310
459057920
-1
797525977
871575745
924653739
-1
903608308
118322726
329259201
671621141
-1
642513782
731129385
-1
948985419
-1
546207717
-1
-1
149682178
730692411
-1
540404772
338492054
153197011
168147651
189855854
571772983
410303198
255431876
488817372
764899560
668926638
296607818
799939182
-1
499448500
229704435
115559962
350489046
251967577
-1
120117051
-1
285183879
398990312
-1
515986072
-1
460821435
502459734
624004663
-1
70843417
295745820
-1
736354495
375070713
52502015
56299396
827835559
-1
94376387
736364509
-1
787374045
301111900
590041862
701769936
731263034
260509063
314186641
-1
-1
27114784
-1
290752892
925683480
238854877
413797156
104552357
620062117
16064862
-1
821637035
671166973
158081245
795817496
294367534
571453522
764709483
741365757
-1
141959146
490302131
57172214
473658644
541506836
675154656
671450434
191732532
538200305
160844446
923356846
848750084
920641625
-1
882775262
682047415
571476952
796286670
478547695
837585307
851986861
577446531
607238370
263985651
886333706
183995247
546253206
697921302
370219591
-1
667020691
908378975
-1
-1
557171022
811419397
220456362
749207811
153790626
577534847
24486263
366382655
41138019
800826547
95667197
-1
725648664
298359576
268998149
75593171
73834345
814881564
-1
820866294
24746703
-1
714506943
425348106
160928104
194686281
332152956
191151656
-1
610852593
-1
834419861
387622560
192143839
-1
946234490
-1
678585073
512366178
158687772
665274115
79180466
-1
566406259
693504210
188621366
347756431
739976267
-1
-1
-1
514053193
-1
498158410
730314138
-1
585490430
242262757
-1
-1
162445323
566080633
-1
657049993
524992033
216512880
753537440
613116157
281969974
156475782
364431900
61060512
505149238
426449928
806093553
378338690
255876491
87213996
99151419
-1
832024242
840807769
650594840
593596382
275400898
251066579
734636715
-1
849104054
4678162
-1
405132329
-1
910758615
-1
-1
355744677
859318214
461696533
412235740
632181240
656247397
561046068
171356476
-1
523784906
867014367
-1
661480599
69005498
278988729
760112095
702683526
470232197
-1
52954501
404075337
-1
746310833
626260256
-1
-1
236525909
398010492
-1
-1
-1
661385315
-1
553924828
99761831
594409597
149177344
-1
191010868
276633792
777327896
386457834
296062669
531616388
364133326
-1
-1
120963244
834925921
669644508
343038944
280160582
576108438
366391902
596488012
77754978
-1
-1
-1
334796562
929409115
-1
-1
180321778
451480119
950696915
79089255
527732976
450795529
-1
599774924
76510510
518806079
899007967
220215133
415341667
901642102
-1
661482580
-1
-1
390107484
450012442
-1
549607238
323861418
662531062
704235074
448385047
-1
-1
929654398
-1
-1
703438570
48305581
-1
198762537
467549525
768134079
82727046
-1
855534456
543591971
786042032
-1
-1
916960177
-1
281443536
123303304
741772295
431373504
-1
783123643
846732319
-1
480439020
902132656
-1
313654899
-1
-1
-1
299616316
759849743
156262162
-1
626186782
405494777
177512380
-1
593741898
788132478
870201585
882811680
950210877
181871267
602786639
241596401
-1
51503386
534045956
733681259
-1
639447941
92525885
27126192
-1
553123823
-1
-1
869603917
485048167
167485269
-1
253491693
-1
-1
378098775
365249919
385929362
444472959
927944772
915182085
284104922
279246025
773565869
654845528
558867474
-1
324016883
683657699
225625588
106839706
549748331
425598601
202697361
-1
86313452
277792742
-1
494766048
-1
-1
908034762
-1
-1
-1
649688723
951714337
-1
365195299
-1
570735598
143100971
120939330
652320687
456281434
713113004
698587034
643779971
60090723
273789374
-1
365659145
-1
159368727
657844108
-1
-1
552244629
887659757
904677369
691663906
-1
883558130
7316424
61148763
415831536
-1
128723709
439110715
-1
74170626
397627194
738374662
272743760
124319429
832949968
937771635
609728236
715399649
229744585
617302294
318549700
271350267
-1
319455481
-1
80659497
761824764
722517115
546312221
-1
720610618
20450764
707438723
-1
220231382
280933701
81672005
-1
307186933
177957953
67212927
-1
826704623
144020319
650546951
480618668
744821928
-1
45740221
-1
939167785
-1
318975222
409322272
78004573
308035571
540769058
128527429
-1
178819997
467495688
271704465
883521936
574200424
672513426
778234032
-1
862352888
-1
519615034
-1
256361085
293278131
636656276
164937992
271777869
762609996
379442645
944641506
562647000
837144019
-1
143565980
-1
390972089
854608971
578947328
430177744
649837732
-1
220036668
-1
817724845
193563087
441490945
921976678
-1
-1
664496555
321656179
180233857
239600624
375978733
238982882
828647116
304736714
-1
611681885
791826086
877493039
-1
594600572
285651555
816637276
680867116
156212044
490523374
271241848
843737235
524630069
-1
524774383
-1
857124120
77356399
842092595
669258811
-1
-1
691525749
89902266
466046073
238526306
-1
329829986
194968436
421740951
-1
537296520
-1
44637292
137037750
284283767
28623951
-1
-1
645840195
153630622
-1
499690888
479592267
812473320
-1
622187862
239899695
761753102
869334726
729871259
428830091
-1
466996534
149746170
603957374
-1
613777928
645437328
329946228
53252649
727429364
391310249
617680923
-1
232818155
670948262
922808372
513768238
225210800
14104528
710475597
391028932
116084176
901746060
804507276
631261057
717489276
-1
576823251
-1
812438182
54338686
621922560
-1
491919966
-1
400249100
796356336
636874656
563800303
-1
933308222
916736976
775131949
350408719
449245685
765424839
301932284
937191972
702256337
12202786
752135008
-1
897853580
257641709
852755276
594304110
203945473
591495180
749659593
-1
879454676
-1
617520783
-1
192250308
-1
130328667
900578424
-1
164398195
780591953
245229211
937458051
226030758
-1
-1
207275667
14603350
472486976
34210116
-1
913713497
26559223
406474785
930405336
300997118
639275527
-1
421898143
306330902
443470356
471207980
-1
-1
617737798
29164132
488735734
309471318
898383945
530710410
540489220
357298851
436697952
-1
592530077
492877902
840052545
291534409
-1
335204227
35362568
-1
-1
357858102
271787783
306191616
41040193
-1
-1
-1
818687590
-1
400306271
-1
347469010
518714711
-1
806484031
932840863
-1
389351042
939741686
766574859
458120530
212727509
75145166
125919585
138676389
191673417
870580738
675431867
-1
777619255
-1
-1
-1
868129450
-1
509527799
471053542
693277037
276727920
891469458
-1
-1
-1
373437718
680618796
10758075
105321171
608663691
40487625
919457546
-1
257084867
577139840
186673189
-1
567381397
455860078
-1
52569606
-1
155276464
791097891
-1
500575407
851636088
359058348
184276762
626762103
321721870
413783304
839822098
242210543
888578239
939588067
-1
897744696
551701650
610106536
308181300
237946891
-1
462880198
853419032
-1
-1
787273271
431116016
936096168
428577594
37232064
665073150
-1
568560530
329887124
228789132
923712193
839911401
75323993
776527855
-1
-1
-1
484435504
107963584
-1
657521601
557968002
-1
557963999
56457134
913453863
39536999
644248583
574371890
-1
712623520
-1
520494361
240917654
-1
-1
-1
458423996
-1
198061066
-1
265677685
452294459
895442319
849396402
296714599
904329039
425518748
307520565
894676997
388976512
-1
475118142
271240437
931279819
648980848
282177397
134468542
255828280
-1
-1
249616364
829581101
242420469
557542826
58956504
376616956
-1
-1
359225599
73188936
-1
-1
199843843
915625778
261696233
332520923
313540015
-1
557368191
594277121
592307444
792499619
-1
435157362
4198399
12141587
476788722
-1
-1
-1
939973851
712157438
325721088
834347804
-1
112151724
-1
611429572
186247994
865279263
540139227
293797042
180680989
673061290
812055683
692666307
780228261
-1
432357286
510360807
55118725
-1
161519851
666788272
-1
-1
255382974
55961577
822400745
-1
279634797
795436159
-1
-1
-1
-1
759281793
192249498
24656433
190995106
378391697
120424091
702031757
366130181
357834405
461192317
552248705
102953154
342107170
618855890
589777216
-1
697840477
399438894
789474716
-1
535998871
172323245
481752809
323582734
-1
468702291
697573736
807291540
-1
922191030
301476349
519700287
-1
761734693
267136481
-1
455897385
297546631
483767341
254674348
196898
428823520
156692251
580064288
340096701
-1
816937882
-1
-1
-1
503185223
888462483
71958599
860867952
647950607
-1
-1
102786310
224118565
-1
706357034
290414833
15006108
573587310
342748808
216358399
142917162
440613785
785562911
630646706
513886473
-1
358889350
831545937
461568426
375246665
669069953
205490374
573436078
-1
-1
-1
712078025
126107618
699583078
-1
421833717
764853577
640511725
-1
647059150
510852672
-1
155889558
193269607
813122118
648673022
592587763
-1
628132912
559831157
156750151
791971527
-1
733923503
371443765
545751524
-1
-1
516807148
329371944
99018713
-1
285304844
761856529
40064147
50179226
671177316
859008298
547937613
917382483
243049028
-1
-1
918616969
-1
-1
259693982
844452357
265720773
203305237
650579439
439476683
462730941
402878437
416754555
846895670
612360738
498966596
786091214
792407027
583720799
488358426
131286109
901835525
839136165
-1
271670803
113987218
-1
935188721
509581610
299993823
-1
934625327
6511665
17542309
-1
726141080
875803024
543397876
530457511
415049323
625020134
191499152
698404241
16741331
663853718
661555804
722350498
276490149
249415888
790076777
482040489
394514855
331875257
244770809
336697376
-1
416338975
51832409
-1
375755583
917815796
174498595
933028649
563621886
921348066
883478979
-1
-1
-1
883475001
124568398
225496034
521928694
261883764
218505321
-1
-1
354714975
895167348
-1
71607130
655357923
571269694
656010366
-1
-1
-1
512184750
812438933
131194661
-1
836392597
98786546
771154751
123621139
-1
-1
887582969
569222788
181540945
-1
3318093
627447233
799476878
-1
-1
644185332
318938333
777539743
931567122
-1
570910491
252086536
-1
917662617
549452368
-1
563066441
-1
-1
-1
-1
-1
373107141
-1
584969684
915030977
518433513
686006027
19197796
864241660
364924788
692844925
889686627
470150990
238615507
213170385
931907586
686922844
910110692
28848235
742182310
838639188
331465976
696900172
406229763
897094859
547189843
539457439
-1
773217243
532951273
761700077
-1
484770016
230161219
910773929
-1
73265774
246320074
-1
191041586
-1
668660965
-1
703712197
849316783
-1
444883357
-1
-1
432721583
223181508
-1
-1
726261208
399391567
100883035
708838214
105728939
-1
867331081
697076729
726396488
890385380
257956121
858273490
691824867
76555313
319416933
16251549
-1
808795726
305820929
665095475
374156816
871435634
189837412
371266187
21677746
736216702
773399050
744999619
684605095
-1
654995560
123040571
826420138
494109700
246068679
154588354
310258341
208069107
76498904
435977110
634763123
-1
549033464
277958814
8716376
-1
565812560
472227068
177087919
454791447
644573759
538073428
246874952
-1
199456454
696192722
925514378
-1
509263940
831263966
240321017
-1
311842351
740995833
507436400
455974844
-1
192083105
922107538
-1
259680778
547931060
932611201
911365950
507591035
474641739
270041618
103382775
-1
-1
702665752
763708980
513313076
470604482
712918541
125199554
-1
699130994
-1
29992195
365539492
57425374
-1
-1
-1
147936516
15003472
-1
878820930
918554141
107304494
43803156
720371061
158155029
603951051
-1
-1
205551311
465811594
18498655
793973645
821613613
240402344
365751205
41049378
884788243
456154175
379322736
186574257
213080076
849204214
673940756
423669453
267006733
328359608
102138554
-1
486966850
-1
-1
211071185
617750068
453477837
79260422
745498794
-1
787846102
917964235
624162443
-1
48749157
526669523
467746619
-1
-1
480525470
744941317
572999881
90006543
-1
211225137
343059828
406420383
792651231
674474147
373042891
237830990
424909716
-1
201844075
-1
379833401
-1
953490039
174717968
446241829
-1
937798659
670387764
217183201
655243967
395217136
-1
87365301
941862925
-1
490103269
-1
15814207
-1
605608500
812878637
-1
237034590
162470311
658419169
466058176
361944206
529699858
475142497
97034046
186992673
28325674
264002698
-1
326219081
732588834
152669016
-1
330650395
910683386
67519143
294728774
895599955
52038223
-1
401028513
213041351
202001739
797802642
49398545
295751025
-1
500821921
-1
259934388
367373301
-1
507887040
713963712
610540593
788316198
955450422
781481804
252946116
807658041
545905560
746888916
773811993
13045821
854785119
769030986
294945665
-1
800433393
304796383
46595216
24984694
326699239
-1
652257450
442019833
737983631
-1
167800594
608998645
-1
648649093
317966440
744224969
712502424
409206322
696441930
653149124
-1
475328730
-1
37913225
7694210
-1
-1
806307685
-1
-1
724102072
-1
-1
901016373
-1
764282490
121851340
248369300
500812282
795730506
904914193
-1
911109006
5232411
860761303
14266370
906817650
858331612
120523982
563344385
-1
382460238
871436261
431380103
400363818
73666075
495862822
-1
583530761
404352587
178300891
-1
919822736
-1
618787895
291460350
911937591
313637601
91314500
-1
509261202
-1
-1
523780363
478112670
735572761
-1
-1
414356376
-1
222489917
443079870
867522650
-1
585865048
-1
-1
880425033
-1
513713917
458193623
41154618
-1
366702220
-1
163203493
272076523
230367356
706707222
-1
208617319
510433609
-1
489395294
-1
78152847
32139235
806016541
292213100
-1
693673861
776638850
545030990
804402364
-1
-1
709408851
-1
344649794
926346950
240991718
683243554
316242394
887065579
-1
-1
490326888
115466270
-1
-1
-1
440042833
355705829
-1
529490069
664260764
868707739
-1
-1
252807936
59214347
162317677
92213775
189044185
-1
-1
600377205
28877142
-1
132223311
691131940
-1
661151465
336165636
368834891
-1
941086264
742974840
146226275
875170394
378922393
206544423
-1
4271899
482547485
-1
257918541
47403524
607144735
39536574
777085706
739456748
382386047
617065751
-1
-1
-1
-1
800054877
185504236
-1
-1
725951157
512943395
248386790
22198218
-1
456664228
146729566
-1
275342288
815033845
-1
514150633
42723148
-1
725397764
527756156
510199889
-1
244660920
-1
56463365
246472718
370067051
741552271
-1
636815499
291605552
112582615
149055172
880092157
84425047
865515394
507804440
415537785
-1
-1
-1
511803232
480481233
-1
827952697
-1
172929781
-1
825030113
-1
628230199
681774012
-1
942086667
-1
729983941
190601632
98041403
-1
478411817
643124285
859062313
884138906
890364080
481084918
-1
121667327
856336383
771002183
123063417
885557674
806493702
535576971
406644130
4238379
534852975
566193847
918787681
704810338
-1
343706592
956840206
214407768
940945556
702914820
462673733
-1
400395276
502699455
604834725
743159929
-1
547720856
247394012
905554444
326312553
-1
266982235
479965993
948629233
-1
7630376
640290897
342524744
-1
742044467
704948640
803822142
322043102
269980047
54693648
197315329
454064315
300808398
-1
-1
941086869
-1
255468580
-1
-1
38318651
909307623
853788841
12270834
96017782
-1
854106879
897561053
664376459
171828732
674629892
17356091
102080288
105953689
29644017
244952220
-1
-1
229178991
680841958
88506373
234736885
613595218
584673010
728756555
-1
229798633
-1
23563925
30981514
211301572
807824563
298720766
189184247
-1
803199469
8799813
499609651
461939441
-1
-1
-1
725481608
652244770
313603565
473725787
165094423
282105694
296172965
444801160
307064538
49519954
-1
-1
490323568
145338714
344614886
778735331
-1
622745101
804393155
556574367
409196019
617921608
645199465
116731215
791188349
336649747
500555782
-1
567192961
-1
178379636
322189525
-1
816607843
472736066
379402314
143770400
648964532
820444749
-1
281843124
10746038
-1
-1
890248726
-1
-1
439974420
119625484
-1
775484139
448467138
633613956
-1
225284437
610381158
-1
72486065
-1
-1
-1
80839523
-1
-1
744510290
784881459
186993838
197587459
126433798
-1
856262675
3764420
652063251
206751890
-1
842882077
500948710
590911171
274494292
46263816
575605181
-1
-1
833081257
-1
-1
530470017
233199055
661718854
877956413
212683647
854951369
660307714
515435319
143597363
50828034
597294057
177733049
264390567
-1
540632276
951617874
96522629
521983368
925044571
399163033
467344135
551179587
952553416
307298370
-1
856101696
137800361
54645176
-1
588314068
-1
686278975
251920334
468983377
-1
603449979
194926375
952701910
449640183
363533246
779137440
-1
903672263
114912968
766285244
-1
577143108
443798692
518584518
733746871
88043424
12059661
676534379
632232867
-1
506654360
-1
-1
-1
540815377
359593724
149699500
882887055
628687335
710175444
953665095
422791781
901481228
471412108
615813432
695081817
194664386
873267566
67408235
6997618
267213809
-1
421455983
278553091
16394368
-1
500776771
96192557
204855430
59147213
801592499
217238647
-1
855084326
465500768
-1
892435344
841810454
566693953
81983727
709134670
-1
-1
695223601
956847714
900931522
-1
442086034
-1
-1
-1
633085152
784796426
890662292
-1
855684991
-1
81450510
-1
894588941
-1
105573482
445682708
-1
-1
86215770
878690356
835964741
-1
862971042
534891468
-1
244875288
-1
382028834
927349246
688610273
363382758
697087110
102796370
92300358
768199093
798123321
851311551
89327090
-1
803023146
-1
663835325
-1
876478674
924274516
895923991
-1
515969998
52870036
598940514
-1
949859554
787055761
656011383
714702759
670936851
46879324
164240301
254053591
-1
-1
479013224
-1
126643863
302920562
947741074
2394500
744420046
348924424
406569690
577466654
424803806
794635134
-1
-1
868695249
895524914
740892331
72097097
788526736
390365271
853782849
230382706
679147543
-1
-1
-1
246965775
893428937
849633579
671295752
773009680
365957218
749828801
216688708
233115386
64651856
710964613
-1
170420194
-1
149242055
412020534
780452518
-1
452592296
37673803
251607756
-1
338662447
-1
250123225
-1
-1
787713878
465918890
-1
370561268
-1
694600952
-1
-1
768621977
514809686
510572658
238539989
11231416
-1
390508795
898855090
164866644
-1
888363911
230171764
648261999
-1
147653899
125192003
-1
-1
494486781
9972879
858447746
742054113
-1
-1
-1
-1
-1
248832953
-1
616749191
939614524
538597632
761447736
42339819
-1
56607845
172239857
-1
712660948
674828706
881971181
-1
-1
859809226
695029291
-1
423417669
944197713
537992850
-1
347410899
-1
514539152
807665070
-1
393029061
-1
257097972
731085667
300326778
259518703
-1
-1
515691716
698728462
861479066
478782134
590593184
-1
382549856
593560488
629778134
240726095
560678045
637831726
775427161
347508805
900161868
273629983
116990371
-1
26041604
790637963
176536723
262114174
319076854
18766675
430934032
589582861
600247966
-1
288357658
267564636
-1
570827044
59570884
79148651
204769088
-1
-1
151937965
789153280
-1
-1
832963299
880201065
171111130
288030677
824919010
258721645
160235415
-1
-1
-1
-1
122149536
871190853
-1
630772150
49014513
-1
430529768
-1
702266883
576493564
752392159
74783061
880005532
41660026
891604076
-1
-1
701496930
-1
356889257
890216941
768285462
709935603
-1
201391038
640451150
654213950
171398578
-1
630896681
712759512
940298793
-1
-1
645310566
312162541
755216295
405447182
549117390
61898993
632753790
127760630
12063670
498577788
352576377
796722681
-1
588860775
43198734
40852732
659633359
711310007
-1
281647781
567614155
408852786
823616977
810923547
95356009
-1
-1
4245438
660745586
107329598
417334861
42736054
157683884
696775148
342386022
-1
463340984
-1
-1
779266912
851312149
840668369
454270383
-1
131508151
539253080
177751729
-1
397708752
228013868
691709471
949598374
222707076
-1
844465693
711887084
482642523
850695224
228796630
-1
813697479
250843612
543545630
229536416
-1
923650968
757673598
678081157
-1
627960531
72481278
-1
71657950
447437965
535143089
353873381
-1
637211841
249191394
-1
489045012
151124446
781913146
839994997
-1
896611913
-1
93643818
234119668
153397772
593250492
932239042
169916512
841158944
263368852
724931292
61717978
142249909
455303425
459461163
414278421
755252848
120102473
146454961
-1
501915761
841305218
-1
549309307
210255899
28380790
-1
352461827
42500826
398633030
-1
371408329
105812273
950752108
239055715
1066720
-1
887256122
-1
764710207
-1
114219512
508815723
790717443
723671462
73270369
225089757
547996654
-1
374916180
463869987
-1
-1
-1
414788612
295458382
818686612
477297587
869726018
557819057
260662653
-1
78725947
-1
372557723
-1
120141683
816793840
543855322
559049520
327715619
916253471
820749384
494129265
112494976
-1
-1
330280627
532720534
683886265
489804106
108272982
368740486
206241057
296678589
105593629
534777175
780182337
102208144
693971259
522648129
590197825
252616753
173428406
697683334
4131267
-1
825008854
827236499
417416320
905928147
454557817
271146291
716560271
826020900
392408966
-1
-1
96215078
-1
782887595
828663835
767765749
-1
535498871
142369850
295102301
-1
543880868
-1
687787554
289085967
-1
-1
54603819
646252196
-1
891656848
35002354
203755849
510744581
530006839
-1
367502094
-1
-1
197965280
168565868
364334881
-1
374853099
-1
275116652
845389653
192131763
543663881
44056218
-1
-1
448446378
688896941
-1
836776778
586087981
760966086
646222452
602773019
-1
-1
141290506
541102061
940306465
89486662
-1
-1
255919331
811380398
176886297
872709952
325633436
217574354
845015054
-1
444746862
-1
611104426
91544987
592360990
130244055
500283559
462252777
445446427
321104992
506755590
-1
455879797
599221300
265182842
717302443
575274243
751337280
853057372
292432406
209731687
654071307
-1
-1
128049542
527953165
-1
-1
55374658
363902712
900329392
-1
359102860
136566252
142438357
525109781
-1
952603461
50087533
189387680
33006606
470912400
-1
784399006
463400402
-1
-1
358372796
58195707
-1
955847736
-1
801081241
557211022
76923272
190607212
829424158
-1
648196112
-1
441179669
642912901
766188496
817337576
295419877
610560436
675035510
97223168
612094606
339836210
694120549
506223924
525063874
586336057
240707871
-1
-1
598134041
525561928
899813609
-1
424996120
66919891
298979132
818904253
889165950
-1
-1
166421252
341138432
810944227
-1
119958422
343936415
-1
-1
509086406
-1
660638274
-1
814744518
-1
900377777
345715621
156741498
535469027
-1
489743335
511740739
547574617
808745795
647399145
-1
774278145
509576326
653103226
769157333
15198943
-1
923376011
19417010
799711426
-1
352340693
583963619
602245839
194207163
278193778
485186418
-1
909048493
443566139
949644160
-1
400904762
-1
333753678
324072504
-1
-1
483042958
821219186
508771774
-1
475061688
557599235
127986591
916693921
494528310
456039041
-1
10664144
918764080
407488142
196681943
238903235
596643292
-1
460038263
859671857
579667185
938185113
865750474
539671054
-1
264877494
281718516
254744475
48827253
617220176
596014003
460253292
598162119
686333875
291366207
749801356
577084447
809899633
832498215
187789913
875059754
625231064
755156838
425678019
836067142
810446765
-1
597159204
531825887
467797244
-1
766710466
739694149
-1
-1
608572977
164457459
722962994
-1
514154692
50375181
-1
-1
755213114
-1
223670196
190805394
-1
693295730
-1
-1
825763610
829012628
507777093
273719400
835951727
174941787
681849337
-1
720434834
869477301
856376683
598088219
254035161
601987559
647862526
-1
-1
137257365
-1
383356465
873712063
761907349
482320281
689601185
-1
-1
310041800
870197705
438148382
-1
-1
94948961
-1
240518457
281376664
-1
-1
395084439
509677404
309349622
499751782
681412249
220900942
285347126
780076923
296544129
357712042
-1
285173977
-1
299864190
-1
-1
564418712
161401788
826395593
693631991
807469159
-1
173159404
351213467
702327005
822559767
-1
610289550
695686716
487915311
473684866
838529950
127076826
-1
317513283
228913500
-1
92501242
-1
943639209
54816924
806311675
621556224
898980377
698196339
17112118
47285877
-1
601038095
447234187
40697289
192551467
925240230
-1
133161086
909456287
548408397
226773085
934258456
736395794
208756473
-1
-1
921083599
476350031
313240498
800975509
874061854
841273060
-1
67306520
128475300
409639084
680498892
697946551
907540869
445534839
792045557
777074424
409811339
97848467
770633560
-1
223165922
-1
-1
257106906
596920476
-1
484064446
530969437
785932775
-1
165438198
311206906
218024331
-1
833758768
890577704
112348424
430848745
-1
588176950
559511008
323358237
932878859
777482323
-1
756189213
-1
325880891
521111507
910638264
-1
720776947
797587485
162132067
95972323
-1
414421625
493116485
622279617
350803939
27007872
-1
-1
644934846
879440900
-1
39945066
813610491
881033105
190038134
479607247
163493986
-1
213611670
348674142
396014194
592368585
-1
431565405
273525553
469767044
-1
-1
-1
-1
191757050
440252123
-1
178250118
407269459
380701815
599690816
484820313
823540324
303952407
415896474
395632325
621583256
-1
307173878
114742702
95749226
410794393
605923501
655887994
703194041
86773265
456498156
413757810
617213810
906906783
174416880
-1
10533185
274867749
588950742
-1
-1
463924230
598698136
-1
149862775
194654591
-1
137449736
373125212
-1
532178322
800930795
2840175
736090093
551837134
315553456
-1
-1
224394060
312958120
51870608
254366682
42082607
-1
666196657
-1
-1
774922346
247900356
382405129
589411956
921226002
16511553
-1
538487655
596701766
-1
540872000
129387854
-1
113969495
518181980
554969054
-1
81159726
273083846
57863295
707823661
853145765
-1
610135969
-1
584078073
-1
743121367
-1
-1
802744113
935872770
182355503
-1
179877503
820533910
411459599
800464928
-1
831511608
-1
-1
-1
-1
-1
322803748
779888557
90814800
298343303
643614289
311855197
368390886
55593100
792921617
618123457
805952038
613409829
207588668
68389118
-1
98798746
559930305
610360692
194753903
722259734
878261749
910223675
694101283
-1
286643349
25721857
610785552
-1
264929909
211445853
84970997
-1
496899808
804519687
144137912
166066463
-1
455339088
148950584
291911189
253681055
917376758
315164080
695665447
796966523
265315145
324342621
367640109
844927919
-1
372030939
881717726
-1
320717083
720514019
678091259
-1
828600301
-1
-1
31185039
658351399
700251343
745756827
371988025
276186331
256389631
832044944
205624437
247632064
39250750
702278079
33701109
153348091
-1
-1
-1
-1
97709425
831912574
-1
642760959
-1
251186158
346115979
446715627
-1
238912772
-1
-1
532487042
762438049
483303400
-1
612097096
587360264
-1
-1
161461224
278324963
517216063
874805983
640895250
514197415
140748418
45393164
109364594
-1
606335696
482005428
-1
876720811
814365101
233746263
-1
467072389
-1
886720015
203598203
4890525
127714547
45652175
431128489
227183172
-1
721271184
344131666
548834451
558510781
270203080
165052412
216222015
353234941
-1
895236419
-1
585811355
548271115
252259035
218969199
-1
-1
104919996
727608944
32525876
638626212
850113845
317441795
47848801
594466410
593667847
360078364
884969971
526216221
949300422
293117141
159355140
935878106
-1
364353302
-1
411029061
746068395
916153394
-1
650084816
288372465
369895386
282308337
385343858
697994811
294187845
-1
889183319
-1
609313861
-1
351893446
182243547
-1
698598624
-1
711898553
688534572
725821592
-1
824021509
35579525
733762398
647861050
-1
744441740
51868941
382160750
390964571
-1
4314347
98055389
327011619
-1
-1
35212173
573963950
687031719
107158294
896554383
-1
55666142
584900469
129979636
128396645
452959903
488593486
753987094
491551930
244698406
642311363
531993263
266355688
813976410
467843914
807744975
-1
-1
-1
714429804
446634630
-1
73276935
211270709
299053921
163030643
410687666
867653522
19228733
59034520
304232427
-1
739046789
2171724
679315233
454085345
858155019
649818086
475513236
156098314
83644289
486535063
898956631
-1
-1
657488881
117467313
-1
488366487
-1
-1
-1
669959127
682402224
948365622
654085350
494928222
543383335
937022165
32958768
-1
78394515
179906445
-1
309524417
92978806
243543675
796234457
-1
669278232
552472541
874002453
391437628
649448631
694993392
-1
543673076
392988834
-1
15488839
878491125
216129678
59315839
702249222
312792978
683877522
743264736
390213885
-1
617939160
-1
408942581
778230954
6736683
651037805
664288999
-1
329858873
889730803
720474403
498015833
801012360
532206320
648545604
320878319
-1
339982195
900687643
14589133
193436862
-1
835854720
558569164
103747364
310150190
1356737
-1
325628705
860950556
753631144
488668312
819471971
534515168
284736697
687742036
596748039
653603131
331816799
613819449
196961193
-1
4974997
-1
772449163
-1
8236203
292352284
209507615
867358613
-1
-1
363883388
90128713
953674285
510633879
87597255
312099637
-1
103425470
846941342
816321575
845832457
122246655
-1
-1
-1
-1
179918572
-1
706672119
354853032
-1
770647385
136917235
316481689
-1
588944167
17828604
644274130
206686550
707871832
182963534
351229775
-1
124872292
917017726
48909199
519392790
154050947
892763846
-1
294736849
-1
951861000
-1
500643908
-1
143778241
252619824
460917742
-1
597322975
161672170
451540083
917338304
-1
388495463
681736088
218211743
672705344
378102465
342495625
310164583
867297915
-1
580054529
305679570
-1
833281778
440866362
-1
852444204
-1
331999983
875850853
279484649
278603348
-1
648006829
793903564
-1
-1
630842724
44264470
586644140
457444544
733554236
548210810
413147816
189661867
486128865
854735561
-1
363411696
919349288
520319432
-1
327541604
607762330
19446582
706733009
88607389
715569082
344865402
350030689
351754252
-1
130844782
597798954
38023047
717023414
533990798
421888868
-1
481124477
680956063
-1
386043081
470849182
33348132
897211412
-1
882028615
467041452
763924020
601814327
-1
261053052
200915626
772732409
-1
727309974
904871944
-1
271861158
581989810
687042040
914663152
293018087
33282592
113825553
887896732
742082714
416551367
-1
-1
150642648
108376478
-1
588764186
873422136
290627605
239091093
382643228
339142430
-1
663221925
465884046
615154730
-1
506377898
316454199
836513958
401360356
-1
-1
923954073
175346742
864349475
937481221
252314769
537882057
475327928
915570647
91235988
821352822
416035531
264627145
57865669
740790253
723298285
392319086
626030096
-1
338052756
643450217
157002456
436119192
130285944
823220423
677869400
-1
654900447
758356036
-1
737615905
-1
303209393
90280075
561399207
823828261
574105684
51014156
209633769
856039649
-1
532344828
930152850
182864635
731497418
506589557
623570487
-1
-1
934153017
-1
227557698
40394377
940887904
90658999
561036202
612089036
-1
-1
262352719
16067280
20510888
398732153
792324975
470312058
325436708
332300468
909557633
797799778
305555129
-1
952857273
614126436
-1
370134230
311304563
563300978
776483085
-1
-1
-1
-1
80848884
156085537
180896349
915076899
59648092
-1
133038043
-1
-1
666716414
124309347
558457025
355411700
809657151
-1
301402847
-1
-1
-1
513149064
357767999
671440680
-1
637510965
420409516
666781078
302563694
694681896
663299398
-1
-1
585194033
145503986
-1
-1
843952812
781529672
465724211
106571209
-1
-1
54042989
-1
617216969
537897634
858262616
-1
790653559
-1
40190695
426156531
352612506
646241277
310778107
-1
285538954
-1
246836107
595007409
319404482
757599519
90722826
890519228
144912779
536615965
-1
545818993
193616156
513981906
750603144
557042185
652930481
787382471
464957291
403042515
-1
-1
905762254
-1
689474479
907913182
-1
746287456
378644940
785230679
519709034
198682721
660151792
340880895
943489225
127253014
-1
714016672
936963609
692221535
-1
894442744
634749940
-1
-1
519619689
339335902
607877752
89032330
875210274
609263826
483388210
669397200
10880100
637375511
413572114
-1
89733631
797974776
-1
185121714
539011819
169063315
-1
535548871
225741384
-1
-1
341337354
3908865
924687422
624332801
242480576
-1
296084008
-1
-1
294552990
-1
830207236
652524609
5570984
228506287
934592655
430354152
-1
348656636
374051323
896431956
-1
39490251
677504663
340809593
359634492
236348531
34357352
69959603
382245152
918597995
851701591
-1
14813938
659225764
330865642
-1
-1
241571313
214513565
-1
470237790
369786486
93786279
243809937
-1
186273887
741339701
352566460
352995527
818794746
237316226
647202875
265244913
-1
22635250
-1
864979039
905823142
-1
397237798
-1
934416164
-1
590977540
894653949
571270054
851509232
324483456
-1
728450441
220992495
208963800
225399457
3936172
-1
141046675
-1
617745386
775583419
349600841
788517581
396278813
-1
74058393
-1
4904017
-1
-1
404371703
31591528
-1
237889218
354261828
596728507
65861223
64030310
16747437
896864962
-1
-1
345755969
421765236
466808468
634764488
769339092
339131978
-1
915289668
-1
567340474
357178532
41178265
223324125
-1
549757924
-1
32824161
717709241
413447052
692075900
181197954
826366804
513977744
765565154
-1
-1
259693174
-1
525473294
920659931
1523684
75233805
657028385
614312539
174213386
-1
741003948
508588272
127714193
-1
19433592
223874674
787319226
-1
-1
742245476
-1
272449990
197679907
-1
-1
-1
296021412
417507278
905371221
-1
774592470
522566524
885256933
222409382
295118625
691003105
931346313
90106209
612042731
901366169
495862928
423052974
-1
-1
933724
-1
653396667
633032445
597551884
529574297
260490808
47659961
58776604
88083152
603221805
350669562
775556268
850088790
66397210
69413648
-1
11232814
260977134
186343691
-1
924980670
-1
180009587
42237331
505765617
-1
808072106
227861645
221250049
846232674
-1
388021181
-1
-1
704957347
-1
-1
62631554
-1
377983458
96033872
489546905
-1
792304065
637569846
541376550
-1
110549786
164160567
-1
18610431
327092129
-1
898907996
551981611
-1
584772640
41110118
535261760
-1
578576094
348374574
122559807
-1
-1
4932933
880520238
840026538
746147899
-1
-1
163097034
654498605
149950908
724042223
36007652
931424583
769618676
-1
423109277
875496265
913337512
-1
142392874
77744655
127862738
-1
177189377
-1
424622252
955068027
441117842
-1
942741602
-1
925787268
41052826
482740822
487213963
53938662
722760674
350055294
772483390
362884438
436239463
167584654
512049478
895035566
392964707
202622375
407172886
84168179
841061680
467527091
-1
619696770
540810532
251054236
94114903
319410165
-1
181986126
221274352
630199537
757890341
-1
473091079
563296358
636642504
698877149
732942137
746014241
879180584
-1
-1
271385004
-1
224334872
-1
-1
686417430
268681896
367228609
890258343
-1
532576931
793903600
-1
447098133
897969742
431609191
66451184
696174455
775233559
-1
485719881
142531803
478446105
11227690
-1
268743678
892535738
484760479
681460945
126802804
564350928
876533490
459082359
315435229
900906604
-1
651822523
556356749
529514145
805316159
936801713
375318477
54855250
336637457
-1
-1
811436304
729480309
303964360
606699813
439704131
-1
105102674
860392205
493571969
340653060
940401378
859382715
745061890
618819834
593408036
600183215
248368965
-1
900963328
197418349
-1
741583988
725311866
629205687
366262755
147623610
-1
481977971
790764007
-1
-1
867574610
879890247
877802093
583982668
934621684
870311345
855330687
-1
278826530
867612646
639316694
803908334
160504548
736403915
636608631
-1
401700446
44351563
2731342
445980213
61912243
411060510
-1
-1
320000689
711658759
-1
-1
-1
61337659
194963171
95087638
409757811
374838320
911907024
-1
-1
324245980
-1
-1
118554181
276885783
210920891
383960040
-1
-1
502367968
850671181
-1
738840557
-1
501036272
518065043
174553746
631026070
238287644
226343726
910921959
-1
-1
16273094
-1
421173842
831243008
482256049
-1
-1
725461701
614554267
608335700
-1
667831431
911563358
443002520
-1
269201093
795818238
-1
-1
792413301
861959584
561183319
733704125
939022859
762198387
182494378
-1
872723924
-1
23523258
908477518
551674668
480296643
-1
744935538
296772940
510614300
-1
742303850
124614056
-1
951788655
-1
282819853
761844707
692043493
-1
682403408
346743377
229226824
-1
-1
750744261
327547674
431123694
713480478
666639048
450160726
538827335
229719393
-1
-1
201209939
768296415
-1
716148120
229723965
721325467
-1
581759786
364843226
595401359
754694031
756223055
459388290
119455183
528804436
113660333
-1
-1
229787861
463080811
702694303
-1
-1
848174503
537870696
72298025
511244226
231310713
845441339
909310950
474037820
373298560
559882498
751906799
421761174
-1
640352480
869088814
178996951
271723143
359907864
613234324
304983926
-1
-1
