793227130
276731116
-1
438056318
53402211
-1
-1
708861118
756283798
625827935
478551667
312132741
555138097
-1
-1
846851657
289049557
891733513
-1
772832115
532051383
-1
245840365
-1
847306030
358628166
786661351
-1
291740843
292583964
-1
70601627
254941973
430337841
415654181
625378429
766076096
40124742
792897845
-1
681496322
-1
293707202
776442563
560891044
86774591
663113605
984982036
546467109
268478642
529149513
-1
149233865
773895413
-1
664405161
644775936
105610779
706372799
54103664
846496156
774654146
123160321
205526150
711036613
347690512
90008381
-1
554432341
790370133
-1
293287453
-1
934193346
761158650
691172154
-1
570089075
-1
843719676
-1
535020220
442916359
-1
-1
191752330
-1
842863525
-1
550283527
844364634
951819381
33738644
891573341
-1
55094821
-1
434671270
68515053
526999467
356673489
668690885
219685693
-1
-1
641296728
740276802
-1
437694539
-1
-1
773033670
689057231
199159134
740031763
90465709
-1
-1
464445914
-1
-1
371277763
982413599
355988943
957351052
-1
182105309
-1
930997353
239467333
448159240
796904859
466375546
538637886
-1
437462104
408108132
-1
-1
200905188
-1
147096271
910030257
1196583
79048542
102285717
939888261
818121614
-1
194009230
316424938
206954722
609209077
-1
-1
69694507
854684921
26513251
374259190
727068040
247148270
355271348
-1
711596028
217665931
712770001
529551267
-1
774019863
-1
462161975
946737373
751950218
468358098
332959314
988891843
-1
491131920
441269411
201949962
840885133
118419110
149375972
-1
-1
660957580
187141967
91636857
378340340
46400042
769367031
680642973
877645766
405260669
292439187
-1
922353242
535729774
582464648
752619876
-1
755983783
-1
213389603
26763673
213137471
201537728
644611776
-1
835767069
81397036
396613593
-1
38501149
423751088
636655271
584028791
232468034
465460176
749993557
-1
132655875
159771160
175588944
-1
776957486
-1
661971287
313951418
-1
473828978
-1
485911160
416917999
-1
456030576
165699053
77011618
431632324
-1
963319593
572652709
-1
660959264
936272670
-1
985546552
44939165
-1
151477717
839943754
-1
401753641
106633702
48968763
841960798
832104526
947731893
-1
278251624
596231988
199192172
-1
331395863
822584969
163995742
-1
404999620
354295536
234453919
238760107
441029901
405904928
6073766
-1
-1
-1
487637764
897115258
7773512
252656329
905957499
81316509
701506511
-1
502049971
380324135
-1
413204658
440454546
-1
22962916
525033106
802140488
63684096
34485118
362238963
600012980
731232909
246298080
231811561
45647270
518981418
806286335
589699020
309850545
-1
232790638
561061327
671799310
-1
455936599
-1
-1
-1
934400385
813577962
629730892
-1
75259887
-1
863529896
315146614
752053212
67765760
82752788
-1
-1
597862262
375727753
582860864
847059813
-1
503039460
-1
531511071
354825930
-1
48434011
-1
-1
969636543
-1
-1
114528682
144549709
819011368
137467744
-1
-1
53208095
146825590
637646832
-1
736539842
382371620
914666362
166229567
196458346
662030954
216553326
117868917
271350063
862155685
62540426
908175256
322269288
824828297
-1
141742142
909833930
791447463
726956683
-1
297089219
146309247
-1
39318098
864382658
-1
242989631
456264103
582480126
307707792
95004714
127597584
620754095
-1
245794138
659847135
384965096
562043091
340495029
95018686
482154459
892256480
-1
627962045
310172449
471434276
-1
916628607
537859799
10718633
978889521
-1
217920149
422125324
957877787
71119280
-1
246870087
357959995
448561381
-1
-1
203686220
-1
977674487
394357231
788285779
95731916
-1
830448964
605406900
396701018
956254281
41248143
877153884
-1
749550509
-1
-1
-1
422317792
-1
733132753
337540365
844304131
801633471
643939106
-1
587359712
11366135
631492628
66423726
-1
422096175
696988958
-1
328982030
989625574
338790709
469826859
338065065
12758901
903054768
313675782
606984308
700449425
339360255
-1
319181061
244665718
-1
407896573
867041911
310534835
153879152
388678279
680358890
523023834
939877433
567733717
767076105
958379952
434315472
257959732
-1
341953372
-1
45773083
40804886
-1
249659721
594699160
634240858
620844435
13697670
739961026
417453932
268061846
537971597
693550523
684894885
934512313
-1
-1
-1
-1
232486026
-1
636033146
487005298
856667522
-1
787876383
820847514
-1
706639907
562879910
626111893
-1
290676231
221859647
72101113
-1
326532543
573240092
-1
848912385
-1
-1
549810896
-1
-1
684954724
848561772
18973928
-1
717326894
349199776
-1
494829964
516454046
28679445
-1
88726361
512967074
57117665
856479643
199330255
719447784
586263117
917497453
600279547
284950592
380287419
26117370
-1
-1
799278966
767403085
865976328
-1
357296497
335291595
-1
393754543
652803943
336882792
-1
499428564
958822826
836443046
637212764
889395100
448627955
255264507
848367763
518997568
83820035
-1
347318528
501695556
69301416
585075366
809913476
194808870
341615761
-1
-1
46709452
48053191
-1
687242075
607393105
540139642
-1
336190267
666091609
260682306
312079452
556704669
-1
742228609
-1
193034651
-1
493403877
265863699
254119796
935636305
445840954
-1
687387667
38345895
-1
148307505
508562710
863406010
-1
-1
715710599
593263841
584553650
490095718
482499298
277956125
-1
-1
-1
-1
-1
871915941
675906873
448487269
-1
112462868
51969898
101287371
132315312
722949303
-1
561933633
619803859
113772544
-1
-1
708785594
501851408
-1
923712328
700102941
152895689
-1
-1
-1
769401804
799467688
-1
901449962
124817958
-1
-1
435188078
886977056
656127425
54062571
627906229
844960436
329581785
-1
837436133
-1
-1
554521425
-1
398243847
838014559
774892873
163897577
275098481
603350373
281605109
968797866
-1
217672667
605379247
892756594
-1
-1
-1
664598613
213539155
-1
982485854
521060187
620863908
23956055
-1
495896834
986039543
687153400
424390927
106292563
-1
-1
616605889
836667836
203749765
-1
-1
508126802
756732806
929770857
486223524
801917323
522447572
158112594
303939256
150782428
-1
164689478
779964537
-1
-1
854013777
585057842
694081979
573357413
-1
-1
390292807
508739355
-1
395275607
714647003
21055167
296539123
904762930
755829848
904692716
937580484
-1
588063118
375960864
-1
103651810
-1
-1
968406104
247575101
-1
308878991
11267449
298480525
832974331
635421221
659780839
862206386
987684218
653804511
-1
326103386
-1
285263739
350799394
-1
396571482
48356780
219678029
800389244
751733652
-1
485929699
913186695
872788709
579109445
944547303
-1
67213142
167921567
-1
-1
685022785
864008013
-1
505742554
-1
-1
141718735
811169763
413216405
461622555
967308811
930002243
313972616
34543746
31845366
84933563
-1
894085281
-1
574859377
854449823
95743468
-1
-1
-1
-1
291426392
364154136
640468693
-1
-1
451196350
173642844
844358977
142845250
567472527
108602183
454731173
23624013
594167627
863020515
788241391
925751086
531542970
776659646
908761179
297643761
-1
614480813
687807958
852557594
836151051
881244956
497277093
896868087
234253796
-1
780313023
-1
-1
381098740
-1
-1
838030384
325834706
694263999
-1
529433172
-1
864849989
943700434
884933312
845881303
393836208
-1
709975608
528815223
-1
415958601
-1
979455699
653411426
745534554
570232592
848208233
113086717
63971510
-1
-1
-1
87785942
559490566
-1
981596224
743385970
-1
226733219
105870062
435181932
-1
520581660
-1
245904182
-1
469119682
689628325
650326397
631827723
-1
403414350
857952204
716058422
242472583
106132728
-1
222250646
137713743
871709121
-1
275378311
106776155
680118496
339005456
826113188
701262308
753085143
295700183
105601041
-1
174829830
699492353
927804099
412843015
197349216
409091881
405492223
-1
251733098
-1
332262226
-1
-1
857092274
-1
383929133
699942448
858452341
-1
-1
81994055
390254357
930643363
377583030
475997687
-1
175713818
-1
227060584
539096707
875739953
170729306
290181969
-1
-1
650870048
480715387
399560212
518944611
369446215
-1
74473998
882859478
58927549
410952805
187043778
-1
403600510
-1
-1
-1
666481229
-1
-1
554118891
95669046
-1
901881507
770283948
805473145
491194219
395022026
946172600
-1
68652988
498392686
574969558
755136716
-1
326065237
291035872
902042615
45852559
710802072
624356440
416257484
48116720
913358222
267265339
-1
191146104
955854425
525489207
-1
102789698
43753832
257388273
496194151
-1
143548045
14050185
133261427
686982616
939150110
704197547
519193912
662131639
-1
345381643
42818068
-1
226882608
76711709
758870837
-1
87110919
654056149
566303824
363506599
659359078
774428600
-1
897986354
-1
490670073
415973649
856789241
-1
364706864
644481872
585307312
-1
974371129
-1
509534515
-1
-1
48600245
261649089
185761377
710824927
118312748
251869682
418511686
932054309
483102850
434434210
724733531
79682750
-1
981497082
225766256
359236568
42280688
631291577
13359385
830307904
-1
119326922
620470624
966822444
447789502
817802031
-1
304576870
-1
893250230
816536870
-1
225421599
-1
-1
271852642
526451421
-1
159393071
143446922
475423730
484483549
777407064
794456803
729775666
836903786
354172397
-1
205590809
766031386
-1
152604120
-1
3954662
-1
850731634
284971177
791772222
338583148
949074413
30319425
17166706
937026812
338570176
142622121
480969072
277438908
62380494
359279900
567523514
292200045
-1
747605865
609726010
-1
-1
-1
-1
333212238
896950741
-1
-1
702029236
460745106
-1
-1
396380811
750469460
510383230
-1
76466017
26513292
116874422
-1
782888895
-1
924315222
765944962
700582336
473487520
-1
-1
-1
942120640
111750616
-1
816008617
-1
137922328
501529090
-1
184308439
311239953
812035300
689462433
289648353
861191204
596755891
-1
778201233
17645931
292008525
-1
13889272
451155220
428241262
-1
368149129
73571815
727664201
149647534
348802031
-1
836173879
659434964
303996142
85272772
-1
906263552
93815627
898796724
-1
651597478
-1
223418415
123618129
-1
559783512
699394441
3380390
-1
436757433
-1
217230371
-1
616953277
437631364
425734325
163693317
430283337
875824860
935087979
668468091
-1
112970324
-1
619274445
-1
-1
302699951
831604670
-1
-1
-1
456884929
-1
383716207
670553862
-1
-1
-1
811781259
753248747
632012535
748699967
175313141
819056617
-1
955359542
410968192
-1
425186300
256025011
-1
-1
-1
683082057
390431378
941425748
953352100
28818945
928492930
670572372
58728386
-1
975433557
329493540
151106498
83223983
314961487
465048148
360832372
10699558
556143646
310817919
832876355
438621589
888100780
-1
-1
137624223
954225145
873136758
179070659
-1
251916194
622758263
-1
183013837
100004190
-1
838371909
-1
596408520
506047423
112117389
-1
552528744
11568015
780754717
-1
216369638
202668841
866949067
-1
-1
941638044
340172432
-1
-1
52490438
621065271
326097337
224392446
449624595
-1
393911155
568183158
445366999
-1
253961557
-1
287313561
248439600
628274548
-1
158519274
20972476
855174598
151421575
599165479
185707077
558537510
-1
453445273
-1
915469767
-1
-1
-1
590126925
563111578
760884687
103996167
763609967
-1
-1
3768535
599709993
425190730
166307091
516070237
44142041
-1
-1
620456798
663781925
646445498
825136253
157123000
-1
289221714
-1
292846075
49692402
-1
245163795
582986199
-1
806807074
951264035
817960989
74993615
179012323
136488891
-1
-1
-1
238396504
154050512
922841677
783682233
-1
-1
-1
580915341
412357347
505370307
395353278
419711164
801687963
929594780
277892850
253533107
605078362
370767679
-1
109243017
-1
247154935
-1
9698323
-1
-1
598369305
754536123
139513182
911547558
627737013
293178783
702346348
104785219
843354346
921722299
257807802
520251061
537693089
616328162
259344657
729405360
461760387
950664705
136067694
293071100
-1
239193437
665860116
-1
237925225
844428375
526590734
-1
-1
-1
127100457
802562948
-1
562506120
717752251
501485393
962245714
258715638
181520931
302119482
452631386
-1
158005468
-1
-1
-1
260637245
-1
934053943
-1
898275164
703792415
26039909
214086808
-1
255895979
-1
29520993
396754850
501361019
122070047
986926517
772346056
935219459
354101999
749069057
398389530
190593610
35895013
492850291
481475608
-1
-1
218149562
944576403
491237942
801387606
42964007
403908096
417444773
-1
526727197
889618713
-1
928715240
-1
-1
105429916
761406665
640975399
142777143
925015301
80042253
-1
-1
465282956
-1
-1
100943294
18358058
736159541
398121277
61460375
479241752
353504062
181742563
208116428
565511445
-1
451588379
627168230
316086457
759036869
-1
147225163
225623654
383308128
738368079
182074823
631124361
852851864
147087683
792665409
-1
369254548
836392773
677697723
197315304
924804292
-1
648085487
-1
341627102
126623892
78025259
-1
-1
927680303
-1
693496178
959111168
575702806
583569432
719136950
-1
536389354
-1
536795183
-1
-1
666007002
-1
-1
719144458
69294490
-1
320505668
320112897
-1
-1
482024717
142531066
-1
336686189
939366965
733469455
-1
369470511
862233226
262239503
970293119
528594108
707720110
756695656
398256728
985123592
278471550
276165575
453963316
915107994
-1
716675488
854178822
-1
512363985
-1
868924813
796665717
565270174
449217236
-1
665006026
561609756
-1
89065106
367608367
213098177
-1
503646140
437549409
-1
-1
268204498
650579491
765098754
-1
-1
803563517
920679471
982664344
-1
-1
629280571
-1
-1
538800381
-1
642165236
-1
54596456
942844894
576008605
360970813
871930292
62438456
-1
76647246
327077373
166614451
386565745
370901645
705021984
-1
-1
414262907
400675309
762099509
280845403
985659778
877044202
-1
-1
-1
967813681
580023239
-1
683711178
964428471
742055784
252781162
962664584
619489827
203603954
467655188
56266563
673451909
718097784
-1
318925454
-1
588220060
865284701
679440666
597658004
41600703
902170926
617423366
712752580
115999235
-1
526267606
503154068
263630800
260846054
753686677
-1
945198643
897388668
594474390
877366094
514063773
270471682
-1
-1
-1
175553427
152345452
327538759
764470913
562184030
51667042
844940774
47786186
485420600
120818871
137242097
633644700
388905608
565094070
-1
85533705
632967757
426972773
445855858
-1
801056946
131424588
778419033
265850053
830518173
156515079
69887442
-1
906393173
-1
-1
-1
87924166
317560716
499269063
364858110
287021708
486503434
866094707
548503595
255834295
605713
276711703
784149525
577897639
-1
362940336
60643323
-1
328914701
865961169
352416952
684633612
123459341
686725802
648902381
-1
626974745
214473841
696364658
-1
744163795
265035453
950617390
195506666
548953384
493372636
647865064
187674181
313498952
-1
-1
611507964
286985245
241423458
-1
851681009
136724019
891602792
762784514
755749872
-1
-1
569311343
76581587
175192043
-1
243205874
190891053
-1
782995698
213407270
94420640
40994220
961172187
57974556
720602876
296600843
205238606
519248498
-1
935318878
35320308
713556347
923423643
453876464
554140627
895027475
313735583
840097693
219988440
901026179
781297534
966410977
479351338
611785772
-1
445871363
70813736
330402180
915169116
-1
-1
767437099
451992614
907680512
128311064
631034986
-1
-1
188232489
-1
732639185
832249311
77075140
-1
414313076
855517067
473553151
789547286
64401168
120436326
912115973
888136909
-1
-1
45353529
-1
726339509
540062395
-1
218942054
750783154
-1
-1
581435451
85832557
932263146
716497727
-1
821724409
384362563
-1
-1
221983205
-1
47929928
585955977
477280563
471531566
-1
-1
-1
774399279
794503166
815508399
-1
878006688
813999227
-1
340606720
667210784
-1
130293629
61552646
786742883
371377008
-1
913339797
841033801
-1
839742098
744978973
95473805
637073139
889829576
677185032
91382084
522962270
241627749
808362665
138301780
351855933
380765489
-1
87884464
-1
-1
441553071
-1
227491032
780396520
-1
961757212
4052650
-1
100249486
942956354
897645680
325960713
896181557
639568351
-1
564069579
-1
542015421
-1
-1
306329120
131106234
-1
888669919
490585169
-1
289322897
364305470
436208526
810941547
-1
634865200
516847950
627104000
709712601
838649685
175338796
473302151
858107002
202471158
945046345
144753838
-1
515863769
-1
250585609
938007300
260186222
202930144
145197341
923903089
540173565
869131202
645471876
-1
-1
931479015
90290329
905359655
701162483
-1
616480524
666404181
750326131
-1
128198200
40618678
-1
601368473
-1
586261021
469703203
967981762
125558305
550928072
984641869
550047203
525173105
-1
785985606
928395293
981597344
710806373
961470018
523636880
716933726
-1
-1
171124117
917486211
-1
-1
62239691
760878101
987037093
805860181
805217077
793004339
779150327
738107324
300215724
548808413
-1
241100263
813586582
-1
855550192
-1
775836199
627096038
536274269
164267967
-1
562836036
154975829
760710453
-1
437393896
750337923
-1
975071950
740703209
172802315
537178392
-1
280738119
805297231
166904907
89771551
-1
877530315
929356072
43868924
126649894
626105334
-1
196418348
962136691
303561786
-1
412484572
534817383
-1
827772774
984359638
676242396
893462873
855961239
717172203
814765673
443810387
-1
630638984
474762883
966554801
803986437
583287644
490282637
787729930
413290015
429667056
-1
-1
980657099
647532475
203954888
489503065
369385962
125504872
397436563
228324058
-1
937867032
641084373
532030861
518121876
-1
-1
472327783
325504287
77146163
116862261
512289679
-1
201033986
941322225
-1
-1
-1
220413462
-1
-1
222424390
344131744
800126050
791741645
217607866
-1
734839878
-1
62123785
743811557
427474793
676258487
142215388
745955619
875894459
-1
-1
551522193
208680643
639789144
11298454
107950648
867556179
760861499
-1
836816163
198531946
-1
928700337
980824611
-1
-1
885651512
-1
132572343
923501325
406758982
423560182
432666395
623515251
44042744
752298450
-1
888021059
378944049
-1
-1
-1
8990844
-1
512868693
-1
437285173
56284270
-1
-1
436730000
294402139
381309125
84723480
165282809
411114289
-1
371760583
338977345
818164692
394187018
-1
-1
81454069
-1
610756210
68169706
906423085
700911741
855416197
-1
171996222
89612337
-1
595430141
907646335
-1
175042415
441909867
639112267
733277165
-1
416801812
-1
717256614
221881513
23874147
40531730
-1
89092201
202417677
240680821
157502666
337988544
391092372
468823204
151493860
555526666
-1
-1
324532445
283793595
491540476
-1
738232868
562210503
985693955
484540094
365022776
-1
316392764
-1
35181181
590308024
696172828
827958369
863944347
739655768
743780906
969104575
862646086
-1
638570852
-1
-1
-1
-1
-1
625348514
935058440
244623714
942426610
34828503
-1
135376457
530685019
-1
598590801
618920402
688076575
7454757
775809000
792136495
-1
-1
-1
436627214
714133335
-1
392642625
-1
525859230
453803478
289252114
523149519
170009553
627130896
212767047
405770028
134766747
155774587
853019278
807156186
-1
140854265
620213176
443382645
242937736
-1
114305911
632206312
268211198
482521502
836673955
500631127
739760200
979076143
764185066
585989869
-1
930126409
53537367
580489009
879628660
794529600
-1
1561458
569254212
574321574
965521773
333600516
703060268
829174622
66856953
727676042
513824210
108997409
-1
202270142
16412145
203809442
120189448
129947734
757921901
856755302
591113980
-1
37919467
-1
560811325
228120734
-1
352481541
-1
404865274
-1
830727642
-1
595653966
-1
-1
206822195
77706531
422069660
872671126
936096202
820503226
784995872
-1
822895735
98543728
-1
-1
162350790
426578244
-1
845628443
223222228
816025251
785231358
-1
960792592
436235109
-1
-1
565721946
841759553
596448523
327945640
305808873
71108814
157531645
519767631
-1
592395611
217273048
696641261
631082408
892786333
553115635
393910904
967926343
765878904
506263333
-1
650706295
-1
257109522
936657385
-1
795553197
339220837
412406080
-1
532286875
36606418
130915039
277803649
515082284
-1
635636188
-1
775361285
220238998
419346361
487564892
232109008
-1
594375083
118696387
397593702
-1
-1
912579452
-1
983777837
875521569
-1
364430784
179201687
560019867
3603764
623303885
760566815
987669877
-1
167771980
878821708
-1
-1
724371938
-1
412959055
-1
874852748
289122619
503257542
736749001
617360671
-1
-1
290472222
401938461
-1
83130763
618538116
7681023
919988343
668521721
748236472
527407670
18937736
810927113
-1
644518080
974132611
-1
602439692
150528982
643921380
-1
578902642
177550346
-1
407785400
488109139
-1
-1
318300522
924997394
214605702
71580394
-1
209980088
534950419
-1
372621965
-1
27084439
867989975
123898628
278898044
-1
-1
756558437
-1
655580016
497105704
-1
585029582
382665833
-1
777636583
-1
-1
-1
237899376
88731861
393794380
-1
34812101
69520984
-1
-1
909758922
785568053
-1
509298174
-1
6308444
305437361
-1
329237546
68041394
123063603
978290524
980673858
937464443
-1
24732152
751097788
-1
-1
491321416
-1
765497105
-1
473857262
783733340
-1
877949070
596931202
708265363
812519586
-1
973733841
-1
-1
737610978
-1
479490419
486503437
944274971
202904636
36445995
779909556
924358994
-1
-1
477980592
895799483
-1
-1
779280984
456110563
719383957
-1
621473904
833852822
610389575
-1
129047701
443626054
286900212
-1
-1
-1
-1
230077910
841023120
610949782
854185201
340858974
260279690
129005558
633857572
502195585
983236653
134775948
89862791
-1
928017358
932380899
-1
-1
422296055
512703490
193033346
555756572
138348052
-1
728729145
841921761
813490025
832146922
688959182
741651065
531958658
-1
493401660
208380141
684749283
136818961
460068204
846428116
510094954
3812567
443688868
64453974
495537910
829268422
469714159
931844003
937183209
272629384
117786281
-1
519060487
-1
152316240
650083290
680218883
593125617
-1
650258727
343354475
1746926
953649811
143485036
188793858
-1
769764836
-1
440141335
-1
-1
-1
-1
135078314
17097586
638045573
462879061
861115377
-1
287194027
-1
-1
172384309
721725655
-1
35534454
216635132
339993707
405371759
185119705
-1
172255937
-1
795912144
955121696
352749985
301441009
-1
617233708
839982162
-1
-1
801604731
180301316
745903783
-1
-1
-1
22104474
252182676
126974076
901264051
416407368
-1
258946813
-1
747952803
-1
265545611
169414328
581381567
961903829
437133481
493901742
571254253
208245280
442641675
283808432
-1
544953440
760624868
431163864
877901032
428553077
560992753
29241784
898013721
-1
-1
273558123
-1
-1
433483834
6759833
189009182
507140522
227178367
292613321
659063089
-1
-1
867010938
-1
136035464
611873108
519233726
587954079
969330692
616110169
-1
110046981
-1
92773988
741342518
457946111
-1
-1
180140735
313413443
954480129
-1
19777340
339160630
-1
884132891
254042927
938647831
-1
514318876
46379576
346252907
672476696
-1
956335010
-1
788768334
983975426
537220853
365940630
754217881
312470454
-1
-1
91281309
900909972
760314569
906268679
797429882
-1
-1
226160288
259752066
-1
675594633
685243063
-1
49292102
845169684
603967518
468714814
111084036
412882307
-1
858748905
325406444
345760608
943405942
436739980
733082211
-1
704229832
-1
184896212
659049374
758830113
255235335
749777698
229814931
89657479
4978710
-1
17657765
577141101
-1
-1
-1
400732881
687301999
-1
855864360
305510179
109774497
713692355
312315281
-1
930737693
-1
543771502
872363539
317482091
486581995
4510081
37152782
612981399
647777075
64762866
62188891
293802100
695668830
216434516
532534290
52610269
250446050
867466986
242990230
948374879
548719323
-1
140445487
643564369
687355786
617297373
101005851
154863959
117341614
-1
124954113
-1
297025762
634638256
213183868
-1
287935416
124665368
-1
805088265
-1
855013282
278022193
675517156
920240042
320202407
147453782
172108730
750510214
882177761
735837832
267093393
-1
528626483
-1
-1
598028208
405348444
774736797
908795839
221075902
34116740
403815392
-1
-1
741989555
767286041
-1
503041099
270615976
562741496
273127163
532703648
-1
74683698
-1
583127021
142132564
693606448
-1
539048104
887024837
928478636
-1
416233912
-1
513990737
661689606
657254527
667194480
824217346
815763286
-1
206829088
-1
-1
448497949
375780030
355898768
27694099
842915867
541064834
-1
76717644
796792067
283240992
74669783
602983935
710126406
359588196
690689498
-1
94680392
284887154
900103673
853558637
432534205
52090273
-1
-1
913113907
17916420
781623971
-1
567623908
-1
414595877
-1
575141441
848830215
-1
502827638
574784313
104069363
-1
-1
271467084
533316040
926132088
199218899
798140560
-1
400026528
798064633
916492696
669911461
70867955
162550044
794560976
886325667
837910626
675097934
-1
401507401
-1
779512675
254566732
888818957
-1
292645907
672820992
-1
739330032
736598650
115107798
833743750
3371909
52840774
-1
866168258
583535727
172700758
289220417
-1
435349371
918455173
-1
895793605
143029304
907969539
473676674
925414870
-1
10518074
395548176
977937468
603742981
919333714
527112122
31293112
355309751
621462554
294056094
308435489
711332540
-1
-1
-1
364046394
726599254
48333293
934629908
-1
-1
221850141
-1
777439948
794883801
48567053
595602065
375273650
770357892
124430776
-1
103195333
525271808
423860499
-1
768786596
285710924
300921863
572398080
796908371
535378935
85166944
912293226
173905401
882450769
249372101
938321286
354463478
-1
732999790
280632257
-1
-1
90887680
205107556
824703305
413700044
946978449
801036890
-1
600841088
968968833
531945010
805704261
260684796
829680539
-1
606562509
-1
818336248
512481800
853226849
741964802
457691095
-1
880686740
357831148
731779614
73156340
752526554
603885763
497771232
61241192
270293281
715868895
935244298
122131596
836516672
-1
255755233
279365617
951664216
879827561
129003017
32635099
512356126
355350490
347012138
410041209
626646123
667175888
259960228
820237049
497502343
517570934
333483789
455596399
-1
469565176
127999377
976630975
-1
760889240
524061695
785668663
237480080
809452867
126290266
774024139
48884348
242993128
894117759
423106499
-1
-1
79654157
361873355
-1
338291630
775691046
32722330
-1
934599286
664870138
858024860
770855133
107288828
40011939
111922485
-1
-1
356859324
842640537
793185980
102356645
903313781
345750038
901707670
44693016
86415059
33555468
647943353
-1
316413592
-1
-1
46055661
948469251
-1
732647569
233196974
630263154
-1
761666519
462153450
-1
-1
975564724
819635809
-1
326786544
-1
934018601
393369152
188631344
585519570
570005402
-1
980239972
785530958
253436184
272009106
572261533
763106693
155862573
297151380
214937682
873883027
-1
-1
834491093
593932307
411836044
487614375
-1
578677602
716148302
83788761
72623088
-1
968399209
823432097
786109376
-1
-1
236004873
789396346
705204012
-1
317477142
-1
769054151
838144507
68182987
674405493
706505186
-1
988248259
809914986
-1
-1
325391835
891534110
972926420
-1
798787264
320734065
587502376
-1
-1
-1
-1
71304173
843265045
278080258
925950493
455124300
-1
-1
-1
840362496
687657127
432416979
520814222
809281571
610336964
-1
-1
971826788
-1
135830516
257513530
779883620
888579707
486617732
188893215
85834542
828694001
31971556
581627431
397487449
977937577
-1
156683514
-1
-1
896560384
333155750
927071916
-1
-1
451408887
-1
296989255
286630769
-1
883557066
390778942
617678577
479438608
-1
841727897
470633942
586239913
277816051
472160709
-1
-1
960279492
-1
76149390
472568419
321604127
378095375
129198823
143702551
160266858
775548349
247900386
263680394
770398695
-1
-1
60520157
-1
446888993
493875809
157104204
-1
763335557
772198271
509138378
207778736
37235559
631459449
9738402
911064896
207055586
702221662
889148551
297741505
630654674
877633535
-1
-1
841319968
135152406
-1
-1
685437248
513333856
-1
201686968
730268642
909987712
9903470
959049119
26502223
532302747
606682327
647604203
565050484
295473328
835769477
-1
713840192
-1
723738763
98738876
-1
377036481
138471184
-1
-1
693390944
758848795
865140081
-1
533432179
243861880
-1
92947653
642333803
-1
278147398
-1
560611682
439529707
724057718
403655602
548406783
391328141
539633091
-1
193598223
474347227
-1
-1
22273500
20969950
298266616
832909208
194916400
496889860
-1
-1
7777270
304256731
114085874
-1
449336239
-1
908519567
665240041
427249565
41705770
75470457
46527018
-1
532706241
911477289
-1
-1
-1
461218486
-1
315184125
268653015
470597216
210946724
514549877
410203863
967846347
791790249
258707555
345151265
257600769
231800393
757051100
939386779
161432164
846120850
127558672
97787067
272278006
755169967
495735878
856525621
904923880
911764465
-1
396659928
560586286
673563065
979925433
808410791
-1
662031631
885211690
696610054
467087185
135531283
-1
880673347
750183147
21568485
-1
197363647
748347960
-1
426300107
97427238
675029604
352675913
-1
192837943
79210006
551513142
336365485
-1
37036477
16797865
-1
-1
88164656
-1
314095177
908412177
128156930
399950430
861001949
668683907
94675544
587912259
854738955
116583161
588506384
54302234
-1
353214390
401757767
596504829
980654774
496373128
-1
-1
-1
623221782
610156251
253053230
124538933
698247711
76271088
161609780
373983897
384622853
-1
282744567
-1
255305160
838743906
-1
701380617
744867722
748364506
10060122
351418089
-1
167645451
543124336
407884630
248909949
-1
-1
789538483
819636473
843996260
754117113
-1
303726893
747361835
708269198
505978566
-1
-1
451576240
979692307
-1
-1
304611953
776630000
539637945
-1
962233090
361881833
907084185
954799226
-1
31589970
501687403
96652259
417357882
535906685
-1
215574091
-1
-1
-1
865403353
299205315
817168960
986465322
638276678
566508644
269401155
642955830
577299183
427800629
-1
156678668
844419465
986878727
-1
949709634
248065680
599423181
936314644
-1
253245953
882840323
159034188
472710597
-1
248241712
-1
268870650
340475155
-1
-1
554802921
124303978
-1
942356433
672712541
-1
19839616
663586318
477573124
-1
889505396
798235483
182570192
-1
764960515
-1
572007590
200902666
944937982
662963134
575776034
101551292
437293478
-1
-1
678740435
809320239
-1
321402909
-1
819267518
962820178
-1
936921548
721061068
739126782
435747109
249168568
291989953
277288605
811562915
549336005
233482966
960636163
708547482
962720190
441780199
-1
488426149
143467993
-1
-1
943469475
896561965
981211945
172258061
852751757
-1
314183708
969435364
500594471
415052135
-1
203476210
272397680
-1
18457404
932767023
-1
268622187
-1
692493020
506943822
-1
-1
1839254
399118736
232994850
816909691
374161626
-1
611900053
-1
159507958
366482594
-1
116176111
163023735
896745178
981026867
107889402
-1
-1
33309110
-1
-1
726484691
924781720
873865440
244022978
499019572
581107560
13736569
837076014
336737327
810056643
348682970
267367891
906403021
617014749
420312322
90680661
561767927
308652255
796908005
-1
-1
-1
171567608
-1
602422587
-1
-1
672440547
-1
-1
390576922
907254840
932638525
-1
390804978
433566403
262078056
181934913
608952332
567361699
-1
80346070
-1
665427118
871906710
-1
462209495
799345785
782960669
-1
725922770
633294216
-1
-1
-1
141805166
734117663
605806838
983453855
660085959
161409356
-1
222062676
-1
-1
-1
-1
114947747
974461909
193307050
-1
-1
43940147
955894630
188125087
540636492
89731732
556775075
343658125
-1
485728499
377835133
691882557
848776418
70947889
-1
605863857
463666389
196628080
779116203
891799844
-1
831241724
102760660
41401259
607772732
133214685
542173824
19877442
439082280
866551013
656177252
940650637
-1
864801774
-1
399575838
-1
65756436
804997265
764998144
-1
514204100
302313040
770049345
55818349
116879066
255371108
291908844
-1
703662678
-1
-1
865402446
719053291
-1
-1
348432862
495844995
419541505
801511018
173303095
181645191
-1
287756410
450975304
135708501
114175115
113103345
332675863
193043204
316459234
524548188
-1
-1
534311884
557441326
547541203
766916956
-1
649640475
-1
91686018
813343737
315352999
718629358
-1
512222436
-1
620441483
927051635
495872494
303285321
-1
-1
259850400
864169223
-1
969718663
520655853
404367355
414863331
165118158
187122523
780545092
150438170
354009364
181311552
-1
975970877
-1
20111367
-1
-1
773300177
-1
591680501
930910816
926041065
227891785
376116527
524719333
-1
194359753
290185736
749599745
-1
-1
121732803
764917783
485287194
-1
-1
213503934
297504559
-1
881435876
-1
329570848
105207382
199631841
154473166
285849442
953906950
378440482
932655307
10984580
470599586
-1
930354250
497980966
-1
-1
-1
553317049
570464915
754900073
-1
51000139
463326736
461092794
435675741
963598263
843065270
224563092
-1
854333403
751339619
58667568
115828649
-1
516359655
625241989
742737174
342988424
-1
-1
571971718
107762378
209558252
26845977
126574699
-1
664291063
-1
234091166
549603506
17604166
96465014
156925064
-1
355552623
-1
-1
514128744
398916523
728742356
963485943
383054863
507622878
653174827
462838318
783392843
148157937
519229347
384603473
922234338
609267352
-1
619920589
917321743
493333233
335567235
758056529
507145342
649872509
432878617
322905830
99585304
-1
798531544
290565049
278119083
121217301
-1
301062580
-1
586335717
427857821
510454877
900187054
858978683
77618698
528422952
147648031
23891024
-1
843126764
916891268
-1
-1
724516011
849532
969550410
-1
969079929
890722875
89695996
18383772
-1
717856525
761243487
158568894
594342191
-1
672819103
723989084
52481138
637122416
277548271
-1
679194889
13929674
646328626
935543953
593314325
543711205
806499774
874526134
704347430
728606138
876987274
982641555
-1
17514654
58766963
13317143
869446116
329207827
496332824
251346843
-1
709020497
330055402
-1
904598038
664298419
266418476
428851420
-1
692004238
299608756
-1
840564474
455893612
145687342
306844184
599510593
972110366
943752777
646223999
507021069
-1
-1
17217651
181402885
621559883
-1
818822559
-1
797487552
306699438
474257089
933704922
303316882
884191466
-1
-1
722825529
23437829
246138355
119515391
555115994
968409860
426564460
343209332
-1
260276464
151800980
-1
445963589
228636934
370535360
39870403
347509271
586752842
27199054
321634373
930594931
626079403
107002102
322347834
69883503
805878046
504490571
-1
459957800
320537108
379874025
93308017
44865316
903879152
190745228
-1
742171772
79858778
684552523
827921008
81441441
970387949
-1
485686737
-1
-1
-1
-1
-1
141791675
-1
-1
973406201
943887625
182855195
-1
-1
800547440
-1
322206611
15907485
104615752
587188772
845813657
53027958
681281587
872729834
-1
617374392
799434034
904090036
-1
312576264
833841288
60642887
265765660
-1
929863700
-1
373251379
869476734
853106974
-1
495780885
526414809
-1
-1
305497091
79819593
890442749
87742943
348892956
671301962
620786846
110444130
441863412
-1
680559870
430730079
790904593
940424342
959024744
530328043
254955542
533851061
917876407
641079943
828817411
424509522
297959690
541285147
609233422
848614689
-1
-1
345714600
978044829
658541557
-1
-1
702957750
-1
413314131
444464784
36164615
-1
-1
978834119
261724001
-1
974758618
-1
715076531
86562871
471898644
-1
504243051
-1
679166144
604883308
977867012
214985722
161721829
756707438
783743807
156444980
-1
475542589
606978363
-1
354227580
456524162
536270343
-1
457811218
543165292
346492312
906534455
700681738
685671550
422681563
416474604
566916674
-1
-1
262014181
329305686
-1
722215559
144136484
40870900
325551841
944180317
342656118
-1
99654836
667098511
176605560
822955039
-1
-1
631287016
501457546
480626411
-1
-1
409694286
-1
350656523
67480462
580150842
-1
844224692
-1
185677847
209113101
878281171
414522883
911388471
691824564
-1
311885279
252424343
330053380
707113925
540310606
378015985
297732455
-1
371758602
314277534
803984168
777825940
691166148
908065062
498486852
193501853
202373624
64918530
923453888
758712233
-1
973956885
850488628
616409054
398976419
185626390
526123859
50644636
-1
370532926
129760368
-1
506343196
672120912
14516873
892060360
576676918
336831801
-1
554740048
-1
808373626
116425974
-1
711858374
724650885
112654167
168952248
-1
-1
88575846
666575130
572825306
905121490
561898167
143826882
-1
-1
836979020
-1
790456278
217079283
703987067
852064398
9820661
716990989
608141621
377074150
565752986
-1
893852163
-1
883854926
778079072
269056258
-1
-1
609620337
515117348
-1
790046063
-1
443132677
409068405
150208233
-1
259307571
584427434
-1
582772389
558519454
840127333
867549843
784620044
-1
-1
-1
31979893
773902984
-1
765926582
783671926
964571587
-1
600876664
745159688
-1
561355285
126747694
-1
467974294
457204687
490601138
20973951
-1
479468320
-1
-1
617244354
787395270
461919433
426130503
680887203
329356498
-1
261650687
924507737
279282501
652815839
118347347
423350357
-1
624852527
487242801
466949031
383220757
-1
862009255
605268067
918894775
-1
372349928
48027183
-1
939883221
776132983
491586175
787839327
-1
542905330
352136947
337306807
680441554
827014625
834140386
748824467
285453801
156990927
57008931
800586585
895823025
257929373
691620384
851037749
380769668
-1
-1
722926756
954499406
875336727
451246255
287379753
-1
854648657
315270604
687995842
334074124
248116526
-1
127616388
-1
558883996
834758190
699626534
35813343
227970953
978534234
710034686
413572400
-1
780935730
-1
134958885
917606453
916034050
-1
7538335
881621465
680053214
-1
656693370
-1
-1
-1
-1
182416065
18597100
401024721
845600252
509295396
284012535
92464395
254275232
277734592
61585159
891107519
156333935
43230367
894091341
597591271
831178026
111847226
-1
-1
881533326
902854562
688808656
-1
817062886
-1
60700695
466006462
53555518
662434472
172218945
-1
-1
-1
843986572
-1
338237196
143999613
-1
844587251
-1
878880521
936012396
284549856
501049976
-1
106305334
691101014
185735527
757320000
444457877
-1
690917292
539859707
631127589
758397223
217917459
-1
-1
498198332
846857615
237258617
534205958
-1
317486114
358991043
676667891
910204193
714604315
-1
706669070
771598958
606043375
777910149
160775394
842898198
64673780
465665625
-1
757273016
849682214
328637299
-1
183577680
309999547
842609724
524206857
978339168
80946475
549722492
864506350
-1
398923116
341713489
161840883
513163059
880005131
401629603
825925551
884553347
228949102
928497877
609004553
-1
975486670
-1
420770359
417402196
-1
928379490
171754655
246595860
-1
333997164
637569581
451082669
952217009
137667457
890342490
-1
631125352
172190380
580215954
-1
883342744
594584630
300706259
-1
-1
170182315
-1
255224637
88437953
943977433
305232812
911070403
740993603
977305734
976900042
607521015
979195725
913289715
425290761
500375106
543198563
525015590
195242281
-1
816126060
614732248
-1
620288011
-1
107162335
831984660
895047318
-1
661219713
693921494
603728171
-1
466702248
285811535
128319282
-1
539840559
-1
-1
856697282
-1
-1
674148084
283165605
863635587
649597094
484110368
894583126
-1
753361571
683241055
857606376
539525317
65287663
737195615
793787706
605673442
122420087
-1
-1
411072174
950902067
401936578
704758282
56512922
658258039
-1
975424990
-1
230258570
-1
649980795
-1
-1
-1
-1
84623091
-1
49636912
77295795
-1
-1
60506545
957841604
782235950
-1
236938456
200557022
160921900
237861996
555137073
279924706
-1
215568974
226619640
-1
807122811
109790803
-1
45327602
105153452
317730316
20230244
294381802
900849706
410116845
626829381
802952090
796259448
31515416
486826780
344346086
146618067
-1
-1
373482093
11240667
879732572
642247077
86564001
331738155
780506472
333524835
-1
975492042
46698172
-1
683411052
309710552
450262273
520447554
875766561
-1
-1
242918401
874837546
820223641
244287441
696931241
914143650
808848923
336944973
982824761
307980453
-1
726110987
526528904
413380345
557082202
736605198
289710537
544988908
813430867
832895643
515005448
-1
575251062
-1
899585786
215545265
741055673
-1
523041338
134867626
-1
163271324
-1
712242688
-1
974567507
253043011
911159730
-1
981667746
793232020
604690701
712347874
468896637
113196784
815348582
901323816
472616987
216575002
-1
759845779
295590451
677635805
823438355
186070375
193803711
751786770
-1
688087781
-1
458798698
854543891
688412047
657778101
204481538
747882274
501315092
957381971
-1
-1
-1
29634167
532837116
808710862
687098098
679879665
448024808
989238820
683391700
132631648
954775474
848691256
316485630
386043301
944644562
529131297
-1
891172513
-1
493782288
515221191
-1
961592327
386249873
-1
-1
-1
950478005
170474175
418787344
105450180
354351544
358266456
64708592
17260923
929210366
213324677
983705512
-1
49961248
-1
219833783
781907837
257574261
270261415
631546396
958294758
413131096
686123160
779829999
874637581
-1
70529701
870445910
181077077
944794573
882606960
287091136
136924413
372652512
-1
591051912
970187600
568120049
557718947
-1
920165757
699448252
765158899
703261382
96625148
32377071
557873808
814245667
609395821
149915486
505659461
-1
224836345
837610308
727386409
-1
28857927
747256467
764041336
550989442
418226854
333159655
-1
130292682
433791931
83088352
347732764
741568405
854729685
433713868
661257113
839382848
937576157
230635217
-1
43681541
376643358
173647701
510418573
231472694
981341928
43865678
-1
-1
789261201
340380885
457255699
493449147
909020827
633078734
-1
605365307
295334902
799845310
-1
722718919
634818371
815994068
173488572
254882506
-1
960032546
-1
503497196
240429971
-1
959181048
23142379
332944968
850688559
223592257
721941648
102158184
489430606
396919420
45794573
316256290
-1
-1
698582492
34208535
367340361
32597554
304040656
832347773
-1
-1
-1
552555368
92857729
297960692
505869834
406097157
930774284
348703958
283181882
172384284
791859922
620554351
333213060
-1
353283054
37122139
331576987
238746214
540461703
7810266
-1
248802418
432521219
800249242
-1
627973
-1
58594263
191806212
-1
680063231
-1
-1
211607086
494282935
226039160
-1
415438543
51177234
649636312
939467161
806709097
559704248
378663237
872992791
-1
381598537
618012051
-1
873998391
-1
-1
480771171
238405759
723817033
284837843
714354690
-1
797192346
694492673
788314578
-1
831785794
722106072
-1
215831879
295841893
42950359
970756284
95693138
286767501
16407737
-1
-1
-1
421415729
-1
340040273
545319911
247208958
235369781
874618668
67828439
-1
482788852
52842240
248842627
508182521
886337343
577582134
522832263
249935936
915503636
415716402
867551311
663342426
-1
128408079
9946920
-1
114074919
-1
191014609
410765384
-1
72377611
