212751070
306647978
875177931
164376826
381307613
107849774
81443613
483327716
29531673
176268530
25559727
948453
137306154
231515482
433583090
176924508
522797506
281767441
50022043
476854254
169406610
562480069
193759985
844920781
691522674
762128456
369815534
378139355
463265980
466552198
481588620
223799158
162868698
97490251
637630075
80285225
61265049
406294671
39840177
162907882
217801307
646759751
327480516
44646354
265240343
296504906
411877399
633395412
405614912
61633222
317837669
58731669
183338109
255467680
59150990
406016419
40870576
428669164
27292680
112408406
456224435
7352730
524237668
306260529
403685880
337270108
35227560
460576902
82613233
489779845
620721289
547540441
682433736
5877583
895916481
440930323
241780903
34137437
147157272
434244383
673535327
426671191
44334425
244815857
388363897
548801890
242352976
220240568
942257768
592129077
167604970
643758269
93511627
252623191
261487766
92806768
373529937
521412066
20225932
8734325
80407078
300529826
135312925
337629990
147444365
14447241
302066452
454535539
310503481
167848520
55628853
106595573
770418105
90325951
11557491
17461741
132600378
414204319
658213613
284680038
570540308
794955565
101605841
724032079
117733005
587935268
445530664
308438085
628724502
377960650
614485922
285766064
30247971
115406831
835287747
331884374
440178487
449338125
575673065
231382638
59231144
693592238
561313513
32895744
63105593
313057068
361816949
211246973
473979857
467597324
655218611
233159223
288350488
545949120
628846571
156562914
734840206
18231715
265207936
631110399
722271202
450603920
431315212
403372932
913724625
216255889
368619758
112281834
489695323
299277647
694534386
275815457
448113673
712034048
221989217
752587162
165129541
786359325
192740085
82971879
327281113
157565686
384019295
148930701
72715350
753584186
155456853
776923895
656148405
66501609
195201187
410922869
32271264
406843790
2365173
239036375
333879297
170887420
395497029
182159891
759578923
293465233
9125730
47614571
407115035
310457298
112443209
96614227
355571262
342617760
126251480
427465486
295737013
704737987
342751981
494791630
280588560
451721873
331959225
14535430
211542213
73918490
30924330
64980592
225586351
416990290
168964531
303037685
206529171
232774351
49608427
425916257
412672194
379577205
234765369
72926441
356220590
291723571
42315148
316805559
247744513
742105580
129672261
217579651
210846436
686715559
428673964
78976426
674467480
372026085
880767698
68501507
219072914
240683686
36304539
66566699
94763689
454044705
303194815
305773009
164837476
113275098
531412582
160155492
119377201
545476011
938581481
888505319
94030216
389185806
841177132
125210646
274516218
226068004
132123549
67373104
114333116
72546747
7315329
57212963
303346117
560512981
22265066
7611258
186935418
726010087
421477363
442060494
72804233
782341035
79366713
91067556
329454463
438938121
535309536
151858933
73800373
234334421
466057928
74087789
690366635
69211989
283547852
25952548
372840877
317990547
285025665
693301587
550037980
207144078
214236823
127710441
155113445
297877642
107051642
159660420
347626723
210702762
46353157
385463772
7467388
292748453
682886504
494838307
49263041
52389656
614483891
213164011
76016311
18784204
406839912
141490520
673122235
31254253
110896456
675797720
457021846
187281510
437605468
132358874
25948455
631308771
155658641
329242964
846908888
771957598
50166107
331271174
28079005
142787099
155237197
418152377
490783756
15449688
557761744
220974529
493016108
171068279
127029881
638710028
323028342
112759829
173434325
110147442
175101735
94336940
462933559
241128867
204843667
100985867
378618025
375115527
868133593
744928216
426939362
310131485
39831533
61769104
446358557
328721332
42187845
713853724
760570352
73427456
124235314
99173020
317162216
525126149
367235448
23028302
336274470
404650325
230917461
398519165
94247464
88201112
534430847
548984066
336694064
178653966
486171435
516722455
499600550
852823546
487639245
408653889
58335054
870132090
418875203
47590529
445285005
716323622
182064209
511515670
146690747
368364626
259167567
16837168
215221908
407888040
190705425
871859238
46497842
35632847
410927535
467651108
43041345
666657455
316190975
495043083
50576148
538978490
283723440
393909237
607091808
309049877
357306908
526574855
663285713
110041299
91141993
255317761
593114431
224929299
321945094
25708163
527929958
445605806
98483331
199790689
187245478
197374326
197755898
367551848
300492046
652313271
32926720
282951284
449577065
63266187
233468172
437316638
226339908
431322833
601576333
493607535
460714606
19637524
48723594
133193175
392752994
115559947
46907836
216258263
213601440
432228964
427968477
167699259
95522870
255148489
95036210
32726040
383190860
212803176
486024014
174778990
63673685
123343026
283814779
548565731
83004941
90591723
6841092
246900143
564981581
342695328
58263722
201743686
566877795
268580818
291889128
381511876
472412229
436257841
135571406
23544671
44155836
335715856
520665250
391469596
272237007
591084864
159678878
551817158
256889808
171866035
306149608
477848800
285080658
75552621
71176328
674133091
7332211
179951938
292814380
332975735
352831193
383588857
334781065
75225985
188078838
315609068
79197715
479394445
360661614
304550947
93348874
188692222
14871884
379021300
753896789
134472531
169472995
383340166
140556950
266645938
879823267
56147622
217104215
433081593
467239032
45144967
407208537
25605877
364485716
37688867
251357707
365708826
280273705
418684483
691011563
198980742
341233000
130793984
105411689
112892368
104603750
786522540
468269243
139104214
306677032
847365625
278207850
326136097
20922547
689799628
173516539
140451215
333808593
262663464
2365235
96594576
449674071
42468599
67430037
304047126
398310263
193355916
540623419
371213177
78613250
525623468
238530856
435456412
237205620
245628920
217734
126139144
35809200
371563431
342432189
356366665
382185455
363215737
649398128
601479317
77548325
258616581
138319467
149018837
529938154
572511487
265783214
341530749
665793613
51156748
69854711
338857199
879563216
461441601
338977374
682984054
176712633
620356136
35705401
330971529
40100839
706789465
32090455
692147180
555787421
68212039
624495076
483671804
671199991
196033254
519116665
138509292
909850112
419654871
240637092
163267409
442879731
19990324
19534371
20421429
299920281
247779374
58515664
610517511
24685502
580491251
187415200
819445107
355937811
442416306
392558988
129102372
504645321
232238795
283814453
588853285
510323166
290577090
324454673
73607944
614075180
15186992
218172322
341171074
438656035
639513637
401541084
880323120
680336037
737679041
279090117
395356512
617333579
193437850
198944283
481898699
334344872
215920182
375768002
147684698
466243731
168201542
134638680
259133705
870398972
377630414
128038023
253625465
287195420
266742896
267788427
13079840
32088589
451728851
227897065
246080448
250746311
431834663
114581428
296723673
644292959
85109136
274366193
281113447
318353912
469856567
117911853
917392004
74248122
83028484
640929534
237853596
571701765
142001710
105158784
577103313
99498280
260924410
583911164
106125603
230539437
491467041
139655056
227027930
221144826
290034192
880708789
178586519
340293328
335679331
54246287
243782983
222220092
221035567
504003572
554451309
256310360
266258374
190123137
553159320
65630884
10102685
8267571
518797713
347819151
603213723
392181396
433412785
244068381
690073521
657282359
49623880
263537606
254316055
211137928
243958398
551437819
11022038
450307425
289554743
4177878
294350274
327353585
281841267
133952791
35764808
193666609
529682659
387191745
402483073
50737977
518433449
41275390
99652479
763121721
607195979
34698999
137519934
626535492
368559539
197845950
170661433
106564309
133532546
478973901
345184434
232840368
54048874
534297056
134800107
654353311
593863865
310151651
457122574
104533811
141519811
406268933
758020514
476657661
179926759
818336477
268684666
341597657
253712694
615193645
344015192
163461873
109890090
108717814
543038007
429209433
418072208
488289843
628790582
251665141
590909982
77923932
335772059
507414859
108597553
310393759
614449307
352585815
88415424
42862183
8664735
169700083
254372620
299758959
489205151
295688818
725454742
33537769
543627103
392705274
224940757
210263798
557216122
694355677
569440150
177197221
397273901
617914850
177882232
127048338
278299407
355711466
450917822
212760664
157860388
439446306
137840395
190549380
157564962
343719899
556267735
405859220
496599383
426537405
123055378
104492170
535915287
358068937
291137397
311407972
302152261
31903000
511536052
112690441
594810683
404298916
281929646
37883129
199800614
340790889
302720967
341696836
363831228
731407255
86868386
83811646
364785959
61076321
394620196
522806731
258746403
91574341
45624699
713950523
87706361
31650589
135044437
222716
293459399
251898932
204754335
482657055
446472631
328069187
409675144
42496980
66453961
622375117
118263722
42708984
289950437
648480517
505683076
327888928
311927490
263469450
419117364
393547651
59746607
122473740
33487051
501539312
323988610
457492371
388801146
725333058
283045140
82284701
283020284
119978971
277907030
136232549
48274151
333521308
490846221
615259648
313220321
234821461
145589166
311994954
416543034
377882013
200853390
604881248
394698194
104399447
377356187
663711333
13477639
778965392
487844421
169310848
198108410
171388641
410307259
672668725
542829182
434571278
294133377
386538263
294561919
234687465
314041444
225562711
67586761
425757955
88851060
345722413
832299877
930696697
784577028
471013648
881594695
383695752
880483241
221745624
480093250
82502909
32032270
801059093
52452916
482739634
366281260
473363901
274433121
601666588
416533465
392369010
295843717
415513726
670204572
41070030
283258845
98853159
48158373
55948397
236877324
438524139
307217406
698936695
264073394
136981205
22172444
559261574
337118456
506397294
72855798
71820654
259856501
398712407
37374037
111263827
189041242
511637937
493298706
282476692
184880479
428044991
553994934
172963476
738263417
333823432
523277347
465204566
650558886
62304688
819503236
523810084
618207078
189575586
192022367
309741603
162622438
422447457
385943807
219901741
281213671
106879563
44704003
140676130
377362148
477418457
613751285
27427167
271187579
705560250
545383229
373610098
618236293
152447276
627082635
72746062
114125412
419789697
46071130
298077397
4665940
145090784
89338999
203139529
299105363
343624595
287256243
410022499
161321054
614049049
259380327
558110382
557600721
403541115
644128684
27480408
118842313
133161365
210078128
56250553
537082370
24609332
330361753
146640047
246494871
340893780
408059483
344884840
45915435
5921595
420264058
660619592
698821812
525585604
245634138
324064312
270000284
492301825
206438146
595979333
818153879
433665308
112230690
348362736
36940491
14497750
219870673
227804766
177652510
583954519
29321007
451348448
503894219
606801933
235274862
607525296
128725021
466754563
221279875
284336581
894052042
190586181
163230009
176899090
401200990
266745647
34160850
236198244
176975310
327123753
716531788
405667299
240091743
1631911
605928177
138469803
283857586
380025812
307847128
95844702
675333508
289406008
14221992
502962453
432363615
8637634
257196509
127058184
336801489
207814306
46456996
449758398
478470200
152193545
114203792
237739810
4048943
488999845
406924468
62469857
366783744
726431474
163309172
33118341
931254817
108834438
732598719
259624448
225236837
30912084
123034863
511523031
71643138
256934982
121556173
4288193
347399196
5735556
103205736
131560787
492292389
392411405
369494602
619601587
780300889
575959845
98620349
866887831
11536565
536162390
47680979
372774213
218793831
374433690
618329230
470035079
919653616
224959144
232728746
490599262
402152645
289856797
245573577
69731880
589388794
489916167
231776790
15807218
329649993
935771977
333021833
495138140
531426042
114548059
461636143
187416286
376347353
453458392
163229886
443394935
120661162
648841414
46529166
199930655
313822841
21146769
493791738
291734166
152360333
305682994
245256363
456178795
3162896
164005509
305770985
447956487
587661779
233831754
576998374
177883593
195323164
134671936
535104675
572828077
192492179
315974171
221948107
178715323
251462050
69049634
30538812
221865834
504343034
559123334
280234469
43685611
401292540
108811359
287616221
319847770
78292101
169913075
92478763
616518456
266019144
276809644
321890521
318834504
218615935
381225009
204611632
458686228
161576125
464284088
2023304
766400744
478482371
47234312
136930127
624949049
154582018
488526859
277058544
62966504
79639811
381354520
27249671
28378950
198976905
258096692
123183084
65628258
93851995
252177444
90416426
148187859
144616222
151906314
247553608
753827830
40942738
124833553
427814863
629868329
71578930
114592267
653118526
309589918
651790481
46134472
203740265
456996540
5915843
228047847
322107854
321014683
108923215
314900599
81555728
515129921
62738891
147171873
449226539
234529906
356830838
161139340
249048345
192698864
117089567
421557423
509278382
496965457
294440079
211407707
445641004
597064820
576273176
134370159
15882
545780801
391271957
178638802
59793421
163794567
55422683
90313721
111818349
418731287
15909224
522124274
767016013
8578806
504150226
356694712
15412753
86735038
325500686
103493693
230770122
620108889
545181840
474627180
93307813
575726618
286439686
607792843
181414849
51347083
78388455
136333797
352445063
94684207
197184503
271692589
5769332
163010224
376254550
539444016
30516565
194130950
234477855
27005459
502147711
649106099
365115400
131264122
51319508
85204011
840975872
293684800
472115018
437408877
374573506
758153269
247356848
520839770
181486630
448780675
14499579
175884144
230550217
151223853
292575986
408727466
538317928
21993639
550264111
62933639
178058400
287267391
309663254
424452526
354460410
353495192
340694358
740316422
640098141
512885306
548201832
201925218
247990721
404218499
624345593
36980201
56334963
6020875
13554116
743466874
339089026
684874061
4960788
412996608
678544082
19530254
527914216
210223271
56855207
76752579
20533591
121928465
417662055
363263261
271935017
455730291
127136049
391729602
418151439
271984473
196096613
57905932
191518132
639278673
220048620
328817481
972489489
721525298
186386594
472711833
365627711
597897132
37761328
245295385
386984257
168890267
396740599
134577806
90167085
533002031
394976004
515310992
86131575
100866640
299599030
144999208
623952413
24272256
104478747
544572201
32129488
21890997
896262370
181226579
288150818
355126864
355672494
900352
277275064
160607160
226905520
320166333
200812211
291238966
136691460
820589
206236081
558880308
562992375
511544829
117015216
410553840
259476588
282988834
125091592
177322880
131386880
406290013
234246441
439975045
405391019
437332759
289010197
14882365
38291941
562242538
347555593
681196376
46795430
381061684
265484432
403859234
30143619
293631822
516027834
197993147
308704748
759925461
559119339
317921687
369361315
323212788
337841270
37199626
526047981
372900125
248617038
240650401
457862020
61092250
88716964
367649817
403695819
421491200
465434393
198855557
165906344
486241389
136452283
324840421
292849148
434839483
51149057
333253939
454988692
473676926
584374708
257376698
114051801
660372313
301318871
121377400
417733853
287206039
194160339
447916456
422405158
394631082
58996490
390585451
45800960
54755947
211791038
39488345
261622873
141960588
123307148
58839926
609355399
424029365
190960290
313362600
362282066
892536382
543740329
14490706
367702521
518457306
332640431
888103489
135587305
89568627
166676032
514487557
745223294
704221955
712919351
149362134
214269789
191075624
289853482
281497674
205205795
30779540
265409603
569757445
147086793
424591773
280240652
423888021
393867842
462420172
299400275
114829933
205754753
334519203
87143433
73292267
131944266
25482141
690302530
145979316
558516555
280363439
98420150
112304135
581772059
155385655
259008675
181707021
583801028
304979573
270313199
332998925
346643068
140077870
722401410
316127095
18977138
167444696
499834670
480463804
260157321
834531619
403233759
104107698
402603060
59027943
224058471
330283630
358427178
844438932
779117285
840818690
414689917
150625684
32303227
299284169
199316391
729720694
89490869
509045139
131065337
207528584
114848889
650760245
79429121
333113415
530332166
454622437
161223787
54658205
350336225
158214128
369533512
147619904
792101008
366506219
446677446
432231598
32938328
403284463
96543254
204957346
263294842
334986926
503633052
387943059
37016990
19882213
210073914
218482524
552817095
281294100
432472155
138684155
639590825
606102178
265182982
772269515
144865285
396700043
220251272
51003158
213493847
466069290
320171677
185586549
605356838
437109504
614964974
322129157
582665533
470639254
555960346
593248868
157084745
189587951
17310742
4473439
234973739
194337678
278435014
153665712
840731298
90690744
601066277
316405176
13907011
499390676
137223846
124998066
519085680
406854253
282898833
176717689
277051761
351309801
357499009
469232338
139968226
62500839
648514862
338997396
547114658
22822173
423721307
187537812
321459776
412669162
483677786
91702806
394433832
276918366
412204971
615999895
607154888
112758628
26180876
205187720
506830942
509828126
291895766
824865517
559963245
182671927
120589650
483836811
277082748
438798111
255307542
36376673
122114923
124044336
178369122
236843081
241364657
183411539
329834216
614717895
257836013
720007844
921293696
101560518
135268219
297476722
172192827
400584201
180144778
620790718
172608417
122717196
77635685
294147985
103885338
444087289
291304221
190576986
466696029
530703639
140502597
236354644
396997340
314841388
23970792
482686952
59938519
376361790
417010423
755169234
120899698
439405285
263992844
298763183
306635169
559276160
515095123
8794235
719877816
342657256
675183916
312175254
339863228
348286199
739507085
306923541
374821195
79173229
88935036
102654724
711944693
212894492
375631381
281801512
171065103
72210146
535113193
335943756
21709407
86511041
700976888
836263690
45300649
439258853
184061893
130379624
275540754
31644125
429681410
56294872
249321742
446158187
156761372
453861160
392955244
127162318
173336160
13502342
378320052
376740949
318283717
632601724
582988683
859219011
2511467
272657022
367156833
39523851
346031336
281085375
339315642
256296872
318679953
62145850
109617713
6634740
213667716
251738782
302605708
390164617
749658650
455430830
208417443
788310533
136183929
506640598
263800256
334301169
458453581
367308558
203530786
139660286
358933050
425981724
304176218
90519448
97324185
510880198
232195196
665028123
4169813
568390287
187222297
902655846
337153938
646278093
32097951
373393206
407167170
498955344
10515077
145072946
242432001
795181148
67578721
588086557
98665268
20806190
441312905
172719846
485306574
250002394
20050442
408320495
165911941
566868365
354531429
306020127
369016748
263720267
105341265
313826196
861223234
151643903
35853579
332701541
706866577
125676236
496843312
67627779
34421712
408522662
523001599
136793922
42615563
321379802
8686065
589784984
536336127
45769868
160147305
108575300
203884615
194787399
604005863
339591504
53452506
58363496
331349536
265151234
45458808
386994641
400019807
233274976
796988392
303359501
453737194
437735939
346674305
289319133
242509969
321627607
414701015
35621934
256668067
425552222
891958119
236700910
591376862
625198609
128032152
29480008
250252394
576095770
19763634
492450905
60526926
492795228
221306779
395200421
265155593
226133029
471529993
267029231
272817312
145652668
613416775
199895583
769299606
449160803
135178959
335070443
487244355
141275057
158330661
808970
9778852
54630888
538696148
1614258
265486726
85570222
474311566
487351261
182652711
92280114
614449206
115716934
54209274
369135188
501212885
60057229
191151047
634213237
182091765
42381617
177383720
53329025
22593028
113405245
34534898
75621731
567168931
98241351
359038520
127299615
536766114
664078657
193038185
526311434
399981999
404256037
698458900
257354312
418450083
115771069
184398964
654532619
325793738
506030011
270451573
148626024
247561899
494942759
129774711
227996257
636296526
701022643
287077510
516488836
46105926
599951205
551201708
358194772
332795120
208864918
394172837
276943767
314852369
133966031
144788339
184804131
381868353
95514294
103649958
382268409
295784541
644589397
81067416
184404148
158492435
236338784
701550946
422539296
201274940
501866727
267118391
536470133
747373436
595165588
6084383
228374682
416700567
205644566
405743820
247692055
554844189
29709029
205005213
396742826
146268240
884388975
672308517
355508390
603820845
457731624
45390699
284528429
362380314
138711147
144723336
488391654
683379992
240626460
306443717
358117476
183169550
292102561
240235615
86179151
814845188
398235943
548384055
861828242
8476594
2001012
749395440
19155954
45917956
572833046
16818709
433453115
420134215
226615783
302473082
291679626
632258864
575146419
118017247
386647113
400513821
405554705
308395740
303933383
276656744
352991808
399301613
90338540
16423659
349886362
291742281
531774572
424542037
426448354
259223254
512485600
339828672
220786808
412158664
242911526
356861406
303142619
553844015
146950272
397824506
353328744
735880663
566150637
65935478
436452981
343498351
120993431
163876039
621760004
598521960
518321191
41773306
656099160
618883683
36287911
35288693
387488539
38424720
73872144
615389593
474254857
121869670
752008657
315912864
74215506
145741332
150799650
102749676
39701180
435889750
587564671
397529489
191510736
72737215
493438673
489529972
533620797
436342230
29296945
329920775
245190515
37737838
595358554
417792957
273624356
344476044
129333875
417401413
21054198
574781087
219192475
36073631
318549229
688951239
35420984
737863079
611366824
709051061
14477681
76203306
112206893
126207259
338050872
139314855
579825336
535927602
92289107
349588081
665132445
71708758
640692227
518394766
85354981
586605590
253001132
342525103
362231074
72330418
152179547
241850536
35317472
163874099
366255599
221557537
402421415
24070829
276483559
325378808
15853140
448694372
237445915
129442837
118453197
385070996
350628472
80847308
500186206
216361612
295076212
102337557
116906895
294457356
318580881
48828423
293334310
463404458
94760741
525331668
592299667
577902607
474714115
169678475
41430195
482017826
455331287
389936633
611873230
565916481
650999090
432440365
832909799
75889394
168332524
137716006
515749357
428645911
476999460
645187587
454308329
317247588
296246390
581015127
381628960
235163289
570610750
337416831
26581707
638178476
792265508
284101616
539148795
505250999
33080002
398199446
584637433
351977948
680622904
55288380
282611981
583344797
181537517
113623419
243489094
14316588
4303077
391314506
651600074
404725343
333152453
285770519
379687063
279337259
709659379
499341237
388632572
860296518
176406224
25904469
580314321
591089678
53000990
442558033
34489429
393479462
180786400
557246072
219238286
115416430
37637750
246369156
325365211
157146530
870164492
235356767
149966247
398143750
293070508
277606201
469013525
567583298
329627276
357882664
429052559
163657225
18655687
22209891
47894119
484459914
297957991
80184733
730313977
258425099
112792581
250467795
63655896
159350131
75471108
715185132
143332192
280830013
580338798
308371334
316778510
423843265
245269503
265594228
528746335
291565661
517316714
420569956
667055480
105563919
291030279
157604725
720659484
279490502
305088609
622338021
18422644
123799531
309585153
622797
488617626
97215405
274429280
1275302
468171994
58578980
429731117
291062109
312931573
242283220
448971099
360116447
663246774
730724530
129299786
199193493
280276212
96563304
39814512
940572773
90091564
470952622
271349709
25182490
325411786
289920365
359339263
163526366
191158207
502768175
328943351
466082737
25231418
137283430
703390722
463369934
355660399
308995382
113967073
171462559
498090838
140020804
231616537
655356890
109915401
40121151
604949599
687620025
543584252
81887510
361892537
15881231
494519461
73947501
35184439
50331364
189280896
436053043
28513951
141758
18987412
898759262
829581639
240132748
174561472
492108013
266569455
154769485
297497845
395456337
549973660
393472103
262515080
526391384
123548182
210842743
704565034
239315525
467607228
363597643
364327982
228658405
352974571
142130017
294090069
34667349
416217760
236084085
599199181
798183762
553779074
138007879
370955573
129246047
747365542
128555528
323064558
328400987
273191213
7764203
11822999
278735012
194054047
384398056
111776720
192906346
472834912
483660303
272447612
22355403
126700940
350942151
753937583
167610850
299567509
355420858
195976559
34117940
444874054
173077923
338067984
144567618
430393447
95775475
380870985
454389426
352777119
271365929
406096501
457587831
84674238
376425033
430878890
490399205
146673422
3342793
148736818
122319884
442811655
590872386
189046644
334305280
702515216
394342702
262260830
82139755
70597819
254603067
323759087
416884170
701905929
864309413
143264202
292906412
82294274
253165655
306127322
164444768
240279361
206588173
489887573
233091175
352434266
516282965
684423802
507705837
255035281
469018357
719709075
723097297
200907789
455028416
478674517
327116641
17876092
613133435
479600568
48422976
954215657
745406494
306923989
4771365
515982489
24771028
87471511
69883165
821903116
104339025
415463886
530067525
784955930
62765720
75858038
462776893
157516946
156583175
271580952
239323225
234116561
632726550
505492290
327172888
29652530
293849281
220825759
282844951
24294985
345042587
227531966
423917414
738969091
434807303
647937709
631893756
220562400
449045084
268987840
179878167
179996136
55306455
84829704
181688313
177974915
660556941
293896258
709741558
91824628
484048810
580273972
185632557
808266949
263896577
127349791
457783004
40897513
3573547
70131991
244942310
113174309
257010693
99746657
119097366
750038756
590888993
811178
367092293
228739324
289140967
720225613
193564217
380462189
197514115
70613907
457910523
524768418
6583167
58520929
323441711
319531573
219462764
47595541
268869714
358697913
294566599
343634376
395193899
23663770
480059005
292490783
514722893
617970862
182869706
435477228
499633911
117660512
160417550
225230338
272773695
342240472
380832378
177619132
507568346
504599425
201566862
438364314
31571556
439345208
42496700
497760395
401327195
370573870
472384296
307708254
385783656
307768421
571750938
195052382
333802400
101929256
116449835
68318042
226781390
217214870
620461294
562434410
442010929
344327408
439902519
146602144
366281962
256236402
111903391
226085994
161321984
244389195
698096556
551969812
391387996
674740889
264914366
299680318
506214760
25501204
672828598
44099173
134765631
355343421
412812406
55848269
134734648
119100186
941900598
197072174
288149146
305720663
594449885
759502429
111897775
190763905
352021618
139694970
151057719
755187303
83968222
293329440
306769916
374443536
312404037
116559045
378584317
189082105
422012988
439977579
404905409
397761027
484799566
500630950
194712872
209658450
276362018
136416186
155874386
227400937
413977085
8475414
95194763
538132219
223208084
35644453
95462730
295356978
116717709
267723924
895569947
649790264
122921371
310529057
376913702
167612219
169626763
261395069
168929568
244636065
111832025
490851031
238786491
299941772
252028627
246002849
505878337
346021547
68325153
436821204
497179814
114605736
75793037
24684856
333290109
605585551
307799378
314945320
157442839
299734849
36970442
79941265
551992045
187325142
263008012
167660113
368187184
164579385
68847210
446296016
496037935
457209099
442995531
282928418
470555447
34575942
312996439
754883794
567745580
687601608
705265178
381915621
433554895
289723114
574827748
218074537
431452426
539737583
77344832
121610324
204421339
70680383
822195968
303284573
604611014
437041176
859559953
69694207
272513407
497720630
107300496
311514990
17183902
337784011
355618781
645145011
125121072
153380649
221598410
140359625
653815866
173865107
430937469
171873362
420096289
96823086
655657288
243498120
472126907
275635163
235575583
164328441
179157365
636870726
496798784
189232457
417685425
256398541
279312640
524911223
35326573
315733930
58119946
560712232
627582705
484210774
499337811
71462574
1881082
483525880
554204378
541409436
44154399
732344416
270147327
610355413
221073836
287609751
447335855
208491446
634379505
78537849
138930256
326381538
892747900
642248536
204212604
47244935
127741703
72993443
636263134
815898228
751109138
3380791
672319963
329522823
86826244
456323033
378880718
15720182
535565137
466563034
166434006
4141247
370812662
248997030
377937402
338620781
177720783
469485451
392993799
332291194
9272075
113182610
251665453
643425988
129842279
326700081
69577606
871772171
151546074
171831130
147275915
338757989
418889424
329028628
580532148
121586915
505376607
166381803
132753808
766091757
190894832
603762250
434735294
31893931
240540719
340015301
281909300
612961806
437886965
571701765
35973486
459245976
264591327
49086646
482597891
485579895
597047577
99309402
135867319
66987935
504371521
115491914
717851384
663784620
310681088
340127955
601881850
339887160
336413202
468987884
734951726
78922353
128772378
62977158
734225734
16941911
29424829
76057532
856653256
347919240
361736029
636791719
384924793
299486201
815275671
171716869
434493998
150692118
336863127
633108734
394298514
129534304
311034513
18259521
201969185
200814247
465875279
171896190
270895777
656562662
452354392
627566368
193820693
289728404
549610439
157267565
202247306
142235156
491283660
756538051
853506677
425842475
392760714
559228391
2477326
375798616
105949128
634426621
56307769
530503921
273601667
681164765
331870055
122566263
150487588
183582900
83194764
213171849
376862180
70996089
519835407
252824550
347668787
176497418
345924579
310323619
390691258
200295199
156112019
428503810
39660631
517045245
177895255
211207744
95344399
108650169
96870198
286212969
68060613
436767878
554819468
316616759
485262200
510459805
253511762
195036087
630166164
291136445
12125107
64066730
78540231
60244831
29399630
295981976
383025822
529276889
29006347
48626172
193506936
383623888
129628454
194482765
946961420
436188170
159961404
429179545
190390923
87384517
71488174
348075978
129681728
343149582
324140634
59768892
439902013
798670717
321009276
34321971
517126210
340809274
408093059
342720258
442351167
243702668
383086749
192844535
780597622
935650250
310982409
116581478
536684465
75793566
553349085
405252857
188277605
450383599
358538009
137481656
110386649
71254385
326926617
73957924
763182346
621153668
12229526
349043344
358642049
338561393
61283303
425503683
874519690
125604591
494346225
572731897
51227035
910398311
363844948
302553209
321209888
477962385
36767837
209124477
667103253
46509094
290430664
97441405
113208445
702697250
606697489
686471539
705016101
274535408
503418982
398619748
476636734
310142765
357842124
4059165
621276822
8362551
600153103
141863913
666319916
380788346
217085176
129490743
274708172
268806651
767266536
189814500
509769614
175085491
469832026
343003762
555993194
401002239
377323070
403869096
553421907
234985676
68946797
451540331
644507573
375521210
476522681
654322235
27039368
351283200
291864644
372795980
357156439
225465296
336555282
438116610
737549602
675703900
330332171
312245358
277669950
361837316
104128273
412218971
124682310
312578561
378430455
114259568
101883258
283380220
205911932
100577308
59366409
721340031
291423434
254813939
626460247
321772026
348422648
366424398
460467231
614180579
624909899
305337799
65166966
68111988
404217925
360644277
137122941
377614627
246732661
433117118
29341202
593905022
572759954
409472585
191557059
417570473
74457536
25381698
460081718
1194081
118251829
52749621
328543636
394041894
6896631
302934288
383236960
446770969
323067670
494887569
204174762
304707323
111225805
14710734
31349253
184877393
649690484
412958550
47105526
42677465
456864613
334142071
187746093
145917374
259565277
502479622
124970066
839330248
447295951
177255212
68004884
39051270
875931823
94986343
400376641
452442890
160824903
578700729
443468659
337148468
168083042
844784804
616042090
74406847
114444739
473830529
20086448
170182406
189577345
44395978
354881140
289289951
178379720
528554456
697994198
780893973
6090081
249438231
93233445
252088404
520110902
48181876
620297511
618380834
410236953
222097195
493607535
482406209
67576526
439222537
17383116
293221961
592565596
131618432
409054743
362605715
347209965
403398239
294636025
383773681
128814060
328806449
397646150
211348575
112518944
299156949
112859979
60801811
212400154
271749586
709987286
386419153
322568854
345189639
34899805
884555336
139266445
312911447
364346642
496712142
430374416
781108529
81150840
160482166
279686623
232372287
649739917
566690461
306660807
250305824
408727611
183688434
261521307
224250566
360506884
171281968
163798228
590390263
279122534
61592266
388850289
450367479
226343160
51767182
254978492
76217698
38679546
695469205
182435496
381998975
32303227
304980520
805219719
381006678
482627237
471939242
20674265
362379090
479140768
360984656
315896090
405093677
193197127
8836616
240789421
864657573
368305071
66436872
712955053
707144551
141465671
270754338
663206142
83434450
561048559
597668701
287552582
228736625
186616085
179179425
466604579
233083929
263730685
418204501
196360284
588756574
57907382
298983041
432678390
414942562
300110963
43057930
24614218
649813925
545155567
222547858
108685263
636636385
489511133
357499491
136593208
14047878
108642715
584335055
629533503
69781780
257998145
410265925
172675324
61784397
699742102
464250027
536781747
667346647
328175513
38651281
364547609
352522806
250744947
477038889
169236071
213811857
624414389
88962849
632644700
61674749
533918963
900840657
603660739
150196056
468115393
73698408
84801847
67910160
418215739
466687959
145906024
596369029
509171751
394629775
421568291
328033527
292217682
664036086
71436391
365462798
293278379
3425682
732005218
334421469
275036724
46933001
342755524
199258185
450816408
675048140
255192098
215882395
28883064
527544129
221681052
158533326
578515568
177858165
611413426
299285308
439625848
150408786
286105812
710739793
349174464
188441046
381909150
27440195
270751624
407190442
69440454
265072579
347491856
482553453
418045323
197637177
237699454
15864906
19079343
588804107
505719582
78375028
637400997
234979479
166292358
36915494
112156771
607764362
287886385
364792265
524718424
106004844
419067862
266359949
9305230
300088498
128205358
345732807
113341770
61895254
77201476
47371414
448823451
495729629
470967766
405941692
445205467
604053256
564067382
125229304
440108134
243146919
605199644
297817580
839252845
191945721
143785139
153817567
508744045
180677080
597259068
404262236
404289132
199454999
278126733
366380266
42795235
14804470
532212409
140198281
307905404
47171850
226902025
215100765
306191011
99866198
357174267
292667824
269811931
219537324
662874045
196035263
506212320
408281824
625056686
594095019
63968204
375427221
125950297
157586434
194089592
70672681
383491625
325246572
272990568
308490298
60032443
567088565
445431095
79720008
115916902
805759169
72975760
226693034
460738417
141712494
300585763
505997555
513215742
202757477
171953785
306759433
572893404
601330976
61383617
327583094
118048336
37804895
547508434
123507710
313146134
370120593
38873023
346279672
329124314
670046319
56193728
152539702
317829176
450563331
156345293
421210312
54513999
155104173
369484857
86870956
765058857
388939153
281617696
341174422
210030720
374723280
316963415
128852423
335761317
274744589
84803653
844610508
383914009
214631525
595390369
326878559
397974175
529351188
283903478
424362130
511458163
395530189
457759873
123201834
360069386
478741812
278834665
204650905
44341397
809109525
467712275
20025329
45440526
163338835
23252778
424417083
358607648
566188427
146194274
308812784
320078814
25176609
472265397
37993718
23425704
293183169
245868345
31940504
544379254
495461479
424163457
55865010
183051244
562574905
444619564
166692627
279425667
348294377
236952332
262268156
246649133
571133061
130685147
376483142
270186635
198570611
481133909
273802354
523667476
484656883
48946725
260068475
462322047
137625736
277170779
93086765
211165988
41504847
195557217
688762397
452963354
409982507
125002847
303773448
719777330
412181525
17364504
237442626
866366319
77944881
722687489
279146659
326942264
304808319
59537628
656123774
693219815
316446213
22060335
387955794
92674602
924935935
208624155
849239697
49054120
402496873
563383761
871090997
151900201
135459948
648467488
671929600
235043613
323904226
449636669
94810268
314790084
246353793
284104530
306306241
36366386
168837872
334589664
676184835
108726464
75200699
755333874
274637901
475283625
553180212
583909465
202827
89360073
206839394
130008477
822249308
238106512
504545737
222054831
649204694
626254881
414388637
334584707
586911276
43687899
467277090
169707610
194584653
429008953
199157326
681386458
236908427
296639331
97303368
304659219
60196047
298078956
522734860
631817501
295054960
669486836
365331884
551961119
151287846
646706828
47647221
289369266
236454451
579527586
285104046
647958772
221373991
359289516
291979262
776109997
556883850
481209197
276085160
559624343
77346072
221348733
375443537
543775267
492979080
703461699
208287982
143475408
599067259
357585516
885861104
7365037
590972595
234721067
609195465
318173846
549539406
185460040
304214261
449021450
642462351
408457887
168447931
328071655
235016498
314039333
560708196
207492371
743819474
179911224
3419611
623368879
344160212
198488011
441973306
550103547
378049427
370275110
334109644
262993118
711660763
87580831
175795178
290094574
577521599
409720316
576860672
264171635
139337510
98505048
86748850
909035250
18211530
559205926
276221027
563676411
114874311
635226943
493905667
175322923
713827567
110146502
286827260
231776112
277412104
153148028
37205368
570669615
379337369
407761249
100833528
610704203
219227604
11590739
175732726
412533252
131363657
686850970
696896897
51048802
273308065
101082757
85612740
313211734
910999808
754295989
220890319
9206856
205898699
31834039
316127186
319785597
498512372
272255052
362114343
1028
610238518
314018461
240374994
91507231
503129321
694681
732271881
574948111
478572582
311937425
194545118
277318705
261422138
493734726
45309253
477273454
201910669
107435198
134113857
224934193
344861519
96461760
847890580
848250019
145218378
280260195
480436739
116000710
172198089
606308912
317591429
202973651
223517373
743821001
543099815
89426530
78187471
399418568
343366521
212047145
116295646
677842245
163252311
228767856
588804107
371827898
655773262
448534815
681792855
277775899
676350551
240330870
54140054
412566200
79321716
431835987
237022816
314749012
362602126
382003534
56806655
456923326
53303988
82650643
205309323
338760221
225820636
8177910
108538994
337643273
204905602
21865684
238111725
54135866
625691271
73257284
812654430
156811197
612598021
367945483
271842973
351338639
39242561
142486227
213035903
367765781
181508141
313841973
752896793
247836912
287725429
129183337
663076087
439807989
804838277
211062105
358994709
417971509
420749277
660146837
620001788
666566476
481875976
507151114
195450226
80243078
139421354
22888237
1651434
151702541
30330614
623945808
391590345
150377969
189255049
57646522
585729446
407489552
73609867
243957200
278381842
150907007
115824286
276756548
44943322
231974789
226218445
491377251
246465437
265751246
560390428
556188021
185834840
347637738
142849865
389353485
7688954
239602895
345849566
350267839
336488207
228756799
391308535
359061436
238316891
151954952
232949456
376154399
579469248
112967263
81706154
643779538
285907814
533463795
277919119
82549459
322543377
123893976
285216182
287556724
267707801
118704827
202552983
274416804
19630040
565880640
212327476
411332001
21150053
137047715
4511235
800630636
366584794
353265394
202961853
315692437
259025811
299380331
225892459
97269037
268728596
501353650
12636025
717221096
824124347
707244292
153976041
99449851
117760415
157333850
157614754
342552636
362981487
111148245
172493181
378411727
253204712
341343139
113504875
683993657
331879786
293223040
158231246
159670980
362560398
250125766
250661011
55317869
298455230
620293618
86743344
381820485
859962764
74707398
341246708
364594300
540407246
47561037
302418191
226144447
652707939
164749299
507991123
220513587
456021872
375249453
760074906
409567421
71501092
450541936
528036042
535986757
567516472
326421204
686766689
820563625
221422282
527329900
296284738
301599093
263441105
375185852
47345764
263133957
404476312
130867018
439425249
658004333
322138609
487226596
234039388
39063657
41206716
477308320
616282055
257617965
472103732
92196104
25999931
417424209
246535534
341208853
70977931
18455674
291197765
332702242
377329054
10269069
561489522
112081968
295166978
1265432
238971471
395514360
402379224
6251466
139751581
735792667
35170548
399482722
425013179
257541031
392974804
215161404
435058589
160182573
576454920
129336836
794301146
144248694
380122753
316251787
425867612
425864675
330540542
122904972
235650893
367924348
189023379
592698
113058381
326383953
684661021
587531974
377226760
44373817
257128150
248497051
486808321
214299750
183729562
47598564
58321782
314108132
213494587
170427923
332239483
499160324
394810690
249491593
347894189
286815541
165496008
519046014
111773293
695311687
233865739
459398801
292952976
462378283
137217934
61832461
368173109
316447456
222659481
605718289
245864250
327106502
661479121
441630965
194354723
492018981
592559224
330044506
378275333
629631091
58308948
544904379
184603044
21040613
335584236
207996055
196143731
593072639
334034897
462753617
428086513
299928834
343951144
32414588
193974807
268210579
183110403
393394730
224021757
69085994
136744899
440337475
393359798
191771276
499085262
245839200
593633101
584428415
154837497
373891813
237741168
159661235
352256319
517141998
217523746
17225841
322707924
291831506
469152540
13521025
13433233
679975901
514942131
174162366
227579690
92898392
390381032
440192502
146391334
30338604
81837838
864669391
429414680
343304147
452106598
617895058
208579310
398757863
407216751
159524972
69809607
720873824
652767682
351427008
228249031
225374261
763401911
889700297
304765377
291385908
188105595
56068047
527918469
217697579
520380737
527152683
321761525
185102437
195570967
487311712
516162687
427449119
322602604
148541995
635541652
421421402
18560165
487682382
153646888
337255863
638186028
209571403
100395836
396973108
312633431
279661936
329483335
530249085
748169468
342625492
338409895
72234443
407403189
368033191
228119541
589752062
91392644
315019273
45892463
665680539
233914846
24740427
291567941
631552443
621228526
415287754
173822649
103766384
379710174
382890004
294688942
213902227
109837714
724938487
132266082
317719679
35307047
322053981
749575605
511372374
258926504
27578363
512154102
341183674
81934710
323766076
253732273
123961749
310035626
9272810
320197720
314341332
251773592
749697471
404019607
602006982
623926656
256705849
338206898
77730944
97510924
638912088
44420025
109067257
518702545
37830368
311470398
243984141
391252817
650430021
251119351
112329913
238682702
70473133
12785608
555484302
372596793
132429091
430573430
416895375
464685567
259443754
578258954
255076196
180789615
47861529
200437230
209704680
21796997
149330203
126519350
863926027
30988416
448459880
534846355
220977600
212367226
478727881
559453248
7403706
521544640
5209634
248011573
733464796
98662601
219299819
724292838
157121596
249224584
425806533
327087323
444467285
496562329
102918378
233714874
357014834
152472307
365814722
537842255
198041111
420149882
441084981
463575625
77248988
66064936
85029194
210171763
316609998
47273623
63221582
40462069
583990485
76191177
73514359
44894882
253246969
516210269
475984210
12703264
381379784
564820414
286162342
193675926
87849876
482786004
290489313
512960778
108305767
606509145
262894528
607247430
47076528
551422882
152599215
411978769
17583373
148543095
365567238
64492629
294085961
815376782
898479865
476311023
385233987
431614033
76651337
731686689
155343168
461280227
478547025
388386577
169931168
734053978
147329186
83321807
451615903
103185416
273594253
57543314
789340970
38298118
274272011
177743338
233602130
229427708
404515494
309103714
120177585
474939991
250861577
25740822
101364932
156122155
404268125
156095729
406138074
59503828
478848416
688754809
204499707
322728622
8437478
463142529
177158938
176097612
741635605
220370897
10999124
284897555
168582558
255682892
55550242
308580049
226093599
176750056
213515177
217865578
207944564
344694827
171434281
30422534
284253138
248679959
43388949
267423929
425059559
356202069
166243396
4942334
439826196
293608068
167772149
319136495
56097788
630459742
415405662
120918388
616684248
398528658
115980390
868932336
479116616
474167748
57535689
22268818
108620763
858433794
612633625
736200036
61331777
213562440
399523615
434082349
159228276
439267998
652585600
344172132
383152468
151123411
10382640
669157639
396691497
708752238
69627090
832201827
588499896
392714854
498792135
528770194
272559280
326563489
215437658
362627598
69880895
787562346
254553304
110284047
439369567
729152550
556465184
484018039
599899294
619162685
170672656
145711037
68507740
225734950
103224450
245945136
11886015
58013751
560864014
175251836
482083052
514633403
118618361
144517948
207696461
399801679
376380127
770982545
576516372
105674176
19782039
371288342
456891277
95158424
248092625
404599964
293849183
777938632
202949354
53470489
3391351
290144470
96082074
149862952
310494243
254934900
506959297
267020454
269662881
391130277
115363290
226878308
638021973
502455261
737749302
309657257
278764656
351576734
184897988
42313788
461676810
617346135
210904813
29805961
414435585
391987969
124026081
665529485
341828645
351493562
395203760
600259550
68493487
117617200
731962517
118798993
107478673
505747256
188802462
325854215
18781654
129978110
290240402
572216398
133131815
146023726
670900526
599552571
470390
219496093
225468023
317105587
5638864
519166239
350365143
195864801
279474671
655730996
254554727
22499871
141402485
441301462
38999364
622032562
74202240
357986591
22532838
234305001
21325566
388647921
44078803
181386352
286675729
422283076
194801368
225346760
780285806
495212893
169908300
410249264
106848575
170843234
283658642
254259105
273531214
336828257
199439563
236168286
290805385
180426649
124943133
95921494
287859020
178076092
199120183
693986304
458835992
351535477
131381445
303027514
54399816
331716223
518086267
319675135
155754260
235039536
177635231
613192328
321092173
358599179
541044542
339975667
495199611
307781995
194833260
207267498
116543092
261387922
45971861
637143014
664502694
77505399
864005477
302462343
226816623
182490429
265934065
444536253
110827622
165762218
272913838
34429610
242210876
445732485
514763000
160982519
451390839
169119392
253200159
410271285
575782086
619770376
64029114
233033494
8099177
319998732
192648639
180952298
201915603
428013757
564437967
173164398
303620810
255576124
126363617
264277817
407388587
368616808
373483642
504737400
199565565
225719302
879289983
180798376
363301974
417364250
338869652
571037232
181827338
990215394
126088166
198916472
486480096
221419103
57020052
282272637
421321339
72645406
673869884
15645742
121315082
342104644
543284492
168586675
391398364
489164224
325270563
500836176
588507261
711265084
220367843
167646776
77000471
143135668
305244615
128243378
537784778
233920817
197929149
339649599
198527230
92547856
291759855
197679898
243010303
257074166
502525002
316261469
565892997
652024594
488854944
34981023
69630869
397783709
321393272
216382278
44060693
191343923
382849501
346145537
798571131
620510877
272195883
780538704
412445553
431218761
385479193
264919311
535824273
356325007
493163807
224429850
387492883
986812
148055584
559308269
128029306
36807904
685045419
42192375
73621468
194228618
192020559
811815987
451399385
122301204
117701138
320908575
769838861
302058639
242056937
736111925
502462299
151656204
342236195
29291125
12011066
618658740
153112028
799190221
418629381
504322
219661145
490386625
398404827
424748223
238882984
294275538
787644700
163314405
387946413
439339987
236891637
290137569
132683082
326176632
866145824
426864090
535635044
94586183
42062985
684750301
122333941
122140500
948364601
242918215
366415451
323400963
676097838
651487386
68421026
18276885
193348304
94676012
641316349
375125710
659800954
434415640
113171373
298862369
612518100
190431896
375191868
283449474
521065790
262582289
163652985
282015298
124010156
140091772
163377266
97896151
465549417
201312866
167270631
208413852
424708696
684624995
510006632
190438813
685665022
377938352
217538981
400563909
293225884
355099097
376362233
242539521
496546739
393368162
250142567
247579382
423875546
221741004
619036744
455756014
718175125
195697200
43865154
310306620
635829066
318292646
10434413
434673542
194490861
39404665
790703513
12385513
483014003
225883300
765867607
152356927
82625203
389484123
412135292
554018816
375326005
337548160
371965067
401662941
113124197
299178467
636848572
371159556
638394441
431657823
446230701
