20 415335214
342043858 155948471 392305154 120178643 262766764 179913266 266003265 194356923 168452125 201246867 183631677 270611175 143471828 326297106 21564799 209622010 63000071 192329961 75407419 37485998
54492365 253325503 325980362 201832101 254741788 329123773 147036663 132869581 77147932 374077434 163113062 320936537 64158602 414749137 216328970 233810613 378142883 85032251 155899669 92352612
235246972 5451541 338915460 75174853 37016140 64213608 383626497 39215184 212628034 230326155 363475924 281438619 279080911 339033753 321770125 228903605 173557204 293045708 313838611 182362381
245792452 305731102 214140041 240708812 116702154 302927689 252074632 223654983 73890919 18988408 355822327 199402856 330267050 369115300 91242177 347675278 86842727 407110152 321656788 176373492
209770066 315153329 60436367 388678097 351266989 3851099 276569269 362944953 107357844 229609095 143772726 74583140 402265862 387863119 200785822 199740970 339612325 302775122 209647056 79257081
314652762 238087038 108143403 395646527 301227220 158099328 345510728 299219187 194059538 143048311 189284340 227491612 245041354 379492415 379872962 161677163 52490687 278705257 383112952 323952534
369104736 277623576 149001525 413099362 252031418 219990242 284687320 43108663 360319892 142238842 310887685 85919018 347276670 11776394 72340310 302339054 292533738 111727674 179089668 71720189
184389331 285258437 88501953 212306188 202021317 190845897 120099771 294920235 364931716 312407538 226855795 185384524 212762190 134484678 185931654 336406888 306503131 242719767 292474630 399710249
18316929 132876288 115809166 397191756 179508369 334307859 357666343 113626509 261521120 92322791 164897301 70235956 248698465 90993685 291104268 318102593 274511678 31915975 107419341 135908712
218272670 175435160 217379210 103388559 119047548 265991488 357878405 144242301 132573279 106885967 92190676 409573091 50381254 150153931 358151476 23973527 41515461 167917029 305623388 412764648
25520392 254176108 185360755 130563172 168118771 13656249 397894100 70893525 60874933 104607756 113503802 150174974 94740582 147442130 341719520 412508310 35661521 350273843 395259787 250662130
208013947 32461513 203198044 4302363 38081289 193842662 375105193 48613043 104781220 374172687 112300898 99768177 396975967 304372048 8038300 150970981 51928121 245535298 92903798 373657405
143658045 31848470 320203437 78837072 229695924 12201658 17676805 378665231 322135324 74130087 261680214 152953542 203165636 379900960 163383932 405610118 6293409 322701435 106389501 102950605
347078209 363998142 244546334 151820261 356281937 373794558 372708698 92716511 313206140 283885479 155588833 339603666 129156894 214881198 129469518 271407910 315702122 8653018 18756261 219457896
20371051 314256156 321514369 39683407 227692734 186232135 157977870 135161508 42071653 18148359 206528184 358662640 401572632 409433888 404570834 38672793 234905292 355473083 212491044 231567712
2540772 292101752 381905753 157033244 383898175 162068373 7228517 68728292 400485666 135830964 198121864 109941193 179382555 249165508 410123256 413927917 368329526 257594009 388070549 208587412
353094399 316392583 252021045 56399896 12045898 344133831 362944933 88049733 173250089 333221776 282050007 386489020 278215622 278855153 279637283 400749700 81046683 368903611 366110025 87510713
257628615 101291959 76685990 115034954 28272186 235660516 74344912 133999519 169607970 167851788 269073721 190483917 40193907 57365298 12022155 229504971 278079836 365145989 177552067 194198437
296275648 118035713 25705677 138454364 64471270 132087543 398735123 397731206 391266638 125879437 88392576 317473589 177614693 179662274 116425871 101831302 387243285 229659032 412466445 66271687
345916794 76952555 171619204 121167913 168073037 334810460 257744016 243499717 148972534 281478001 272853996 250401958 35751012 333606186 156038486 388908372 254605573 40786766 377091576 337772319
