198 1259
469015803156 -468457516121 -26751392141 178699933474 28878831846 976887797917 -404175177183 701790986704 425265534673 193501509873 364537533493 -534675489321 -883949796571 -170500330361 953357707311 -43238141504 -682661780049 139394279313 850795823481 978560697537 -114685070526 -583921473718 -236636727364 726742426279 968681105872 -898398645841 -434871559847 -545915567636 -258164849199 -790475441901 743842757700 -864418959090 235790743068 -755836712066 -246378876505 340494545321 386306567220 -175242696521 968411544320 78542329313 -837665447563 341849529459 -874462811972 729566538746 -893052963231 783625314665 528565028217 135079814383 102903042807 927331848720 -135794566542 -263988498933 -935611771480 749203660157 615692631804 18452455435 -54830906975 275732821283 416845827354 -451789032885 424615156330 670238288640 744999209739 -319633494030 667546608894 -23567385320 -195938035870 -813997945898 829278984849 246464091674 677205530539 -382943684450 -676659383409 20410657029 -826139648306 -222571149187 992481100677 620311507374 81877535920 889515163345 -770970800330 503572834533 -139520430919 394723063339 696134593030 -923037306084 -944809517701 487872035884 -577139693753 227370922707 870887594338 -447517880423 837732072441 -729225045943 -67756572318 -670083614818 -493626495861 671518304901 -941902812323 -608069439524 -351885966238 -456865485982 149624322902 693307465786 722311076212 121783097724 72535072596 229401137763 803055716438 -506183747441 290520609482 517944740426 974059872905 -118925996149 -354445551977 -611426431802 -500479610164 -320201492871 -90995553852 829652481913 707512920569 711303316241 658198974710 -64954860384 -776315416957 641584322379 -804958947342 -98473822514 -764291551782 86952425875 917037544694 -756819660963 -38832732342 794073882802 821942586754 -751037166643 -21368477783 -497476981679 -753961032968 183500952928 -842911533251 -440885569150 -364449583515 -963923082115 -929089356641 319679216561 -968636414212 580203323319 134303750678 -727002256817 417210382628 -621572027040 144169106285 141417824409 -241768048102 -359816635143 -291019874585 589501561388 857603738836 -994461525992 773198018715 798459290834 -175930585012 27135100917 -475103341962 -536035367130 -157117776149 334316426364 713415042872 -726815353530 5643826470 212412626337 455192723334 424549418345 -547818106735 820630847619 201578518578 -986828757638 -855896859763 -72229479240 -479624771773 -512380692537 619404170409 325744382339 253654545573 824691080665 108055592106 330249093635 357372721628 365387453046 -761986735221 566283582543 -519447365352 -787904214329 -744806837706 666898394959 881724306269 -781716928786
2 2 97 4850363079
2 125 159 935901123
2 108 120 -383223695
1 99 154 -352933637261
1 46 98 782749856762
2 82 98 -5245885033
3 63 167
0 51 141 768133192844
1 20 110 -204628939176
2 55 150 2692950632
3 8 142
0 51 74 283573845823
3 90 93
0 60 106 277196021271
0 25 42 -709026219874
0 5 64 563525284779
2 13 56 97832114882
0 79 188 161451331016
3 108 186
2 13 73 -4681129225
1 122 134 929701641390
0 24 27 937572701073
1 69 157 721489380320
0 58 141 -745771597192
0 141 169 4649616328
0 23 114 -521138182653
2 117 121 63994799722
2 12 146 58437119793
1 146 156 -894557749939
1 103 198 423687171570
1 117 172 -536482892989
2 105 189 46518601260
0 93 173 512518627586
0 85 132 -41893394899
1 66 77 785721411533
0 17 180 227439560878
2 16 96 -171458273585
2 147 154 39413034726
3 60 189
0 109 180 -189187001065
2 21 59 -92961449250
2 93 134 83649623553
1 66 132 683596838187
1 114 178 954718119095
1 52 93 -367040414926
2 143 149 -5679259912
3 14 91
3 55 56
2 76 190 -14147659893
3 5 59
3 56 77
1 46 159 -619672885655
3 68 183
3 6 136
1 94 168 615897600002
2 82 109 -135467525950
1 122 125 -952669474079
2 12 187 -144635000051
0 18 129 381421277171
2 15 163 6110812280
0 51 183 -321837532439
1 21 56 -534576278969
2 34 180 67704338838
2 30 36 41537856808
1 100 131 301014932327
1 13 170 -270790503562
3 47 153
3 63 154
2 68 175 15872444960
3 66 172
2 5 54 106771595316
3 119 151
2 79 160 85242991226
2 20 143 83261767424
2 46 109 38365838819
0 72 188 -405463350144
3 166 197
3 171 172
3 77 167
2 145 180 63308091217
3 20 92
3 47 169
3 84 122
3 66 196
3 59 115
2 138 150 -6496356043
1 53 100 676662866063
3 24 60
3 84 179
3 14 171
0 51 55 482911327546
2 80 128 -133460745634
2 82 99 38101411030
2 167 198 -54143753689
3 107 187
3 12 184
0 45 145 -383144913171
1 59 93 595768174514
2 43 104 47324453604
2 4 160 -101161030839
2 1 103 163103478157
3 180 192
1 125 184 -452302387903
2 88 197 71976311111
0 54 83 -334984177289
2 63 72 -94550781749
3 0 66
0 141 194 431834851793
3 57 76
2 163 165 -61929180631
0 22 181 20502710848
3 60 141
1 0 79 483106646558
3 127 158
3 16 96
3 45 61
0 101 187 -254265160317
1 42 98 115140465159
0 37 67 135174517012
1 54 91 -34570194406
0 100 125 39183994683
0 4 165 -683798954548
2 3 177 -142048363100
3 125 132
1 25 156 -105644665477
1 65 97 241498902765
3 29 103
1 98 107 368473728966
0 64 178 251060577604
0 37 173 -684968762999
2 69 125 -159232363042
1 3 26 -317087903334
1 90 135 -902830786451
3 85 190
1 166 188 -431373944954
3 38 71
2 38 171 99412580917
2 106 132 -36272679636
1 164 184 -592382322947
0 38 58 351213374225
2 64 65 -155569490954
0 55 72 -862153975941
3 10 126
0 50 176 -843932481819
2 52 175 -64952290737
0 193 197 -671496152331
1 106 109 797019316047
3 16 149
3 46 165
1 131 197 -859892951683
1 59 136 -843175492304
1 148 188 919544236616
2 146 165 21780008559
2 92 185 51163657570
1 52 171 -174962669435
3 121 192
2 21 29 4975080862
3 76 109
2 10 173 -91368928831
2 52 132 16965066592
3 29 168
2 49 177 -44239735223
2 79 181 26547117069
0 18 93 462802546269
2 65 174 2066310842
1 13 134 486942678866
1 69 181 961373033166
3 2 54
0 4 191 932179851287
1 21 69 791196137133
3 99 190
0 133 147 -367114286825
2 83 130 -77215572655
3 37 174
3 31 197
3 133 155
2 82 88 -162018680026
1 44 167 970083097384
2 33 162 -114629129031
2 0 9 -113464462615
2 28 106 -110848040678
1 2 78 760008059837
2 59 63 -227225744587
3 189 196
1 51 105 479294320266
1 37 156 884693940129
0 53 127 340465180382
2 108 193 -132827920833
2 28 96 -130574089227
1 161 189 -152329220057
3 50 89
0 20 88 860774835789
1 63 186 484176388408
2 17 115 -6223392234
0 12 45 -343682503950
3 9 63
1 25 198 285729831051
1 7 27 922498303743
1 10 13 768843481338
3 54 80
0 74 169 -632949583154
0 48 58 -864523616580
3 127 135
1 106 117 -764155408025
3 53 172
0 70 136 623320223554
2 9 190 20024144070
0 60 168 -76983861159
0 15 184 -2440489656
0 53 197 533239835726
3 1 44
0 43 87 50107778627
3 6 100
2 23 71 -136010069936
2 81 158 35870198780
0 101 164 -101364181026
1 31 32 -162506873573
1 136 164 499204995815
0 101 158 -986361436452
2 44 73 10873794678
2 8 130 10487001666
0 33 73 600013847150
2 95 129 17369346020
1 60 103 -4622981315
3 21 136
2 97 117 42460859182
2 148 182 12885021121
1 71 157 -919679642265
1 12 86 416609813343
3 13 109
0 9 70 -125155556378
1 127 166 658339582795
3 58 82
1 35 170 -254057513869
2 72 164 21717682056
1 75 173 854571242267
3 46 123
3 32 84
0 70 189 838345015649
1 80 153 255201884339
1 21 100 472879923899
3 156 189
2 46 100 -586450124979
3 39 149
3 50 128
3 22 149
0 71 113 -325122114026
2 25 155 -673109812603
3 123 182
3 126 137
3 101 163
2 59 105 22368438270
3 55 87
2 9 64 2853738714
2 53 81 65532035398
0 19 34 937919637145
2 19 58 1261389446
1 12 63 815923136831
1 23 74 -423832558922
1 58 79 -509136094534
3 14 134
2 75 132 9376585193
3 106 196
2 68 174 16276069782
3 139 145
2 76 117 22205301375
3 165 168
0 101 123 20374145149
3 155 188
1 49 54 -291322608638
2 6 172 23673024327
2 150 156 -32419788437
2 127 161 -64506431320
2 0 112 -482577041
2 32 147 -59393670905
2 63 186 38284073274
1 12 127 753980104106
1 86 168 669024572960
0 15 185 -592161150501
3 141 191
2 28 79 -53584359732
1 54 157 970589279816
1 160 182 936963616491
0 65 191 292467391005
2 133 181 -61411477522
0 120 124 -419150500798
0 53 175 -185839412011
0 28 123 709535176558
2 143 157 -163922488035
1 84 119 691130409433
3 129 134
1 124 168 265446159389
0 65 138 -386841270764
0 79 80 -744784501050
2 108 132 -149261204441
0 79 105 435440744477
3 97 144
1 140 157 185997038092
3 94 114
2 49 81 -249145794202
0 98 185 -631859156018
2 19 64 14745543322
3 48 175
3 10 166
3 109 179
3 79 189
2 138 168 23571632557
0 72 102 532045245697
0 176 177 -934388458880
3 31 107
1 21 31 860011151258
3 51 54
3 138 193
0 52 94 -133000243283
1 102 159 699654494008
3 25 153
1 25 184 144464406282
2 15 159 -132353340751
1 4 184 -280422429800
1 13 35 -421913436082
3 93 149
3 38 155
0 5 97 458618400606
0 17 177 161613162559
1 87 132 5857592220
1 22 58 -190101822349
2 89 125 -30078970293
0 53 54 -871813928499
1 127 144 63530208583
2 29 57 197097017249
3 9 150
0 16 136 -570221603530
2 98 140 -92303750359
0 60 120 -875398629369
3 23 97
1 101 179 -552736573608
2 34 134 -111651110417
0 23 184 321526357545
0 25 166 395072165625
3 56 194
3 3 176
1 105 160 543362127044
1 32 136 -943848670633
2 42 133 -23756805363
0 153 189 879525057129
2 124 169 141780697005
2 23 146 131826509884
2 27 150 25025629303
0 131 174 -137918362356
3 103 176
0 193 198 822614690736
1 53 102 -846557587867
1 98 130 -390081137702
3 34 94
1 47 155 -174227184958
2 107 141 -3572435357
1 5 78 -179720228561
2 76 99 177356163786
1 38 195 833419016008
2 66 100 -545915189944
2 21 70 -819069773059
0 23 97 44717594326
3 105 151
2 62 83 35853240604
3 45 144
2 3 59 3545556778
1 43 54 -175862053398
1 78 167 -853005916301
1 98 128 -124935685519
1 12 178 -358742839448
0 7 92 -606463563471
0 151 179 68479132273
3 13 84
0 33 156 -916127559742
3 148 181
3 76 150
1 31 192 996600952659
2 81 140 -229981336085
3 51 52
3 63 158
3 130 188
3 41 146
3 87 168
0 67 97 -941681585663
0 32 92 -167319008844
0 104 150 -554568990497
0 54 110 -350155396483
2 35 91 -21370082658
1 136 152 296941745363
3 87 187
1 75 168 523169632694
2 5 26 1607776278
1 123 158 54484658934
1 1 47 -647639658264
0 4 162 -693864590821
0 83 118 -78657665985
1 25 42 831987881670
3 40 180
1 123 190 -324210180312
3 66 112
0 48 172 562996181509
0 92 131 -588638920817
0 36 55 573116342036
2 13 180 -17285565451
2 127 195 -19271700237
3 115 132
3 37 168
1 31 136 -900948975188
1 70 167 233150504115
1 108 111 -970196625343
1 112 153 -183218077234
1 76 97 136340713839
3 145 180
1 129 143 87776096853
2 28 63 -67325565335
1 34 153 294290704244
2 57 133 -140185599743
1 135 154 195061941333
2 66 173 -226668244435
1 13 29 59742064546
0 110 147 471119470311
3 16 48
3 12 156
1 5 84 105582527876
3 73 134
3 51 147
0 118 196 66646015492
1 19 71 614732942197
2 48 58 -280689223498
3 140 173
0 152 181 202108136410
2 142 194 -231650129747
3 130 136
1 54 98 584488823448
2 31 72 88513674974
0 44 60 -692587304630
1 45 163 275561045195
3 133 141
1 76 96 -14738913374
1 26 168 -278522816157
3 140 192
3 4 23
1 85 192 -419726799201
1 89 157 -880251715145
2 6 75 -164385160745
2 99 100 111692819037
1 59 110 84294093810
2 140 156 27642776877
1 65 76 440020283791
0 18 180 444031706712
3 52 104
2 98 105 43654139299
3 64 137
0 21 161 328129291945
3 49 192
0 19 127 -694670632261
1 97 111 412386618276
3 88 171
2 138 168 -250635975401
2 80 198 -1489441625
1 159 162 851327535216
3 118 123
0 83 153 -110383564404
2 20 139 100734407388
0 120 124 -465558963604
3 126 148
1 30 129 -342321863582
0 132 142 -928354071193
0 53 96 473827891385
2 31 138 -14949731058
0 155 194 -814742679618
3 153 160
0 129 191 442748017788
3 97 155
0 64 170 855523803884
2 59 102 32255763832
1 130 183 -118440725309
2 35 103 54400160955
0 110 146 999605664535
3 18 111
3 56 173
3 1 40
3 58 74
2 86 116 -172027392352
2 23 101 -80880948590
2 165 168 14920804134
3 98 163
0 16 81 -429081351920
3 38 81
3 79 163
0 154 169 -683441357384
2 128 146 -138990047801
3 96 167
0 40 160 570118051617
0 38 124 140305728359
1 30 78 -971648597294
2 43 153 -161435113584
3 20 96
1 0 133 -509765686592
3 71 157
0 38 81 -969103693308
2 26 91 -15290029087
1 91 133 301572548643
3 41 46
2 51 81 219191087080
2 68 127 229373983145
2 51 87 154801463329
0 9 196 198669677808
2 20 136 44485085104
3 14 75
2 179 197 -58520880733
3 55 121
3 36 130
3 59 83
2 53 171 217081650003
0 7 193 421653875799
0 181 194 742340408015
0 100 152 -505605474648
3 50 53
3 98 162
0 12 47 120587440529
2 62 174 90555198787
2 119 164 118014530684
2 58 181 -12660052435
2 22 62 236551870113
1 31 138 507651344755
1 42 55 631334482681
3 21 189
1 25 71 758848212378
3 112 143
1 147 196 965109249872
1 58 136 -465891570936
2 136 173 -69109815541
3 33 44
2 67 149 -238124968889
0 142 179 823073548659
3 126 156
2 56 79 -240858059335
2 73 91 -24068914717
3 2 186
3 9 18
3 104 168
1 122 177 271483425134
0 41 164 194230383287
0 51 65 873691175427
1 18 122 92345616316
3 159 160
3 87 97
0 42 159 -130849773832
1 111 154 772258174300
2 62 88 -422848015181
2 29 70 -207273876134
2 33 35 -98110677793
2 91 171 -142710897995
2 106 195 -54386054539
1 105 131 133025827150
0 35 117 -185142443426
3 50 189
2 130 170 -92994977127
3 44 156
0 43 186 979386551307
2 1 18 21071115192
0 38 75 -455134602658
1 11 154 711865538756
2 46 93 -215552842274
3 70 93
3 50 148
2 9 41 -356896781327
1 118 137 187557503320
0 31 76 589743077012
0 64 123 524076878315
2 71 99 -436173043903
2 73 144 -309666223674
1 10 59 -148248079465
0 98 176 -331774158504
2 164 182 -454183486391
2 121 196 -95834818799
3 79 197
0 55 145 -152697246813
2 184 195 -111511874497
0 77 86 528028821139
1 139 191 -714264810473
0 45 195 7624700364
1 18 68 -944585587053
3 63 153
2 168 190 -245773509595
2 3 115 57003988408
1 39 184 415211198870
2 108 152 -420328855229
0 76 107 997109744260
2 73 183 56507829106
2 144 175 -56124465583
2 63 125 -370373021762
3 123 133
3 155 180
2 6 12 -128687706624
2 141 176 -260836545687
1 105 191 702220741046
3 101 103
1 12 121 -456620103477
1 127 165 449157360955
2 46 151 -233259353614
0 128 166 -213115825622
1 45 91 -129249993736
3 126 182
3 25 66
2 16 80 116179522596
0 3 164 -633910817089
0 67 75 768150016073
3 84 183
1 62 155 -460694974116
2 63 174 -49790802993
0 121 130 -121255926476
3 47 96
1 22 194 499785741666
3 13 116
0 93 191 -335171729424
3 12 95
3 73 194
3 54 185
3 122 149
0 34 79 -787676784084
2 97 132 18169223961
3 110 118
1 97 184 983646112626
2 111 192 7732455702
2 31 108 -165368242609
2 26 54 -23015263965
1 91 128 612726807258
1 45 159 -822504234453
0 121 192 -874221339696
3 108 117
1 3 77 -206305377267
0 55 96 -931504587316
3 164 174
2 105 149 -50098893159
0 19 144 -721425820090
2 149 166 129477402739
3 13 51
2 66 92 30736424950
1 56 127 -513944102187
0 121 192 101625904975
1 48 122 -846184297707
0 54 95 -351611090737
3 41 111
3 2 186
1 69 81 201358211361
1 76 188 25248417495
3 26 57
3 114 159
1 14 125 21962939343
3 23 173
3 51 71
1 63 113 508270284092
2 36 55 109612101039
2 4 31 110681555689
2 8 131 -47543928579
2 4 53 -4176430466
1 57 72 -659171434613
0 64 152 725749845953
1 137 188 487707983141
3 43 113
3 6 198
2 175 183 42397623936
0 26 70 887679775819
0 110 179 -37474235027
2 30 50 76988619531
0 59 114 -241117562570
0 142 144 810389190508
0 6 104 -95282896974
3 1 147
3 70 98
2 23 156 -5242885179
2 0 3 -14105817251
3 63 137
0 127 178 830633358972
1 103 147 -694716777334
0 0 5 -282624522931
2 14 88 83340079703
2 93 164 -120629493765
3 48 73
3 13 173
1 34 78 -441412367505
2 111 122 -35023309560
1 91 115 -361461588339
0 27 55 453450192140
2 13 169 42863623900
3 130 165
2 27 115 -85492056540
3 88 170
3 40 144
0 122 183 583195400172
2 76 81 40737108411
0 130 134 -897473230686
1 126 147 -672020104657
3 0 151
3 31 104
0 120 176 -557082246413
2 84 124 65356563860
3 65 143
2 96 130 -80044458500
3 8 180
3 52 108
2 99 197 44474589512
2 106 111 4103526630
0 101 132 -393335896744
2 53 144 -89540594836
3 37 198
0 0 197 -434267861000
0 51 139 -29335099797
0 10 97 990028722368
3 67 181
1 127 143 511576391760
1 66 105 -76039750769
2 140 193 176465932328
1 117 141 623066467923
2 8 147 -71424095495
0 48 77 480667921934
0 125 154 -754006185678
1 61 105 -162198793585
3 11 101
0 54 102 -331333130167
3 102 158
3 58 188
2 97 107 397121356037
2 4 91 177768062327
2 163 198 298139344599
3 36 175
0 51 87 -284490526169
3 111 183
2 10 97 313422655147
1 36 139 -958278083423
3 52 160
3 12 119
0 81 115 -712838809774
3 111 163
0 40 181 -977264825225
0 67 71 506294089191
1 24 60 353235672591
2 108 147 103699674053
2 61 136 55315908478
1 107 197 453614371740
0 20 105 -751758979239
0 34 110 419613357961
3 41 124
0 89 154 37334391777
3 26 177
1 113 121 577085263650
2 27 180 256640118455
3 21 49
1 15 191 -522580812665
1 47 112 921964517477
2 56 102 48307155804
0 11 78 841193553231
2 97 127 -23844134497
2 87 172 -15397231569
2 5 92 -84343813366
1 18 114 971779651959
3 57 157
2 128 169 -462255081097
0 19 36 491607387978
1 12 159 538810181391
0 68 86 -894023748343
0 99 100 -8080413690
1 104 109 953482190371
1 18 93 166793921644
1 72 180 356416334851
0 1 118 251913017831
3 126 188
2 31 61 -56828374000
2 46 173 164050211432
3 65 135
1 4 60 -178005962559
3 126 173
1 109 173 -938970363912
0 120 161 -176949236440
3 64 95
3 188 191
3 181 189
3 37 98
1 113 158 -807489312113
1 59 94 473229437425
1 15 117 -14286951694
3 14 88
0 28 160 -727105316673
1 178 181 -940173286208
1 51 129 613871315939
3 50 115
2 71 182 101053410010
1 47 77 888693943372
0 121 187 234159059867
2 146 163 -58981372123
3 101 143
1 36 169 518846008584
1 13 50 648082396706
1 121 135 -399983357198
1 69 89 466370252206
0 78 176 358713030048
3 30 50
1 28 42 763664961109
3 55 129
1 165 187 701457825770
2 55 134 -282671476470
0 84 125 -98124029580
3 20 107
0 120 152 -290093196050
0 100 144 281688881581
2 40 143 -293741771644
2 78 149 147811810819
3 81 115
3 109 116
1 24 181 -526757530656
0 128 146 -792854867224
1 84 105 -57086658176
3 104 195
2 134 188 76991534626
3 141 169
1 156 185 473750993220
0 96 162 -796147153245
1 73 108 326837196597
1 85 119 -899179273265
0 67 74 -820993504073
1 89 142 619374171998
0 57 160 -386183505016
2 11 154 93192381147
3 149 186
0 14 102 -577172679738
0 122 164 14051508369
3 19 53
1 8 24 597052988123
0 122 150 711277567042
0 55 82 -642397294388
2 115 151 106394051956
1 28 128 696804360838
0 20 48 506296164977
3 106 115
0 39 46 -783657447231
0 68 85 266165428475
0 30 96 -778286164142
0 53 75 709608698684
1 37 61 -484891684441
2 160 182 -163104519813
2 16 184 96842746001
2 3 15 99518379623
3 141 163
0 61 111 960983964392
3 38 149
3 0 190
2 68 135 -111886824717
3 24 46
0 37 178 615687300154
2 137 138 24244166336
3 102 129
3 157 164
0 137 175 972244049626
2 57 107 52690173106
0 25 55 -955475121218
2 54 140 33965061319
2 108 148 -34737116849
3 46 101
1 3 61 86644163945
1 101 109 -330901956
3 135 185
1 1 184 -160722280492
0 108 182 581264294615
0 23 83 -450886547557
1 57 60 -780505227811
3 21 87
2 40 49 44474447200
3 90 151
3 48 190
2 6 12 -417520978322
2 37 140 -3284461139
1 14 108 -297653838943
1 46 48 -190785734176
3 18 176
2 26 180 -263340928606
1 152 169 -430735808768
2 17 118 -229439431422
2 51 129 57473319462
0 18 58 901853920159
0 72 123 -881209085302
0 5 108 -262753830719
1 150 174 -31770650197
2 26 188 36042458026
3 33 105
1 108 156 -655784932855
3 50 100
0 113 133 744988874667
2 1 43 18248972563
2 24 46 -16776108545
2 85 144 -123444754106
2 21 94 1349454864
0 84 135 962386090846
2 12 158 87133333848
1 59 170 -763568352213
0 163 182 -379591511437
3 71 113
1 44 102 -908534009717
0 42 122 137309104901
3 91 183
1 16 146 608787554653
0 117 152 984647853743
1 81 189 39653669114
3 46 141
1 46 55 -473650848036
2 66 136 -402857653588
2 72 190 -461198864183
2 92 198 222686370709
2 91 93 45185431206
2 25 120 -403477337874
2 10 173 -253521970814
1 89 118 117616932481
0 20 51 575443700877
0 113 142 -965530735103
1 101 184 249002312091
1 12 169 475741914636
1 15 109 672343985631
0 5 72 -167447423573
1 77 165 -103091352934
0 135 137 265575590948
3 18 61
3 53 99
1 7 140 603703362081
3 39 53
1 60 163 -687322054280
1 169 175 380616091665
1 92 159 -672192352896
2 53 190 -404287699906
2 57 168 -255692051944
0 123 143 941110680573
1 144 176 341014422080
2 7 151 -309240286048
2 31 158 -145607001670
0 92 119 -908588575575
1 96 183 -670577583719
0 52 103 -182159169797
3 119 134
3 19 105
1 94 195 317004893550
3 54 156
2 77 78 3185104881
0 92 171 879829799013
3 69 183
1 39 167 605020230161
0 49 183 265609912341
1 18 89 -995075639910
3 163 188
3 27 87
0 6 179 -909755303142
2 27 145 101975851196
0 72 114 -983385625995
3 105 114
1 109 181 -138085911905
3 13 166
1 31 116 489543690165
2 29 171 -68824924461
2 128 162 103567780342
0 30 143 340514614686
0 79 187 -999724402825
3 118 133
3 68 79
2 5 165 55912077648
0 121 185 -670595924054
2 88 122 82648999920
2 146 153 97904028649
0 6 154 -681558949575
3 36 59
2 20 37 63988638687
2 155 181 6640729124
3 56 159
1 2 94 334887248531
3 3 82
2 118 138 41183321931
0 94 95 916827907089
0 10 45 -523847089704
1 56 167 135992725139
0 87 132 6081287221
2 106 175 70136377759
1 34 111 534403585911
2 33 78 14886200754
0 89 129 996854066810
0 15 63 24081725170
1 6 126 799470855381
2 26 80 82548971759
0 3 7 -216258533701
2 108 198 81634002328
0 49 149 606927286020
1 37 83 523023684546
1 3 6 289410385536
0 86 151 989954744478
1 31 179 866113259888
0 115 193 50977775269
2 0 170 -64950451341
0 15 34 -993211105697
0 35 136 458295139874
1 6 143 239307923130
0 173 184 878754182533
0 67 117 638781235368
1 42 86 80078921709
2 70 141 -72999314522
3 83 149
0 25 181 547592970574
1 15 120 125238566899
3 12 22
3 55 198
2 25 144 -10050776943
2 52 62 -78312405648
3 78 103
1 119 143 -493573737446
0 120 197 47684822377
2 73 144 -5692338681
2 138 159 16543867402
1 134 178 67781091428
3 133 171
1 23 177 175225379562
1 37 83 285019619617
3 68 120
1 149 167 -963485065850
1 148 166 468166197520
2 161 180 -14845624145
3 60 106
2 19 45 -3715528189
0 27 157 885610365590
1 50 124 541449987621
2 37 155 -30985138844
1 146 148 -463004092185
1 148 194 -675875366609
3 53 76
2 81 162 -8937618246
2 123 156 -66724001773
3 133 143
1 124 153 -222440069480
2 13 139 -83499538834
1 19 73 876026738921
1 13 136 326855798942
1 63 86 -513391776997
1 158 188 75786193508
0 146 184 -483281241377
1 8 61 -2863978905
1 71 150 -509801564963
1 46 188 -40250994770
1 37 98 179832799440
3 134 152
0 71 190 -857055772331
1 98 169 857610716696
3 99 118
0 3 144 210590760867
2 21 164 -22716347388
0 113 167 -431156848810
0 0 172 710235813984
3 116 124
0 16 52 -559550615712
3 29 88
1 103 133 -522845230015
0 123 144 803881514181
0 81 133 -990347698748
1 42 197 115491332842
1 22 162 -621026973139
0 9 164 -512335731424
3 53 84
3 45 150
2 28 52 -334948226086
0 66 81 83074123075
2 9 197 -63410640406
0 53 112 -890549717031
0 19 30 -38475798893
0 71 117 -980409356970
3 54 117
1 11 59 269526785191
3 93 189
3 33 139
2 80 107 8936349488
0 30 183 891480281562
2 64 93 14530633507
2 102 152 7038773488
0 67 121 -617165235616
0 5 17 -795816487757
1 31 181 -442399927157
2 55 160 -189427303787
3 11 176
1 18 126 -793081024898
1 17 47 -237750466784
3 17 45
0 103 122 -798895360508
0 33 70 -548929273163
0 72 78 705282917461
1 79 119 -220061172348
3 57 88
1 100 176 356105855885
0 35 98 432660892008
3 9 134
0 52 140 489834162719
0 24 55 347343544851
3 30 71
2 139 158 -31206607792
0 153 163 -430695469514
2 97 127 -25983663029
3 93 143
1 122 162 -662080772427
3 3 86
0 41 106 891595920184
2 28 89 -25137222333
2 45 140 -80513900907
3 21 146
3 104 172
3 98 165
2 11 141 -20105706737
2 102 184 -155217892838
3 4 192
0 89 129 959222795930
0 71 112 565168936081
1 140 194 -880895002908
2 48 95 -176313664623
2 82 149 -11486743198
0 67 152 -7678516407
3 118 143
0 69 111 -701511552936
3 38 163
1 70 169 758672250444
0 50 120 -155748940387
3 97 158
1 101 187 -20553717729
1 111 129 357602313666
0 5 169 567404963543
0 89 115 828004024856
0 125 172 764246928703
2 4 156 16026302786
3 34 195
3 74 183
2 151 197 -5059394729
3 3 197
1 67 186 613196964134
1 60 192 -565386629485
1 118 144 -596399718365
3 38 195
2 36 40 -65137743402
3 16 170
3 84 165
0 95 159 -799238615059
3 19 123
0 140 179 -319568687910
1 20 115 -376031041539
2 2 128 -136110437575
3 122 140
0 112 152 -320615310713
2 33 39 10759152974
0 39 186 -949601299939
2 14 31 29298620297
0 8 128 -249711818542
1 5 196 806397926199
2 14 139 -156177016613
2 47 92 -380736702038
0 97 176 -434653712003
1 118 153 475210276933
1 30 65 682854732684
0 74 184 101544217968
1 39 74 96338777525
2 43 160 -404719736219
3 126 192
3 73 131
0 89 176 561758125245
2 85 131 -95512312201
2 9 167 -3696461000
3 27 160
2 18 112 2666349267
2 132 191 5773602551
0 32 81 55193870829
2 7 62 -56384110593
1 83 103 885284128603
1 25 152 -168163620754
0 175 183 -591487058790
2 3 137 -128404321369
3 151 197
3 36 65
1 77 133 -467747520161
0 76 164 -265264856779
0 66 113 786816803009
3 86 91
1 117 134 928008983785
2 85 144 -145488741774
1 47 113 -554752935146
0 47 172 989689583082
1 93 122 -602025465609
2 79 194 -115247067278
2 31 116 -37993324917
2 17 147 -43980746066
0 132 179 -808073656387
3 22 52
3 61 137
3 58 102
1 43 172 -34754786530
0 118 178 -418489625802
1 111 173 -209765026292
3 170 174
1 9 22 948508634016
2 118 166 -14054673738
1 161 180 -676892689379
2 55 92 -149667506850
3 93 152
3 111 187
2 122 127 -126325191852
1 17 85 782614425472
3 126 148
3 12 174
2 24 129 22838962718
3 142 195
1 50 170 814112012088
1 4 71 -925517827933
2 5 92 -247211105772
2 42 180 -36749791268
2 113 139 -215207595138
1 69 152 287609637195
3 28 150
1 2 63 792401915554
0 142 162 449533670875
1 63 70 -605021326597
2 87 107 -165261639394
3 74 160
0 75 145 414982067301
2 11 109 -69223259394
0 36 116 -338246251372
0 95 170 55947169471
2 116 147 -17547610065
3 141 142
2 121 130 -251574465905
3 117 127
0 86 147 -803666115376
2 149 170 -85812024698
2 76 127 -37852393704
2 106 166 -54957233215
0 112 158 83038166578
2 54 186 9377592675
3 46 103
0 155 157 713015247155
1 22 190 375771132193
3 67 138
0 21 77 -462879250796
1 71 77 -498776406819
2 78 81 -56768824071
2 139 191 -44318099763
2 44 111 -250268509348
3 54 176
2 53 97 -239049161697
2 1 6 10475208078
3 67 191
2 77 131 19727574439
1 143 146 -180380969012
0 115 163 -542350215861
2 15 144 22787344890
0 0 104 -801744592642
1 51 70 709580771164
0 46 116 841835792584
1 45 118 -110808605984
0 72 112 -702844939447
2 144 170 -90262638886
0 62 177 847921216798
3 123 169
2 0 135 -42634882559
