88 1419
851132932613 -571288037315 -691724414924 884708204752 999463040000 -564956819823 751437114362 -932073812174 832549180759 35814391230 724813225159 82783721709 -128931961575 789707904709 984900708596 802642291722 995648468782 -679236771075 765673891500 535725940566 -261334714485 -329626105434 215715048337 810352239011 383915455665 528077109144 431993149162 682560499495 -705243497901 599424002824 228440030658 -724109978825 -214001843272 -517376464064 242632372525 -140875543469 445720036393 443229041979 400072519203 698772184418 -20517228212 1406229528 12144133318 -690427950453 -207784804787 54015126480 -975419482438 -402595301932 -129109003562 -92070096804 -75550124514 -888541002574 909904476663 -157751242217 549250872886 2946323108 110590608714 376414750348 572010928778 904145496041 466452067774 -951228615135 -619189069334 -332485404638 -403419742421 -362084572132 -294998737971 -775164951945 -733228133347 39312289418 -272458364979 -137442491928 698722725357 -85576234079 676896760858 -450166040784 -162974115040 756511228966 -863851617484 -688387147441 647386238607 -494139144162 -804820480359 824839603068 456753962966 -380165682688 654470324573 731442871982
3 60 81
3 35 83
2 25 87 -10641168484
3 9 85
3 15 38
2 59 64 -4156787844
0 40 53 -995126491326
0 56 71 226841649957
1 29 37 920218481367
1 40 49 -909548115244
1 13 77 611853743276
2 6 52 -50288208903
2 38 81 159667176
0 66 71 606404330436
2 9 79 -14440129450
2 35 86 -11991654995
3 57 61
3 2 76
3 62 63
0 6 22 112783388809
2 7 70 351818958
1 48 70 604726921679
0 36 69 -85484987410
0 27 65 950919708964
1 5 70 -854892317054
3 10 59
2 20 85 -35451151581
1 56 67 -469376376673
2 14 77 -11770135544
0 58 75 -979046039527
3 15 56
2 4 75 -3871835353
0 21 23 818049705346
2 70 78 -9744674237
2 7 85 710175779
1 5 56 854430682219
0 44 57 69105238812
3 24 63
3 18 62
1 71 86 -942755018686
3 79 88
0 22 75 -566125246926
3 15 48
1 6 21 574806969858
1 20 23 628858668073
1 76 87 -494839479813
3 52 70
1 21 41 703777200904
2 22 41 -4920078363
0 56 80 668900597073
3 23 25
2 56 60 2019049835
0 4 21 323735494945
1 28 42 -153518070798
0 7 88 723086372333
3 27 73
1 14 22 903513549233
2 3 70 52705180725
2 4 8 12563192122
0 32 76 -749378153598
3 1 55
1 0 1 228194229704
0 20 72 -938110585394
0 27 46 476681429937
2 34 53 24121386550
2 1 75 32362906921
3 37 67
0 4 24 783500413052
2 40 42 -29361415023
2 43 67 12278923970
1 44 54 -760429083853
0 3 24 -240498195564
1 25 47 -428897976740
3 47 85
2 25 47 128139463418
1 27 70 -431932814225
0 11 40 -804752553992
2 27 39 72588030608
3 39 83
0 15 53 -643042432796
0 12 26 569670398457
1 12 43 177048540075
2 27 68 -1712612173
3 70 78
3 21 63
0 73 79 772820466806
3 48 73
2 13 65 10925345009
2 20 48 79736842387
3 5 70
2 46 71 -15815767678
2 39 47 117930526371
3 11 45
1 42 50 -42840210040
3 5 81
2 12 39 135376890669
0 32 74 -441369654600
1 48 83 -558158697188
1 44 85 331435298952
0 34 77 -69812689313
3 58 88
0 52 64 671495832572
0 6 38 -32808623511
0 33 43 -108380066841
2 24 79 -12257081829
0 51 67 167960487574
3 3 57
1 36 45 366329057204
2 3 35 92706076888
0 63 88 14219655618
0 34 75 -44476886960
3 21 74
0 10 19 219969537314
3 46 75
0 3 74 694231656923
2 26 30 -87890897842
0 38 80 76239136591
3 17 85
3 55 66
3 27 29
3 66 77
3 45 82
3 61 87
2 40 70 -175775310352
3 4 84
3 5 45
1 43 66 -532108442492
1 24 31 -75789393801
2 48 88 -260763364705
3 6 33
2 58 88 -116599583562
3 55 70
3 47 52
0 28 34 386942216041
1 79 83 -708187129174
1 29 53 -480246211648
3 21 61
3 10 31
3 61 69
1 18 69 187605271535
0 77 84 799902954568
0 51 54 -590549355779
0 54 59 551849394577
3 12 40
0 38 51 113825879230
3 11 30
0 3 63 670809728104
3 7 64
2 44 55 -5808950445
3 20 79
0 30 39 -132566119116
3 51 54
2 22 28 -9041169245
3 81 86
1 26 68 -362211342339
2 43 46 52717122123
2 38 62 44820530893
3 65 88
3 29 55
3 46 48
3 40 52
2 10 11 38522133238
0 8 42 436868450650
1 14 80 230922820891
3 52 82
1 1 44 347573569413
3 84 88
1 22 45 -759607006404
2 4 21 -128010006905
3 4 35
0 1 60 -625355332134
1 43 75 352620124590
1 9 55 268082379993
2 72 74 -90649442408
0 48 71 -377718522158
2 65 78 -72790817536
3 25 53
2 37 61 69325979896
1 20 69 -774071414033
1 62 65 48177622006
2 50 79 -150224067006
1 84 85 -291678921431
0 35 86 832048490863
0 3 66 562572545623
0 69 75 697480031878
1 51 57 41765138838
3 19 29
2 14 78 -113499366499
2 10 68 13227221475
1 21 32 726237603391
3 70 75
3 52 88
1 7 36 -75812419159
2 14 25 83824411047
0 15 29 -90730621263
0 22 48 684954685024
3 12 44
1 25 85 904450655985
0 49 53 -444299038924
1 56 77 -363330622496
1 7 55 486075270571
1 9 41 -681332495875
0 25 82 451592441444
3 3 55
1 12 26 862022409527
3 7 38
0 35 81 -427555754157
0 55 56 -355708524879
2 1 68 12287384251
2 22 76 87091670528
1 5 30 -201422155652
1 66 73 398127394947
3 7 60
1 13 76 618264695977
1 1 2 428831322702
2 55 78 -76965671664
3 11 64
3 74 84
1 36 60 -358124332076
1 61 77 934860799998
3 59 80
2 2 60 -163826527514
0 16 47 578534229623
1 1 48 786631880617
2 6 10 -180897438696
2 29 44 -79666142066
0 13 21 455057322962
0 40 84 -207882502204
3 17 64
1 7 27 -63361828104
3 36 67
2 26 45 -117492146076
3 33 42
1 41 43 -404776282559
2 32 43 -23833363517
2 3 35 -175470752308
3 0 42
1 51 71 -501405110909
2 23 38 -120923712082
0 12 72 855766796699
3 4 11
1 55 56 35858843073
2 4 13 -176492835885
1 11 20 517065887194
1 2 56 17141664292
0 21 40 -142893228653
3 56 73
3 8 35
0 71 78 -94456010496
0 27 30 -656520864231
1 32 38 633625419866
1 23 51 -192355273571
0 37 46 635080006832
0 2 70 -347194293291
3 74 88
2 9 25 -21285103741
1 19 72 -300480559207
0 79 83 630021962352
3 30 52
3 13 65
1 32 68 -250528078590
0 38 46 444912088701
0 37 48 255693205922
3 1 26
3 10 42
1 44 50 814445620530
0 20 57 -369905788835
1 2 25 525066850965
2 8 60 43559116873
2 36 69 -62766605995
2 7 77 -62713478665
2 15 68 2335122744
2 28 78 42949762104
3 60 71
0 30 49 284694914107
2 26 75 89758107393
2 35 71 49142353939
1 27 34 708404826404
2 10 79 -25528903766
1 8 69 646958587630
3 26 65
0 22 45 867287522328
2 61 82 -120284967414
0 19 66 858075832672
2 50 85 -31657240096
0 4 22 578859430851
1 2 44 1769313380
3 70 77
3 19 62
0 30 45 -904868216676
2 11 83 108992244833
0 35 67 93985555781
3 30 84
3 6 22
2 6 11 112029434765
1 58 60 461651117430
1 15 18 -656318242139
3 42 79
0 8 88 -131232655362
0 37 85 236257145528
3 36 43
1 9 59 -904012546613
1 34 53 -782091538234
0 53 71 182866396582
1 47 73 -243229746891
1 17 49 738912135679
2 15 20 44946249647
3 13 56
0 28 39 -717231793899
1 86 88 -333513660984
0 16 77 350118107085
1 53 73 565699565348
2 10 31 -61675658740
2 2 3 -203361986257
1 71 77 -738415756971
2 37 67 -66810889613
3 67 81
1 14 55 626922434331
1 24 77 -410930477394
3 44 83
3 3 9
1 12 18 -856123821946
1 23 27 -344951585391
0 17 34 561297438857
2 16 65 93203780533
1 47 59 356699057290
0 19 26 681481884704
3 29 85
1 0 64 -690644026244
1 26 43 396678699056
3 50 80
3 13 75
2 11 29 -193299604923
3 53 78
3 70 72
1 2 40 549808886436
1 1 64 960079784150
2 28 32 -115945881509
2 9 53 -10481047170
1 49 79 365463059154
3 56 57
3 24 83
0 15 58 -544622556346
0 9 63 -647919661551
2 2 54 -191334800299
1 35 83 70435847437
2 53 71 -92107772101
3 32 69
0 32 37 834356119981
3 58 64
0 16 43 738478742058
1 17 42 263717758661
0 66 73 897744026282
1 46 82 681350749476
0 3 18 48299025333
0 44 70 -752684239137
2 51 83 -58594554545
1 22 43 -754833794353
2 15 30 -30278117164
1 32 34 -685368432606
3 44 53
0 17 53 -435156021730
2 43 56 38698683532
3 14 24
1 44 64 -624885026467
1 0 21 496956676796
1 5 67 724388813239
2 17 22 -115207905874
2 34 38 -72421853026
0 21 70 -444349372458
2 18 58 -24379245173
1 66 86 622346590682
3 56 64
0 45 74 114933056870
2 63 74 29008456555
2 24 27 -492003667639
3 6 26
1 8 37 458267798754
3 55 66
2 31 59 -151967657070
2 3 82 -102434244432
2 14 30 -12865045986
1 38 60 -628760732275
1 29 57 -974321621536
3 8 61
1 11 56 -241073037301
0 29 70 -313853254010
1 13 71 -14535730282
3 13 83
2 17 66 -57354321652
0 5 74 -671179208761
2 1 53 -187804980570
1 15 49 326623031833
0 39 69 478420292450
0 16 67 616288249520
1 28 55 898255819554
2 8 37 -39038737072
2 22 77 60014671609
3 42 66
0 0 24 -634505668896
1 85 88 379325716117
1 25 51 287499509922
3 13 27
0 0 29 -923554854141
3 12 66
2 58 79 -4473768463
1 58 62 -769491128767
3 14 69
0 1 43 82928975145
0 73 82 -972808016019
2 45 46 21310410827
1 55 80 -651361640563
2 14 23 2407339422
0 1 61 826752913567
2 45 62 93633998977
3 14 67
0 70 80 -882226816340
0 18 57 729935987675
0 42 72 -11330079918
2 52 86 28627974749
3 26 46
0 13 38 395645219322
2 4 47 336821522914
3 67 84
0 43 47 -255940866280
0 5 55 -285121872783
1 16 57 394588737633
3 3 16
0 64 78 813784851269
1 28 57 884874813843
1 8 52 -400439901784
1 18 62 -184007290397
2 27 77 -4905124286
3 13 64
2 35 58 110708687554
2 0 46 -48111150648
2 37 68 -11222784775
3 68 77
2 57 82 -27523336607
0 14 29 97733331589
3 74 86
1 16 31 -718809264419
1 80 83 -817669603943
2 5 23 -16983484545
2 26 42 4128825771
1 21 32 -802209417956
1 9 53 -472198431616
0 27 73 928439284885
0 25 63 -407171618679
1 77 78 -40431410308
2 66 76 145110722907
0 3 52 -369118976063
1 46 69 260860861057
2 16 21 7283747990
3 34 47
3 52 86
1 6 76 -177617071199
3 8 38
3 52 68
3 12 30
1 60 78 585154625635
3 13 79
1 35 55 -742783840744
0 18 27 -352405228502
2 14 47 271958877180
3 1 54
2 5 13 127142585803
0 34 72 76379067879
3 5 37
0 58 83 -520705457012
0 51 64 216305269978
3 33 70
0 31 61 637090740143
1 3 58 813090711217
1 13 69 -263202908150
1 37 58 -222207775226
0 7 13 225472343959
3 49 58
3 42 63
1 4 45 -182078959467
0 86 88 382686027181
3 8 73
3 11 77
0 55 70 -905351408018
2 67 74 38638053405
2 20 23 82689846038
3 18 26
0 23 41 -982693086772
2 30 37 1886750006
0 27 71 -598664321942
1 20 53 427821647570
0 11 35 217560105490
3 42 82
1 18 50 -967155662797
0 18 75 804089181477
3 74 75
3 27 73
2 7 27 87324735569
0 2 68 -307792187228
3 2 65
1 44 80 -82528997533
3 2 23
0 3 24 696088563215
2 68 86 102773737962
3 11 56
3 42 71
2 53 56 245506251137
2 12 59 113563567849
3 48 56
1 7 18 488157113422
1 32 45 475045202652
1 51 78 251850658832
3 14 76
3 51 72
3 62 67
3 36 53
2 33 44 81584669242
1 6 16 -586378068226
2 35 38 138545562887
3 54 83
1 31 43 531735588710
3 55 76
2 53 56 185645850427
0 5 50 -640919493769
1 42 76 -842664669081
1 66 85 -942095866593
0 50 88 -548737634206
3 56 73
1 26 48 -185477494762
1 27 56 -426798552807
3 57 58
0 32 38 -257235133115
0 72 88 459798751729
2 22 69 76133137305
1 2 4 -767233938276
0 11 76 17035249228
3 2 47
0 35 57 -315434506660
0 20 67 868441843177
3 28 38
1 57 87 973110474217
2 3 40 14341371263
0 43 84 899188362788
2 35 36 21712243791
1 11 36 -735446165133
2 12 84 6054629260
2 13 69 18404407493
1 28 83 -979810351043
1 5 88 -251163014904
1 72 87 -173581570955
3 23 77
0 12 32 -518927975828
0 41 64 -758407645534
1 4 76 67323593481
2 30 68 -16223109039
3 55 61
0 16 56 308607307037
1 45 87 -347973078901
3 4 53
3 8 58
0 5 75 -27395433834
2 41 58 -19922815174
3 15 43
1 39 56 255209164500
2 22 34 1317961468
0 27 66 -321766215006
0 29 83 968052526443
0 7 32 -630273635157
3 45 86
1 17 86 5069390259
3 0 79
1 4 54 736830798765
1 2 64 523514549888
1 22 76 882585552454
2 33 34 19466229573
1 27 33 603043545093
2 17 54 -19000311137
1 11 41 765725596644
0 25 33 416663748079
3 23 62
3 1 72
3 34 82
0 61 67 181443076318
2 22 24 1803843777
0 77 86 -231218171726
0 54 60 -911561425797
0 80 82 79103581045
0 2 79 -380513574688
1 45 63 -118585219273
1 65 67 47813847562
3 76 80
2 19 50 12157208041
3 14 79
2 46 52 -24437529328
1 69 75 -888561757525
0 31 71 -782316239499
0 56 74 -218229634595
1 26 33 -979744000434
2 8 36 15660253790
1 2 44 -706747521130
2 3 45 -13742536071
3 26 57
0 12 22 -213285823813
3 65 76
0 25 26 491117681053
1 34 43 439993233282
2 52 87 -5276998037
3 52 61
1 47 60 560482695287
0 76 77 -488341748784
3 7 16
1 58 76 -820813473871
2 31 44 -16486249925
0 23 83 -153201392394
1 15 77 109401016310
3 36 67
0 42 53 -17699357686
0 4 17 -576536956994
3 35 80
2 49 50 20091741559
3 23 85
3 28 57
3 74 82
2 29 77 31956958366
1 8 80 351255500562
1 75 79 724854155827
0 31 44 83304442017
0 11 13 -909847906813
1 48 68 188362469638
0 45 78 -402276575563
3 2 88
2 24 58 25064630686
2 15 48 -7378453826
2 31 85 -28044497749
1 36 82 -721283340291
3 29 74
2 25 31 -14464792212
0 65 75 405636779522
3 19 37
1 58 73 561858010375
1 30 47 704284324443
2 59 85 29102429262
0 34 87 -72406193358
2 26 74 155016475193
1 52 75 -989740900972
3 40 69
3 0 81
2 47 59 -27987123504
0 26 65 75449901691
1 45 87 -367092651329
3 77 84
1 44 82 554733400450
1 3 19 -743455795994
1 27 72 -844479932753
0 82 85 300042537756
3 20 68
2 2 11 35852106604
3 16 81
3 35 60
3 74 88
0 8 20 -335025977440
1 7 58 140322471757
0 60 71 -852336065033
2 56 61 184983765233
1 1 13 958089518260
0 48 68 -113198209668
0 34 48 347379124863
1 32 86 -157866431493
1 65 82 15929492525
1 10 32 520367357162
3 29 84
0 37 57 460687331662
2 6 56 8831369937
1 15 24 354863520440
0 0 3 -23777435815
0 52 76 487690230763
0 73 74 -915477816380
3 15 30
3 14 36
2 31 71 -15635688091
0 51 80 4984843785
3 15 16
3 38 41
0 46 65 -331881385581
2 45 67 -2957506941
2 54 78 -19727815975
2 47 60 -23801469097
0 12 14 942044727379
1 57 81 223953591313
3 21 31
2 17 66 -21861848735
2 36 81 -13041774702
3 7 69
0 13 52 -878584565525
2 51 74 8431079378
0 69 71 -400594128542
1 10 34 -934520144967
2 13 52 5333624025
0 9 79 -44047915234
1 18 55 717873154565
1 79 81 -278174390694
2 8 23 -19174247391
1 2 41 889768410098
3 0 49
2 32 42 27891177772
2 18 75 -1082214858
0 1 47 667851368237
0 9 70 205965498026
1 5 25 657565940631
3 21 44
3 6 29
1 70 87 -391184875662
2 41 53 51888607148
3 17 20
2 14 72 301159605383
3 10 30
3 51 57
0 29 69 -293749619407
2 1 56 -12811334126
3 8 81
2 45 57 1349517659
3 14 23
3 12 67
2 56 71 9038561215
1 55 58 -821108465278
0 3 39 -15164345681
2 16 38 311682100004
3 14 62
1 49 51 -756327506491
2 66 85 57502620235
1 15 28 553671291218
3 11 21
2 10 25 330660773117
3 38 77
3 8 73
0 6 59 920482153760
3 38 59
0 8 20 -399864176551
1 6 34 -751353916706
0 8 31 866542282960
2 34 85 -22385210502
2 31 70 35419382315
1 0 80 338690156921
0 53 72 -377840682589
2 57 85 -105590734585
0 14 64 -276538554326
3 20 30
0 15 71 371322048174
0 5 52 -537119587340
0 19 33 -15755743403
3 62 71
3 18 31
2 15 69 262713272505
0 14 46 541573592459
3 30 49
1 14 69 -212009252702
0 29 68 -500881702260
3 8 19
1 1 10 228595683061
0 8 32 -431659694012
2 2 79 -349571354769
3 49 53
1 14 49 -57453174872
1 36 80 993823238759
2 36 78 -78065682153
1 35 50 -515221410833
0 21 72 302123194895
0 23 55 817916316041
2 59 88 -112492656130
1 26 36 859581587030
2 8 84 42893644502
2 30 50 -75679681116
2 7 81 -54625853447
3 11 32
2 75 85 -74668751706
1 30 67 -13717092430
3 1 37
0 66 69 987455352814
3 24 72
3 26 39
3 20 81
1 9 16 -14940850286
0 17 25 -758286551234
2 5 14 -43506281917
1 1 62 -566677857521
1 42 73 -209744909626
2 0 3 -388582282515
1 25 37 -447807417898
1 47 61 -479555197070
0 60 84 213452590366
2 39 59 -18545026403
2 44 67 -110559693322
0 20 48 536191991955
0 13 86 -43677944974
0 19 86 900186077668
0 19 79 543706053223
3 45 84
3 50 53
2 48 61 680266368582
3 35 79
2 23 74 -287965009150
2 29 42 631904802897
3 39 48
0 40 68 657655365081
0 13 31 727560469358
2 37 46 362364064269
1 28 70 560537385365
3 44 76
3 49 51
1 65 69 788125252938
2 75 83 -143538360398
1 31 69 226210343466
1 4 15 -483333224663
3 22 47
1 15 32 571095183299
1 19 44 89328584818
0 54 70 575836193657
2 29 82 -310888666809
1 9 84 449775562979
3 74 82
2 10 80 -259535774509
2 51 67 203865730529
1 19 28 -538358494383
3 3 73
2 8 80 -218502945930
0 30 77 882119843869
3 10 72
0 81 87 197470737151
2 81 84 285125142958
2 0 40 441863221520
2 14 15 -521509680640
1 71 74 25084233452
1 13 61 -690200233885
1 32 53 100177164550
1 64 84 -114541629691
2 10 21 -455353743006
0 27 41 -271581269409
1 5 37 510126424509
1 16 32 715144865748
1 74 83 -494507959043
0 83 84 209399896023
3 7 20
2 62 67 -103432843868
3 83 88
0 37 53 -888222738338
3 6 60
1 1 31 121706104996
2 61 76 -18482818698
0 16 56 703269434903
3 29 57
1 19 81 -984284396579
2 21 61 273424137875
0 25 64 72665761291
0 3 58 -861459962599
2 13 17 48103212212
0 43 85 -595682659210
0 19 25 -683416094233
1 7 58 206541860319
0 30 49 -99833820601
3 8 69
3 17 50
0 2 66 663460394850
0 20 32 405534491952
3 41 77
1 22 78 420760097223
2 46 47 3936871081
3 25 66
2 7 44 -87451892810
1 16 60 -860848356906
1 4 76 291270991417
1 54 88 940139109966
2 33 39 -35298775459
3 15 66
1 5 68 477666377650
1 59 63 -912363318135
3 30 37
1 15 75 -269035822959
1 62 81 843353107575
2 27 76 48962550462
1 45 69 -239219154847
0 29 79 -687971176625
1 21 28 962907819057
2 68 81 -32984945901
0 36 76 107078575640
1 40 78 816745194608
1 35 65 872082870859
1 23 65 -432735690189
3 54 83
1 25 52 -641186698823
0 64 87 902136716341
3 3 13
2 7 14 -29937094440
3 63 85
3 43 74
3 41 69
1 55 58 -792288032485
1 12 32 48024533227
3 31 68
1 26 59 455354827585
3 14 23
0 4 36 103991712413
1 21 66 -318931737362
3 13 25
2 39 69 5860549869
0 67 86 688145543618
2 56 75 -24990794173
3 71 88
3 31 35
3 14 21
0 40 44 129915723052
2 12 66 -84887233843
3 23 36
2 4 13 11777910237
3 34 87
1 4 88 223104448999
2 34 73 45793595890
0 20 48 321967419104
2 21 68 -32741157112
3 74 88
1 35 71 964509381295
1 56 80 -681900498618
0 4 75 -445915248779
0 27 32 807650581065
1 20 25 957439749460
1 18 86 820306232072
0 29 31 969910595103
3 54 64
0 59 60 -271135967759
1 62 63 913868594788
0 59 84 21357592106
1 27 59 953840991755
2 30 42 -8934095371
3 13 74
3 17 85
1 18 38 29069656971
3 28 55
3 9 75
2 24 28 -34939684837
3 17 63
3 57 58
0 0 67 102622659421
2 54 60 -123575897131
1 24 52 273338867636
2 60 81 2102794390
2 49 87 2178759828
0 47 79 -268776495186
0 62 71 -348232955538
3 25 33
0 18 65 -960985398726
3 28 36
0 0 42 160783691216
0 21 83 468751240677
3 10 86
0 9 24 -842106157440
3 48 58
3 0 30
0 35 36 -624620388243
3 13 62
1 26 75 -354050576182
0 33 65 -121382398986
1 34 87 -877731544996
1 46 74 589400968572
2 2 20 -4307063275
1 43 48 405052590029
1 45 67 574231456039
2 6 26 -8899271616
1 14 86 653418037025
2 9 18 -60725206488
0 47 72 795267847632
2 19 56 -32301732278
3 24 28
1 6 41 907494015330
0 51 71 -548239040473
1 45 75 -296622448244
2 65 88 -50688132706
0 11 60 304443085173
1 10 66 -436969571883
0 2 45 -20017295872
2 8 88 -92470106818
0 60 79 695205702271
1 69 76 197094230451
2 7 54 16039246822
0 42 64 55391180111
2 12 54 59334336443
3 25 80
2 77 86 98959528870
3 3 11
2 10 78 109629704160
3 40 77
0 3 20 -736906151313
1 48 83 -760087796976
1 21 64 943908348957
2 31 56 529601140
3 8 27
1 55 88 -74661377589
3 4 6
1 82 85 773614426178
0 54 78 845546239341
0 16 66 63247751942
3 13 67
1 0 48 -263621791134
3 67 88
3 72 75
1 35 45 976611263062
0 8 38 635264003771
0 7 53 -714940039479
0 7 33 283323852415
0 39 55 378388572155
1 22 67 215863657169
0 49 68 249965867213
3 22 37
3 50 62
2 34 77 16322353292
0 15 81 -725433506506
0 31 37 855639406933
1 0 62 921470513983
3 65 68
0 15 66 543637151512
1 41 85 929106042446
2 9 35 -1353962947746
3 25 43
3 39 61
0 32 55 -179658981118
3 49 67
1 8 71 -788734162693
2 34 74 42509059477
3 40 65
0 20 40 917140138665
0 13 72 340278628308
3 25 46
1 48 80 -179280886476
1 5 11 -138264368967
3 32 69
1 30 81 -10098744480
2 6 88 -110321272936
2 55 85 -54343549263
1 11 57 -970622713204
0 36 53 -586013883884
1 30 72 -325958035359
2 38 80 49992932869
2 33 66 -10132823095
0 23 47 -554074322427
0 41 75 915374180406
3 11 28
2 39 50 -15023323599
2 33 73 -16590616046
1 31 52 -791732658833
2 34 62 37116022138
0 26 37 719988337684
1 20 57 -888422714135
0 30 88 705161136796
3 2 35
3 23 75
1 59 83 533008867949
0 55 77 49752235852
3 49 66
3 7 22
2 20 62 -67618330147
1 61 75 742052765900
3 30 54
1 2 81 651714653631
3 0 56
0 32 34 986971700196
0 50 68 503036538480
2 42 61 -199340120952
1 9 31 681454641502
0 62 71 -648648995342
2 3 58 -297727198647
1 42 49 318859659591
0 7 8 409215287388
0 1 34 953742950285
3 33 37
1 39 75 245164976438
1 61 81 -736779748283
3 52 77
2 2 88 -815963457461
1 20 68 819372257870
2 29 37 -7755328890
3 30 64
2 50 80 -305626786239
3 33 61
3 77 88
1 8 41 -591648415567
3 63 81
1 45 83 762717955534
3 39 71
2 77 86 -36193627015
1 10 43 730446391684
2 1 44 -220961315426
1 13 52 357587729903
3 65 81
2 13 38 -323137402025
2 65 85 -300701100344
0 18 24 -14036466350
2 76 83 -304169519348
0 42 60 570983532871
1 0 73 163881159055
1 23 85 821088153041
1 37 88 -664733525049
3 9 57
3 32 66
0 66 72 -317043930807
2 6 43 66743865009
2 70 87 42006704063
0 40 73 -432962765689
0 21 51 912799879282
0 37 52 178990888607
0 63 82 -128728471384
2 46 59 41954455272
0 34 41 5913007996
0 58 83 612031200480
2 29 56 33329562625
1 59 70 97084250779
2 1 29 -488756857805
3 73 74
2 33 66 -493062570838
0 23 48 -88904491933
2 15 62 28204006300
1 66 75 -200916192270
0 8 56 -603404500862
0 30 60 253527457178
1 48 82 413609845171
0 12 68 -757884958396
3 9 63
0 2 69 -381118397460
1 12 31 692654860114
0 12 87 -388153468527
3 2 80
3 0 81
3 29 59
1 3 31 758344430194
0 36 52 -480040000823
1 3 61 499306051227
0 44 85 17289862860
1 44 57 -866033080086
1 19 41 -121608770188
1 33 74 634339357644
2 57 80 66010944150
3 29 33
1 1 37 718089887339
0 43 64 347450478424
1 18 81 216862655227
1 12 66 -569018277619
2 8 74 -61981597966
0 12 85 -646244168245
0 41 48 621035585098
1 4 55 646083084472
0 36 69 -426993715799
0 15 41 389141639195
1 51 63 -175688046937
1 9 55 944797521763
2 19 60 47259242191
1 2 88 50618390120
2 13 44 -841864798800
3 8 54
2 0 70 -842713863972
2 12 23 31353935706
2 23 29 475503218661
1 12 60 339048360953
0 2 81 800807372203
1 0 41 377327694375
3 25 78
0 8 78 -392323059213
3 62 80
0 37 84 985955790710
1 30 37 -81635407489
2 43 63 67971339871
0 3 42 522415778700
2 49 80 166805371044
3 8 61
3 44 69
1 66 70 108453115464
2 15 70 142975299456
2 21 52 198709400914
0 7 38 240368818455
2 39 88 -329417394760
1 4 10 -485196461093
2 34 71 -72929819763
0 38 55 66447066828
0 52 87 -768055622499
2 11 47 317133300793
2 52 81 338940681695
2 1 58 243174738958
0 83 85 -324884939809
3 11 60
2 26 75 -13571956491
2 12 17 100501915992
3 42 72
3 22 60
1 30 43 -169051971063
1 64 85 761950501089
3 13 51
1 47 75 -78813453252
2 36 76 76803565717
1 8 9 938076331358
2 50 84 42474441769
0 14 56 302007230638
2 29 69 -213893735833
1 20 31 720825970832
1 7 76 -867911031826
3 52 84
2 6 73 -193936409980
3 3 14
2 39 52 -35915918554
1 4 41 991301183381
3 14 38
0 42 80 -829081488015
1 41 43 -538175864298
2 73 88 -134159824846
0 8 62 551078445826
1 2 49 492414775816
0 59 73 -433750412686
3 0 84
1 49 72 464780165874
0 19 53 -951630330716
0 40 83 889659736180
3 66 84
0 27 81 870040998465
2 13 33 1652491420
3 10 69
2 46 72 2382723684
1 11 15 -759430243305
2 57 67 -35312552734
3 7 49
1 10 35 -561946223563
2 23 47 -20833609741
0 65 76 -845021907195
1 21 71 479597781077
0 19 39 -840666062568
0 36 85 -585525201285
1 6 49 -209192254930
0 1 40 -103971430090
1 8 86 -57002049076
0 7 21 33337396454
0 7 33 299693708787
0 65 79 -73295443343
0 29 56 -631096872415
0 23 43 152836498174
0 1 39 -792304130199
3 22 68
2 2 22 -87841153382
2 51 85 527878806116
2 34 80 385826222182
2 7 58 55626582574
1 27 87 813436911797
0 28 29 -51709202632
3 15 37
2 31 37 44485608115
1 68 85 -398307434179
0 26 73 -216481929953
2 8 55 -74556597164
2 33 70 30872559972
3 43 69
0 47 75 -286853911895
3 67 87
1 23 35 -878780255504
1 20 22 587965124422
0 61 81 601561970552
0 24 58 325852467727
1 5 16 907862876957
0 10 28 464016700990
0 43 54 4048778465
2 48 83 -75841843078
0 46 64 -747542212184
2 35 74 -37985560636
2 23 67 -69029225267
2 14 21 85756051192
2 52 57 -20622660808
2 7 67 73256477955
3 15 60
2 36 40 -51687392880
2 5 47 -40657683183
3 4 65
3 46 84
0 17 47 400843393821
0 33 85 125051110790
2 5 33 -107598683784
0 10 23 208783510343
2 15 79 147620878660
3 6 36
3 18 74
2 14 24 109710897631
3 6 25
0 26 48 -526211150196
3 75 78
2 21 64 -48913736718
2 60 78 13105825397
2 13 77 -88748230431
0 58 88 -414821158086
1 7 84 657650975239
1 17 33 186408150614
3 22 67
2 57 62 -10019081197
3 0 59
0 45 52 -375934108622
3 18 85
2 57 64 105713046495
1 49 87 159854676745
1 15 49 123067658732
2 30 48 130815314663
1 48 66 -167707725299
2 44 51 -61801987038
0 0 10 68174878850
0 10 67 -58292646898
3 17 28
2 2 85 41687159874
1 14 53 523447372779
0 6 51 -114807005779
1 11 20 -582333999543
1 2 67 -305375418273
3 29 37
3 25 72
0 24 60 45053033089
2 0 79 153272607752
0 12 47 -349501747841
1 27 79 -73370397574
2 43 71 -43350880757
0 5 38 955446665948
1 40 60 978096969579
1 42 62 -960618214125
3 8 82
0 66 86 -667462934019
0 30 46 -533727765360
0 78 83 432891300919
2 34 60 -51309637115
0 34 72 -270288431239
0 36 53 841700904541
1 38 69 -758064991061
1 46 50 511065239761
1 32 35 647632903816
1 53 82 74439707178
1 27 84 428660648598
1 68 77 847074719176
1 17 61 159685814939
2 76 85 -321830484223
3 20 55
2 43 44 -3361720283
0 9 87 -538327994833
3 27 41
1 69 79 447821198954
0 39 69 910947601285
2 10 26 396759565479
3 39 77
2 35 80 180192567039
2 47 83 49859897358
0 48 59 -268691333266
3 59 65
3 55 59
1 25 87 393542979248
0 50 72 -651637481311
2 29 84 131348379250
1 4 72 853995325789
1 1 14 239472324316
3 6 58
3 19 27
1 22 79 929380031529
3 8 65
0 6 60 -191435264156
0 79 86 228013359616
0 43 88 618864916118
0 55 62 -67185384583
0 4 46 417001751345
3 6 50
3 1 62
3 35 79
1 11 41 -659989009414
1 29 69 -248516879614
1 69 73 -250577957387
0 42 82 -797689159248
0 64 84 763272954906
1 0 45 -550297947213
1 39 84 309484063758
2 9 54 -120361775015
2 31 62 269770845030
0 78 80 -297494979015
3 26 27
0 39 52 437983115997
0 13 45 770654805403
1 49 61 454764095264
0 58 62 -854181661708
0 42 68 -170934959247
0 63 74 60187873635
3 25 84
3 48 72
1 6 81 347698554122
0 36 60 -422238223024
1 41 73 182016890807
0 38 75 -444564064265
1 13 19 -142114986279
2 8 75 238928164141
3 5 55
0 9 60 902665957616
2 46 68 102097757899
2 56 67 224464032344
2 18 36 -115956941668
2 26 83 -387763360188
0 41 51 -271882407777
2 74 75 212811773765
3 3 27
0 21 22 129418954677
2 70 74 -19075870656
2 13 77 118282935192
1 22 59 158491483099
3 14 57
2 34 79 -328247257979
3 8 10
0 35 61 -415588708255
2 38 83 -14584763782
1 18 73 214582324047
3 61 84
1 38 77 435223158813
1 55 65 -569809071583
0 0 83 505351575758
0 8 86 371219824109
3 9 60
3 0 24
1 32 36 -416278997784
0 26 52 462798376732
3 13 87
