10 20
17741156448 674254154745 959318805271 -300223480756 866002598245 906478928544 -715047271085 -327115205627 -390400968186 -887310093855
0 3 9 -206929618828
0 2 5 302271592341
1 7 8 966205280495
0 7 9 936820542831
2 5 7 51166796900
3 4 7
1 6 8 -221091002916
2 3 8 -73650416349
2 0 10 -99029984404
1 0 9 796264926781
2 3 5 132273852375
2 2 10 62289748438
2 6 10 -48049684708
1 0 9 744108305043
2 2 10 -22665569676
0 4 8 480129138703
0 6 9 -252049005049
2 1 9 11308995317
1 7 8 -55786107842
0 3 5 963288232238
