4096
1 1
1 2
1 4
1 8
1 16
1 32
1 64
1 128
1 256
1 512
1 1024
1 2048
1 4096
1 8192
1 16384
1 32768
1 65536
1 131072
1 262144
1 524288
1 1048576
1 2097152
1 4194304
1 8388608
1 16777216
1 33554432
1 67108864
1 134217728
1 268435456
1 536870912
1 1073741824
1 2147483648
1 4294967296
1 8589934592
1 17179869184
1 34359738368
1 68719476736
1 137438953472
1 274877906944
1 549755813888
1 1099511627776
1 2199023255552
1 4398046511104
1 8796093022208
1 17592186044416
1 35184372088832
1 70368744177664
1 140737488355328
1 281474976710656
1 562949953421312
1 1125899906842624
1 2251799813685248
1 4503599627370496
1 9007199254740992
1 18014398509481984
1 36028797018963968
1 72057594037927936
1 144115188075855872
1 288230376151711744
1 576460752303423488
1 1152921504606846976
1 2305843009213693952
1 4611686018427387904
1 9223372036854775808
2 1
2 2
2 4
2 8
2 16
2 32
2 64
2 128
2 256
2 512
2 1024
2 2048
2 4096
2 8192
2 16384
2 32768
2 65536
2 131072
2 262144
2 524288
2 1048576
2 2097152
2 4194304
2 8388608
2 16777216
2 33554432
2 67108864
2 134217728
2 268435456
2 536870912
2 1073741824
2 2147483648
2 4294967296
2 8589934592
2 17179869184
2 34359738368
2 68719476736
2 137438953472
2 274877906944
2 549755813888
2 1099511627776
2 2199023255552
2 4398046511104
2 8796093022208
2 17592186044416
2 35184372088832
2 70368744177664
2 140737488355328
2 281474976710656
2 562949953421312
2 1125899906842624
2 2251799813685248
2 4503599627370496
2 9007199254740992
2 18014398509481984
2 36028797018963968
2 72057594037927936
2 144115188075855872
2 288230376151711744
2 576460752303423488
2 1152921504606846976
2 2305843009213693952
2 4611686018427387904
2 9223372036854775808
4 1
4 2
4 4
4 8
4 16
4 32
4 64
4 128
4 256
4 512
4 1024
4 2048
4 4096
4 8192
4 16384
4 32768
4 65536
4 131072
4 262144
4 524288
4 1048576
4 2097152
4 4194304
4 8388608
4 16777216
4 33554432
4 67108864
4 134217728
4 268435456
4 536870912
4 1073741824
4 2147483648
4 4294967296
4 8589934592
4 17179869184
4 34359738368
4 68719476736
4 137438953472
4 274877906944
4 549755813888
4 1099511627776
4 2199023255552
4 4398046511104
4 8796093022208
4 17592186044416
4 35184372088832
4 70368744177664
4 140737488355328
4 281474976710656
4 562949953421312
4 1125899906842624
4 2251799813685248
4 4503599627370496
4 9007199254740992
4 18014398509481984
4 36028797018963968
4 72057594037927936
4 144115188075855872
4 288230376151711744
4 576460752303423488
4 1152921504606846976
4 2305843009213693952
4 4611686018427387904
4 9223372036854775808
8 1
8 2
8 4
8 8
8 16
8 32
8 64
8 128
8 256
8 512
8 1024
8 2048
8 4096
8 8192
8 16384
8 32768
8 65536
8 131072
8 262144
8 524288
8 1048576
8 2097152
8 4194304
8 8388608
8 16777216
8 33554432
8 67108864
8 134217728
8 268435456
8 536870912
8 1073741824
8 2147483648
8 4294967296
8 8589934592
8 17179869184
8 34359738368
8 68719476736
8 137438953472
8 274877906944
8 549755813888
8 1099511627776
8 2199023255552
8 4398046511104
8 8796093022208
8 17592186044416
8 35184372088832
8 70368744177664
8 140737488355328
8 281474976710656
8 562949953421312
8 1125899906842624
8 2251799813685248
8 4503599627370496
8 9007199254740992
8 18014398509481984
8 36028797018963968
8 72057594037927936
8 144115188075855872
8 288230376151711744
8 576460752303423488
8 1152921504606846976
8 2305843009213693952
8 4611686018427387904
8 9223372036854775808
16 1
16 2
16 4
16 8
16 16
16 32
16 64
16 128
16 256
16 512
16 1024
16 2048
16 4096
16 8192
16 16384
16 32768
16 65536
16 131072
16 262144
16 524288
16 1048576
16 2097152
16 4194304
16 8388608
16 16777216
16 33554432
16 67108864
16 134217728
16 268435456
16 536870912
16 1073741824
16 2147483648
16 4294967296
16 8589934592
16 17179869184
16 34359738368
16 68719476736
16 137438953472
16 274877906944
16 549755813888
16 1099511627776
16 2199023255552
16 4398046511104
16 8796093022208
16 17592186044416
16 35184372088832
16 70368744177664
16 140737488355328
16 281474976710656
16 562949953421312
16 1125899906842624
16 2251799813685248
16 4503599627370496
16 9007199254740992
16 18014398509481984
16 36028797018963968
16 72057594037927936
16 144115188075855872
16 288230376151711744
16 576460752303423488
16 1152921504606846976
16 2305843009213693952
16 4611686018427387904
16 9223372036854775808
32 1
32 2
32 4
32 8
32 16
32 32
32 64
32 128
32 256
32 512
32 1024
32 2048
32 4096
32 8192
32 16384
32 32768
32 65536
32 131072
32 262144
32 524288
32 1048576
32 2097152
32 4194304
32 8388608
32 16777216
32 33554432
32 67108864
32 134217728
32 268435456
32 536870912
32 1073741824
32 2147483648
32 4294967296
32 8589934592
32 17179869184
32 34359738368
32 68719476736
32 137438953472
32 274877906944
32 549755813888
32 1099511627776
32 2199023255552
32 4398046511104
32 8796093022208
32 17592186044416
32 35184372088832
32 70368744177664
32 140737488355328
32 281474976710656
32 562949953421312
32 1125899906842624
32 2251799813685248
32 4503599627370496
32 9007199254740992
32 18014398509481984
32 36028797018963968
32 72057594037927936
32 144115188075855872
32 288230376151711744
32 576460752303423488
32 1152921504606846976
32 2305843009213693952
32 4611686018427387904
32 9223372036854775808
64 1
64 2
64 4
64 8
64 16
64 32
64 64
64 128
64 256
64 512
64 1024
64 2048
64 4096
64 8192
64 16384
64 32768
64 65536
64 131072
64 262144
64 524288
64 1048576
64 2097152
64 4194304
64 8388608
64 16777216
64 33554432
64 67108864
64 134217728
64 268435456
64 536870912
64 1073741824
64 2147483648
64 4294967296
64 8589934592
64 17179869184
64 34359738368
64 68719476736
64 137438953472
64 274877906944
64 549755813888
64 1099511627776
64 2199023255552
64 4398046511104
64 8796093022208
64 17592186044416
64 35184372088832
64 70368744177664
64 140737488355328
64 281474976710656
64 562949953421312
64 1125899906842624
64 2251799813685248
64 4503599627370496
64 9007199254740992
64 18014398509481984
64 36028797018963968
64 72057594037927936
64 144115188075855872
64 288230376151711744
64 576460752303423488
64 1152921504606846976
64 2305843009213693952
64 4611686018427387904
64 9223372036854775808
128 1
128 2
128 4
128 8
128 16
128 32
128 64
128 128
128 256
128 512
128 1024
128 2048
128 4096
128 8192
128 16384
128 32768
128 65536
128 131072
128 262144
128 524288
128 1048576
128 2097152
128 4194304
128 8388608
128 16777216
128 33554432
128 67108864
128 134217728
128 268435456
128 536870912
128 1073741824
128 2147483648
128 4294967296
128 8589934592
128 17179869184
128 34359738368
128 68719476736
128 137438953472
128 274877906944
128 549755813888
128 1099511627776
128 2199023255552
128 4398046511104
128 8796093022208
128 17592186044416
128 35184372088832
128 70368744177664
128 140737488355328
128 281474976710656
128 562949953421312
128 1125899906842624
128 2251799813685248
128 4503599627370496
128 9007199254740992
128 18014398509481984
128 36028797018963968
128 72057594037927936
128 144115188075855872
128 288230376151711744
128 576460752303423488
128 1152921504606846976
128 2305843009213693952
128 4611686018427387904
128 9223372036854775808
256 1
256 2
256 4
256 8
256 16
256 32
256 64
256 128
256 256
256 512
256 1024
256 2048
256 4096
256 8192
256 16384
256 32768
256 65536
256 131072
256 262144
256 524288
256 1048576
256 2097152
256 4194304
256 8388608
256 16777216
256 33554432
256 67108864
256 134217728
256 268435456
256 536870912
256 1073741824
256 2147483648
256 4294967296
256 8589934592
256 17179869184
256 34359738368
256 68719476736
256 137438953472
256 274877906944
256 549755813888
256 1099511627776
256 2199023255552
256 4398046511104
256 8796093022208
256 17592186044416
256 35184372088832
256 70368744177664
256 140737488355328
256 281474976710656
256 562949953421312
256 1125899906842624
256 2251799813685248
256 4503599627370496
256 9007199254740992
256 18014398509481984
256 36028797018963968
256 72057594037927936
256 144115188075855872
256 288230376151711744
256 576460752303423488
256 1152921504606846976
256 2305843009213693952
256 4611686018427387904
256 9223372036854775808
512 1
512 2
512 4
512 8
512 16
512 32
512 64
512 128
512 256
512 512
512 1024
512 2048
512 4096
512 8192
512 16384
512 32768
512 65536
512 131072
512 262144
512 524288
512 1048576
512 2097152
512 4194304
512 8388608
512 16777216
512 33554432
512 67108864
512 134217728
512 268435456
512 536870912
512 1073741824
512 2147483648
512 4294967296
512 8589934592
512 17179869184
512 34359738368
512 68719476736
512 137438953472
512 274877906944
512 549755813888
512 1099511627776
512 2199023255552
512 4398046511104
512 8796093022208
512 17592186044416
512 35184372088832
512 70368744177664
512 140737488355328
512 281474976710656
512 562949953421312
512 1125899906842624
512 2251799813685248
512 4503599627370496
512 9007199254740992
512 18014398509481984
512 36028797018963968
512 72057594037927936
512 144115188075855872
512 288230376151711744
512 576460752303423488
512 1152921504606846976
512 2305843009213693952
512 4611686018427387904
512 9223372036854775808
1024 1
1024 2
1024 4
1024 8
1024 16
1024 32
1024 64
1024 128
1024 256
1024 512
1024 1024
1024 2048
1024 4096
1024 8192
1024 16384
1024 32768
1024 65536
1024 131072
1024 262144
1024 524288
1024 1048576
1024 2097152
1024 4194304
1024 8388608
1024 16777216
1024 33554432
1024 67108864
1024 134217728
1024 268435456
1024 536870912
1024 1073741824
1024 2147483648
1024 4294967296
1024 8589934592
1024 17179869184
1024 34359738368
1024 68719476736
1024 137438953472
1024 274877906944
1024 549755813888
1024 1099511627776
1024 2199023255552
1024 4398046511104
1024 8796093022208
1024 17592186044416
1024 35184372088832
1024 70368744177664
1024 140737488355328
1024 281474976710656
1024 562949953421312
1024 1125899906842624
1024 2251799813685248
1024 4503599627370496
1024 9007199254740992
1024 18014398509481984
1024 36028797018963968
1024 72057594037927936
1024 144115188075855872
1024 288230376151711744
1024 576460752303423488
1024 1152921504606846976
1024 2305843009213693952
1024 4611686018427387904
1024 9223372036854775808
2048 1
2048 2
2048 4
2048 8
2048 16
2048 32
2048 64
2048 128
2048 256
2048 512
2048 1024
2048 2048
2048 4096
2048 8192
2048 16384
2048 32768
2048 65536
2048 131072
2048 262144
2048 524288
2048 1048576
2048 2097152
2048 4194304
2048 8388608
2048 16777216
2048 33554432
2048 67108864
2048 134217728
2048 268435456
2048 536870912
2048 1073741824
2048 2147483648
2048 4294967296
2048 8589934592
2048 17179869184
2048 34359738368
2048 68719476736
2048 137438953472
2048 274877906944
2048 549755813888
2048 1099511627776
2048 2199023255552
2048 4398046511104
2048 8796093022208
2048 17592186044416
2048 35184372088832
2048 70368744177664
2048 140737488355328
2048 281474976710656
2048 562949953421312
2048 1125899906842624
2048 2251799813685248
2048 4503599627370496
2048 9007199254740992
2048 18014398509481984
2048 36028797018963968
2048 72057594037927936
2048 144115188075855872
2048 288230376151711744
2048 576460752303423488
2048 1152921504606846976
2048 2305843009213693952
2048 4611686018427387904
2048 9223372036854775808
4096 1
4096 2
4096 4
4096 8
4096 16
4096 32
4096 64
4096 128
4096 256
4096 512
4096 1024
4096 2048
4096 4096
4096 8192
4096 16384
4096 32768
4096 65536
4096 131072
4096 262144
4096 524288
4096 1048576
4096 2097152
4096 4194304
4096 8388608
4096 16777216
4096 33554432
4096 67108864
4096 134217728
4096 268435456
4096 536870912
4096 1073741824
4096 2147483648
4096 4294967296
4096 8589934592
4096 17179869184
4096 34359738368
4096 68719476736
4096 137438953472
4096 274877906944
4096 549755813888
4096 1099511627776
4096 2199023255552
4096 4398046511104
4096 8796093022208
4096 17592186044416
4096 35184372088832
4096 70368744177664
4096 140737488355328
4096 281474976710656
4096 562949953421312
4096 1125899906842624
4096 2251799813685248
4096 4503599627370496
4096 9007199254740992
4096 18014398509481984
4096 36028797018963968
4096 72057594037927936
4096 144115188075855872
4096 288230376151711744
4096 576460752303423488
4096 1152921504606846976
4096 2305843009213693952
4096 4611686018427387904
4096 9223372036854775808
8192 1
8192 2
8192 4
8192 8
8192 16
8192 32
8192 64
8192 128
8192 256
8192 512
8192 1024
8192 2048
8192 4096
8192 8192
8192 16384
8192 32768
8192 65536
8192 131072
8192 262144
8192 524288
8192 1048576
8192 2097152
8192 4194304
8192 8388608
8192 16777216
8192 33554432
8192 67108864
8192 134217728
8192 268435456
8192 536870912
8192 1073741824
8192 2147483648
8192 4294967296
8192 8589934592
8192 17179869184
8192 34359738368
8192 68719476736
8192 137438953472
8192 274877906944
8192 549755813888
8192 1099511627776
8192 2199023255552
8192 4398046511104
8192 8796093022208
8192 17592186044416
8192 35184372088832
8192 70368744177664
8192 140737488355328
8192 281474976710656
8192 562949953421312
8192 1125899906842624
8192 2251799813685248
8192 4503599627370496
8192 9007199254740992
8192 18014398509481984
8192 36028797018963968
8192 72057594037927936
8192 144115188075855872
8192 288230376151711744
8192 576460752303423488
8192 1152921504606846976
8192 2305843009213693952
8192 4611686018427387904
8192 9223372036854775808
16384 1
16384 2
16384 4
16384 8
16384 16
16384 32
16384 64
16384 128
16384 256
16384 512
16384 1024
16384 2048
16384 4096
16384 8192
16384 16384
16384 32768
16384 65536
16384 131072
16384 262144
16384 524288
16384 1048576
16384 2097152
16384 4194304
16384 8388608
16384 16777216
16384 33554432
16384 67108864
16384 134217728
16384 268435456
16384 536870912
16384 1073741824
16384 2147483648
16384 4294967296
16384 8589934592
16384 17179869184
16384 34359738368
16384 68719476736
16384 137438953472
16384 274877906944
16384 549755813888
16384 1099511627776
16384 2199023255552
16384 4398046511104
16384 8796093022208
16384 17592186044416
16384 35184372088832
16384 70368744177664
16384 140737488355328
16384 281474976710656
16384 562949953421312
16384 1125899906842624
16384 2251799813685248
16384 4503599627370496
16384 9007199254740992
16384 18014398509481984
16384 36028797018963968
16384 72057594037927936
16384 144115188075855872
16384 288230376151711744
16384 576460752303423488
16384 1152921504606846976
16384 2305843009213693952
16384 4611686018427387904
16384 9223372036854775808
32768 1
32768 2
32768 4
32768 8
32768 16
32768 32
32768 64
32768 128
32768 256
32768 512
32768 1024
32768 2048
32768 4096
32768 8192
32768 16384
32768 32768
32768 65536
32768 131072
32768 262144
32768 524288
32768 1048576
32768 2097152
32768 4194304
32768 8388608
32768 16777216
32768 33554432
32768 67108864
32768 134217728
32768 268435456
32768 536870912
32768 1073741824
32768 2147483648
32768 4294967296
32768 8589934592
32768 17179869184
32768 34359738368
32768 68719476736
32768 137438953472
32768 274877906944
32768 549755813888
32768 1099511627776
32768 2199023255552
32768 4398046511104
32768 8796093022208
32768 17592186044416
32768 35184372088832
32768 70368744177664
32768 140737488355328
32768 281474976710656
32768 562949953421312
32768 1125899906842624
32768 2251799813685248
32768 4503599627370496
32768 9007199254740992
32768 18014398509481984
32768 36028797018963968
32768 72057594037927936
32768 144115188075855872
32768 288230376151711744
32768 576460752303423488
32768 1152921504606846976
32768 2305843009213693952
32768 4611686018427387904
32768 9223372036854775808
65536 1
65536 2
65536 4
65536 8
65536 16
65536 32
65536 64
65536 128
65536 256
65536 512
65536 1024
65536 2048
65536 4096
65536 8192
65536 16384
65536 32768
65536 65536
65536 131072
65536 262144
65536 524288
65536 1048576
65536 2097152
65536 4194304
65536 8388608
65536 16777216
65536 33554432
65536 67108864
65536 134217728
65536 268435456
65536 536870912
65536 1073741824
65536 2147483648
65536 4294967296
65536 8589934592
65536 17179869184
65536 34359738368
65536 68719476736
65536 137438953472
65536 274877906944
65536 549755813888
65536 1099511627776
65536 2199023255552
65536 4398046511104
65536 8796093022208
65536 17592186044416
65536 35184372088832
65536 70368744177664
65536 140737488355328
65536 281474976710656
65536 562949953421312
65536 1125899906842624
65536 2251799813685248
65536 4503599627370496
65536 9007199254740992
65536 18014398509481984
65536 36028797018963968
65536 72057594037927936
65536 144115188075855872
65536 288230376151711744
65536 576460752303423488
65536 1152921504606846976
65536 2305843009213693952
65536 4611686018427387904
65536 9223372036854775808
131072 1
131072 2
131072 4
131072 8
131072 16
131072 32
131072 64
131072 128
131072 256
131072 512
131072 1024
131072 2048
131072 4096
131072 8192
131072 16384
131072 32768
131072 65536
131072 131072
131072 262144
131072 524288
131072 1048576
131072 2097152
131072 4194304
131072 8388608
131072 16777216
131072 33554432
131072 67108864
131072 134217728
131072 268435456
131072 536870912
131072 1073741824
131072 2147483648
131072 4294967296
131072 8589934592
131072 17179869184
131072 34359738368
131072 68719476736
131072 137438953472
131072 274877906944
131072 549755813888
131072 1099511627776
131072 2199023255552
131072 4398046511104
131072 8796093022208
131072 17592186044416
131072 35184372088832
131072 70368744177664
131072 140737488355328
131072 281474976710656
131072 562949953421312
131072 1125899906842624
131072 2251799813685248
131072 4503599627370496
131072 9007199254740992
131072 18014398509481984
131072 36028797018963968
131072 72057594037927936
131072 144115188075855872
131072 288230376151711744
131072 576460752303423488
131072 1152921504606846976
131072 2305843009213693952
131072 4611686018427387904
131072 9223372036854775808
262144 1
262144 2
262144 4
262144 8
262144 16
262144 32
262144 64
262144 128
262144 256
262144 512
262144 1024
262144 2048
262144 4096
262144 8192
262144 16384
262144 32768
262144 65536
262144 131072
262144 262144
262144 524288
262144 1048576
262144 2097152
262144 4194304
262144 8388608
262144 16777216
262144 33554432
262144 67108864
262144 134217728
262144 268435456
262144 536870912
262144 1073741824
262144 2147483648
262144 4294967296
262144 8589934592
262144 17179869184
262144 34359738368
262144 68719476736
262144 137438953472
262144 274877906944
262144 549755813888
262144 1099511627776
262144 2199023255552
262144 4398046511104
262144 8796093022208
262144 17592186044416
262144 35184372088832
262144 70368744177664
262144 140737488355328
262144 281474976710656
262144 562949953421312
262144 1125899906842624
262144 2251799813685248
262144 4503599627370496
262144 9007199254740992
262144 18014398509481984
262144 36028797018963968
262144 72057594037927936
262144 144115188075855872
262144 288230376151711744
262144 576460752303423488
262144 1152921504606846976
262144 2305843009213693952
262144 4611686018427387904
262144 9223372036854775808
524288 1
524288 2
524288 4
524288 8
524288 16
524288 32
524288 64
524288 128
524288 256
524288 512
524288 1024
524288 2048
524288 4096
524288 8192
524288 16384
524288 32768
524288 65536
524288 131072
524288 262144
524288 524288
524288 1048576
524288 2097152
524288 4194304
524288 8388608
524288 16777216
524288 33554432
524288 67108864
524288 134217728
524288 268435456
524288 536870912
524288 1073741824
524288 2147483648
524288 4294967296
524288 8589934592
524288 17179869184
524288 34359738368
524288 68719476736
524288 137438953472
524288 274877906944
524288 549755813888
524288 1099511627776
524288 2199023255552
524288 4398046511104
524288 8796093022208
524288 17592186044416
524288 35184372088832
524288 70368744177664
524288 140737488355328
524288 281474976710656
524288 562949953421312
524288 1125899906842624
524288 2251799813685248
524288 4503599627370496
524288 9007199254740992
524288 18014398509481984
524288 36028797018963968
524288 72057594037927936
524288 144115188075855872
524288 288230376151711744
524288 576460752303423488
524288 1152921504606846976
524288 2305843009213693952
524288 4611686018427387904
524288 9223372036854775808
1048576 1
1048576 2
1048576 4
1048576 8
1048576 16
1048576 32
1048576 64
1048576 128
1048576 256
1048576 512
1048576 1024
1048576 2048
1048576 4096
1048576 8192
1048576 16384
1048576 32768
1048576 65536
1048576 131072
1048576 262144
1048576 524288
1048576 1048576
1048576 2097152
1048576 4194304
1048576 8388608
1048576 16777216
1048576 33554432
1048576 67108864
1048576 134217728
1048576 268435456
1048576 536870912
1048576 1073741824
1048576 2147483648
1048576 4294967296
1048576 8589934592
1048576 17179869184
1048576 34359738368
1048576 68719476736
1048576 137438953472
1048576 274877906944
1048576 549755813888
1048576 1099511627776
1048576 2199023255552
1048576 4398046511104
1048576 8796093022208
1048576 17592186044416
1048576 35184372088832
1048576 70368744177664
1048576 140737488355328
1048576 281474976710656
1048576 562949953421312
1048576 1125899906842624
1048576 2251799813685248
1048576 4503599627370496
1048576 9007199254740992
1048576 18014398509481984
1048576 36028797018963968
1048576 72057594037927936
1048576 144115188075855872
1048576 288230376151711744
1048576 576460752303423488
1048576 1152921504606846976
1048576 2305843009213693952
1048576 4611686018427387904
1048576 9223372036854775808
2097152 1
2097152 2
2097152 4
2097152 8
2097152 16
2097152 32
2097152 64
2097152 128
2097152 256
2097152 512
2097152 1024
2097152 2048
2097152 4096
2097152 8192
2097152 16384
2097152 32768
2097152 65536
2097152 131072
2097152 262144
2097152 524288
2097152 1048576
2097152 2097152
2097152 4194304
2097152 8388608
2097152 16777216
2097152 33554432
2097152 67108864
2097152 134217728
2097152 268435456
2097152 536870912
2097152 1073741824
2097152 2147483648
2097152 4294967296
2097152 8589934592
2097152 17179869184
2097152 34359738368
2097152 68719476736
2097152 137438953472
2097152 274877906944
2097152 549755813888
2097152 1099511627776
2097152 2199023255552
2097152 4398046511104
2097152 8796093022208
2097152 17592186044416
2097152 35184372088832
2097152 70368744177664
2097152 140737488355328
2097152 281474976710656
2097152 562949953421312
2097152 1125899906842624
2097152 2251799813685248
2097152 4503599627370496
2097152 9007199254740992
2097152 18014398509481984
2097152 36028797018963968
2097152 72057594037927936
2097152 144115188075855872
2097152 288230376151711744
2097152 576460752303423488
2097152 1152921504606846976
2097152 2305843009213693952
2097152 4611686018427387904
2097152 9223372036854775808
4194304 1
4194304 2
4194304 4
4194304 8
4194304 16
4194304 32
4194304 64
4194304 128
4194304 256
4194304 512
4194304 1024
4194304 2048
4194304 4096
4194304 8192
4194304 16384
4194304 32768
4194304 65536
4194304 131072
4194304 262144
4194304 524288
4194304 1048576
4194304 2097152
4194304 4194304
4194304 8388608
4194304 16777216
4194304 33554432
4194304 67108864
4194304 134217728
4194304 268435456
4194304 536870912
4194304 1073741824
4194304 2147483648
4194304 4294967296
4194304 8589934592
4194304 17179869184
4194304 34359738368
4194304 68719476736
4194304 137438953472
4194304 274877906944
4194304 549755813888
4194304 1099511627776
4194304 2199023255552
4194304 4398046511104
4194304 8796093022208
4194304 17592186044416
4194304 35184372088832
4194304 70368744177664
4194304 140737488355328
4194304 281474976710656
4194304 562949953421312
4194304 1125899906842624
4194304 2251799813685248
4194304 4503599627370496
4194304 9007199254740992
4194304 18014398509481984
4194304 36028797018963968
4194304 72057594037927936
4194304 144115188075855872
4194304 288230376151711744
4194304 576460752303423488
4194304 1152921504606846976
4194304 2305843009213693952
4194304 4611686018427387904
4194304 9223372036854775808
8388608 1
8388608 2
8388608 4
8388608 8
8388608 16
8388608 32
8388608 64
8388608 128
8388608 256
8388608 512
8388608 1024
8388608 2048
8388608 4096
8388608 8192
8388608 16384
8388608 32768
8388608 65536
8388608 131072
8388608 262144
8388608 524288
8388608 1048576
8388608 2097152
8388608 4194304
8388608 8388608
8388608 16777216
8388608 33554432
8388608 67108864
8388608 134217728
8388608 268435456
8388608 536870912
8388608 1073741824
8388608 2147483648
8388608 4294967296
8388608 8589934592
8388608 17179869184
8388608 34359738368
8388608 68719476736
8388608 137438953472
8388608 274877906944
8388608 549755813888
8388608 1099511627776
8388608 2199023255552
8388608 4398046511104
8388608 8796093022208
8388608 17592186044416
8388608 35184372088832
8388608 70368744177664
8388608 140737488355328
8388608 281474976710656
8388608 562949953421312
8388608 1125899906842624
8388608 2251799813685248
8388608 4503599627370496
8388608 9007199254740992
8388608 18014398509481984
8388608 36028797018963968
8388608 72057594037927936
8388608 144115188075855872
8388608 288230376151711744
8388608 576460752303423488
8388608 1152921504606846976
8388608 2305843009213693952
8388608 4611686018427387904
8388608 9223372036854775808
16777216 1
16777216 2
16777216 4
16777216 8
16777216 16
16777216 32
16777216 64
16777216 128
16777216 256
16777216 512
16777216 1024
16777216 2048
16777216 4096
16777216 8192
16777216 16384
16777216 32768
16777216 65536
16777216 131072
16777216 262144
16777216 524288
16777216 1048576
16777216 2097152
16777216 4194304
16777216 8388608
16777216 16777216
16777216 33554432
16777216 67108864
16777216 134217728
16777216 268435456
16777216 536870912
16777216 1073741824
16777216 2147483648
16777216 4294967296
16777216 8589934592
16777216 17179869184
16777216 34359738368
16777216 68719476736
16777216 137438953472
16777216 274877906944
16777216 549755813888
16777216 1099511627776
16777216 2199023255552
16777216 4398046511104
16777216 8796093022208
16777216 17592186044416
16777216 35184372088832
16777216 70368744177664
16777216 140737488355328
16777216 281474976710656
16777216 562949953421312
16777216 1125899906842624
16777216 2251799813685248
16777216 4503599627370496
16777216 9007199254740992
16777216 18014398509481984
16777216 36028797018963968
16777216 72057594037927936
16777216 144115188075855872
16777216 288230376151711744
16777216 576460752303423488
16777216 1152921504606846976
16777216 2305843009213693952
16777216 4611686018427387904
16777216 9223372036854775808
33554432 1
33554432 2
33554432 4
33554432 8
33554432 16
33554432 32
33554432 64
33554432 128
33554432 256
33554432 512
33554432 1024
33554432 2048
33554432 4096
33554432 8192
33554432 16384
33554432 32768
33554432 65536
33554432 131072
33554432 262144
33554432 524288
33554432 1048576
33554432 2097152
33554432 4194304
33554432 8388608
33554432 16777216
33554432 33554432
33554432 67108864
33554432 134217728
33554432 268435456
33554432 536870912
33554432 1073741824
33554432 2147483648
33554432 4294967296
33554432 8589934592
33554432 17179869184
33554432 34359738368
33554432 68719476736
33554432 137438953472
33554432 274877906944
33554432 549755813888
33554432 1099511627776
33554432 2199023255552
33554432 4398046511104
33554432 8796093022208
33554432 17592186044416
33554432 35184372088832
33554432 70368744177664
33554432 140737488355328
33554432 281474976710656
33554432 562949953421312
33554432 1125899906842624
33554432 2251799813685248
33554432 4503599627370496
33554432 9007199254740992
33554432 18014398509481984
33554432 36028797018963968
33554432 72057594037927936
33554432 144115188075855872
33554432 288230376151711744
33554432 576460752303423488
33554432 1152921504606846976
33554432 2305843009213693952
33554432 4611686018427387904
33554432 9223372036854775808
67108864 1
67108864 2
67108864 4
67108864 8
67108864 16
67108864 32
67108864 64
67108864 128
67108864 256
67108864 512
67108864 1024
67108864 2048
67108864 4096
67108864 8192
67108864 16384
67108864 32768
67108864 65536
67108864 131072
67108864 262144
67108864 524288
67108864 1048576
67108864 2097152
67108864 4194304
67108864 8388608
67108864 16777216
67108864 33554432
67108864 67108864
67108864 134217728
67108864 268435456
67108864 536870912
67108864 1073741824
67108864 2147483648
67108864 4294967296
67108864 8589934592
67108864 17179869184
67108864 34359738368
67108864 68719476736
67108864 137438953472
67108864 274877906944
67108864 549755813888
67108864 1099511627776
67108864 2199023255552
67108864 4398046511104
67108864 8796093022208
67108864 17592186044416
67108864 35184372088832
67108864 70368744177664
67108864 140737488355328
67108864 281474976710656
67108864 562949953421312
67108864 1125899906842624
67108864 2251799813685248
67108864 4503599627370496
67108864 9007199254740992
67108864 18014398509481984
67108864 36028797018963968
67108864 72057594037927936
67108864 144115188075855872
67108864 288230376151711744
67108864 576460752303423488
67108864 1152921504606846976
67108864 2305843009213693952
67108864 4611686018427387904
67108864 9223372036854775808
134217728 1
134217728 2
134217728 4
134217728 8
134217728 16
134217728 32
134217728 64
134217728 128
134217728 256
134217728 512
134217728 1024
134217728 2048
134217728 4096
134217728 8192
134217728 16384
134217728 32768
134217728 65536
134217728 131072
134217728 262144
134217728 524288
134217728 1048576
134217728 2097152
134217728 4194304
134217728 8388608
134217728 16777216
134217728 33554432
134217728 67108864
134217728 134217728
134217728 268435456
134217728 536870912
134217728 1073741824
134217728 2147483648
134217728 4294967296
134217728 8589934592
134217728 17179869184
134217728 34359738368
134217728 68719476736
134217728 137438953472
134217728 274877906944
134217728 549755813888
134217728 1099511627776
134217728 2199023255552
134217728 4398046511104
134217728 8796093022208
134217728 17592186044416
134217728 35184372088832
134217728 70368744177664
134217728 140737488355328
134217728 281474976710656
134217728 562949953421312
134217728 1125899906842624
134217728 2251799813685248
134217728 4503599627370496
134217728 9007199254740992
134217728 18014398509481984
134217728 36028797018963968
134217728 72057594037927936
134217728 144115188075855872
134217728 288230376151711744
134217728 576460752303423488
134217728 1152921504606846976
134217728 2305843009213693952
134217728 4611686018427387904
134217728 9223372036854775808
268435456 1
268435456 2
268435456 4
268435456 8
268435456 16
268435456 32
268435456 64
268435456 128
268435456 256
268435456 512
268435456 1024
268435456 2048
268435456 4096
268435456 8192
268435456 16384
268435456 32768
268435456 65536
268435456 131072
268435456 262144
268435456 524288
268435456 1048576
268435456 2097152
268435456 4194304
268435456 8388608
268435456 16777216
268435456 33554432
268435456 67108864
268435456 134217728
268435456 268435456
268435456 536870912
268435456 1073741824
268435456 2147483648
268435456 4294967296
268435456 8589934592
268435456 17179869184
268435456 34359738368
268435456 68719476736
268435456 137438953472
268435456 274877906944
268435456 549755813888
268435456 1099511627776
268435456 2199023255552
268435456 4398046511104
268435456 8796093022208
268435456 17592186044416
268435456 35184372088832
268435456 70368744177664
268435456 140737488355328
268435456 281474976710656
268435456 562949953421312
268435456 1125899906842624
268435456 2251799813685248
268435456 4503599627370496
268435456 9007199254740992
268435456 18014398509481984
268435456 36028797018963968
268435456 72057594037927936
268435456 144115188075855872
268435456 288230376151711744
268435456 576460752303423488
268435456 1152921504606846976
268435456 2305843009213693952
268435456 4611686018427387904
268435456 9223372036854775808
536870912 1
536870912 2
536870912 4
536870912 8
536870912 16
536870912 32
536870912 64
536870912 128
536870912 256
536870912 512
536870912 1024
536870912 2048
536870912 4096
536870912 8192
536870912 16384
536870912 32768
536870912 65536
536870912 131072
536870912 262144
536870912 524288
536870912 1048576
536870912 2097152
536870912 4194304
536870912 8388608
536870912 16777216
536870912 33554432
536870912 67108864
536870912 134217728
536870912 268435456
536870912 536870912
536870912 1073741824
536870912 2147483648
536870912 4294967296
536870912 8589934592
536870912 17179869184
536870912 34359738368
536870912 68719476736
536870912 137438953472
536870912 274877906944
536870912 549755813888
536870912 1099511627776
536870912 2199023255552
536870912 4398046511104
536870912 8796093022208
536870912 17592186044416
536870912 35184372088832
536870912 70368744177664
536870912 140737488355328
536870912 281474976710656
536870912 562949953421312
536870912 1125899906842624
536870912 2251799813685248
536870912 4503599627370496
536870912 9007199254740992
536870912 18014398509481984
536870912 36028797018963968
536870912 72057594037927936
536870912 144115188075855872
536870912 288230376151711744
536870912 576460752303423488
536870912 1152921504606846976
536870912 2305843009213693952
536870912 4611686018427387904
536870912 9223372036854775808
1073741824 1
1073741824 2
1073741824 4
1073741824 8
1073741824 16
1073741824 32
1073741824 64
1073741824 128
1073741824 256
1073741824 512
1073741824 1024
1073741824 2048
1073741824 4096
1073741824 8192
1073741824 16384
1073741824 32768
1073741824 65536
1073741824 131072
1073741824 262144
1073741824 524288
1073741824 1048576
1073741824 2097152
1073741824 4194304
1073741824 8388608
1073741824 16777216
1073741824 33554432
1073741824 67108864
1073741824 134217728
1073741824 268435456
1073741824 536870912
1073741824 1073741824
1073741824 2147483648
1073741824 4294967296
1073741824 8589934592
1073741824 17179869184
1073741824 34359738368
1073741824 68719476736
1073741824 137438953472
1073741824 274877906944
1073741824 549755813888
1073741824 1099511627776
1073741824 2199023255552
1073741824 4398046511104
1073741824 8796093022208
1073741824 17592186044416
1073741824 35184372088832
1073741824 70368744177664
1073741824 140737488355328
1073741824 281474976710656
1073741824 562949953421312
1073741824 1125899906842624
1073741824 2251799813685248
1073741824 4503599627370496
1073741824 9007199254740992
1073741824 18014398509481984
1073741824 36028797018963968
1073741824 72057594037927936
1073741824 144115188075855872
1073741824 288230376151711744
1073741824 576460752303423488
1073741824 1152921504606846976
1073741824 2305843009213693952
1073741824 4611686018427387904
1073741824 9223372036854775808
2147483648 1
2147483648 2
2147483648 4
2147483648 8
2147483648 16
2147483648 32
2147483648 64
2147483648 128
2147483648 256
2147483648 512
2147483648 1024
2147483648 2048
2147483648 4096
2147483648 8192
2147483648 16384
2147483648 32768
2147483648 65536
2147483648 131072
2147483648 262144
2147483648 524288
2147483648 1048576
2147483648 2097152
2147483648 4194304
2147483648 8388608
2147483648 16777216
2147483648 33554432
2147483648 67108864
2147483648 134217728
2147483648 268435456
2147483648 536870912
2147483648 1073741824
2147483648 2147483648
2147483648 4294967296
2147483648 8589934592
2147483648 17179869184
2147483648 34359738368
2147483648 68719476736
2147483648 137438953472
2147483648 274877906944
2147483648 549755813888
2147483648 1099511627776
2147483648 2199023255552
2147483648 4398046511104
2147483648 8796093022208
2147483648 17592186044416
2147483648 35184372088832
2147483648 70368744177664
2147483648 140737488355328
2147483648 281474976710656
2147483648 562949953421312
2147483648 1125899906842624
2147483648 2251799813685248
2147483648 4503599627370496
2147483648 9007199254740992
2147483648 18014398509481984
2147483648 36028797018963968
2147483648 72057594037927936
2147483648 144115188075855872
2147483648 288230376151711744
2147483648 576460752303423488
2147483648 1152921504606846976
2147483648 2305843009213693952
2147483648 4611686018427387904
2147483648 9223372036854775808
4294967296 1
4294967296 2
4294967296 4
4294967296 8
4294967296 16
4294967296 32
4294967296 64
4294967296 128
4294967296 256
4294967296 512
4294967296 1024
4294967296 2048
4294967296 4096
4294967296 8192
4294967296 16384
4294967296 32768
4294967296 65536
4294967296 131072
4294967296 262144
4294967296 524288
4294967296 1048576
4294967296 2097152
4294967296 4194304
4294967296 8388608
4294967296 16777216
4294967296 33554432
4294967296 67108864
4294967296 134217728
4294967296 268435456
4294967296 536870912
4294967296 1073741824
4294967296 2147483648
4294967296 4294967296
4294967296 8589934592
4294967296 17179869184
4294967296 34359738368
4294967296 68719476736
4294967296 137438953472
4294967296 274877906944
4294967296 549755813888
4294967296 1099511627776
4294967296 2199023255552
4294967296 4398046511104
4294967296 8796093022208
4294967296 17592186044416
4294967296 35184372088832
4294967296 70368744177664
4294967296 140737488355328
4294967296 281474976710656
4294967296 562949953421312
4294967296 1125899906842624
4294967296 2251799813685248
4294967296 4503599627370496
4294967296 9007199254740992
4294967296 18014398509481984
4294967296 36028797018963968
4294967296 72057594037927936
4294967296 144115188075855872
4294967296 288230376151711744
4294967296 576460752303423488
4294967296 1152921504606846976
4294967296 2305843009213693952
4294967296 4611686018427387904
4294967296 9223372036854775808
8589934592 1
8589934592 2
8589934592 4
8589934592 8
8589934592 16
8589934592 32
8589934592 64
8589934592 128
8589934592 256
8589934592 512
8589934592 1024
8589934592 2048
8589934592 4096
8589934592 8192
8589934592 16384
8589934592 32768
8589934592 65536
8589934592 131072
8589934592 262144
8589934592 524288
8589934592 1048576
8589934592 2097152
8589934592 4194304
8589934592 8388608
8589934592 16777216
8589934592 33554432
8589934592 67108864
8589934592 134217728
8589934592 268435456
8589934592 536870912
8589934592 1073741824
8589934592 2147483648
8589934592 4294967296
8589934592 8589934592
8589934592 17179869184
8589934592 34359738368
8589934592 68719476736
8589934592 137438953472
8589934592 274877906944
8589934592 549755813888
8589934592 1099511627776
8589934592 2199023255552
8589934592 4398046511104
8589934592 8796093022208
8589934592 17592186044416
8589934592 35184372088832
8589934592 70368744177664
8589934592 140737488355328
8589934592 281474976710656
8589934592 562949953421312
8589934592 1125899906842624
8589934592 2251799813685248
8589934592 4503599627370496
8589934592 9007199254740992
8589934592 18014398509481984
8589934592 36028797018963968
8589934592 72057594037927936
8589934592 144115188075855872
8589934592 288230376151711744
8589934592 576460752303423488
8589934592 1152921504606846976
8589934592 2305843009213693952
8589934592 4611686018427387904
8589934592 9223372036854775808
17179869184 1
17179869184 2
17179869184 4
17179869184 8
17179869184 16
17179869184 32
17179869184 64
17179869184 128
17179869184 256
17179869184 512
17179869184 1024
17179869184 2048
17179869184 4096
17179869184 8192
17179869184 16384
17179869184 32768
17179869184 65536
17179869184 131072
17179869184 262144
17179869184 524288
17179869184 1048576
17179869184 2097152
17179869184 4194304
17179869184 8388608
17179869184 16777216
17179869184 33554432
17179869184 67108864
17179869184 134217728
17179869184 268435456
17179869184 536870912
17179869184 1073741824
17179869184 2147483648
17179869184 4294967296
17179869184 8589934592
17179869184 17179869184
17179869184 34359738368
17179869184 68719476736
17179869184 137438953472
17179869184 274877906944
17179869184 549755813888
17179869184 1099511627776
17179869184 2199023255552
17179869184 4398046511104
17179869184 8796093022208
17179869184 17592186044416
17179869184 35184372088832
17179869184 70368744177664
17179869184 140737488355328
17179869184 281474976710656
17179869184 562949953421312
17179869184 1125899906842624
17179869184 2251799813685248
17179869184 4503599627370496
17179869184 9007199254740992
17179869184 18014398509481984
17179869184 36028797018963968
17179869184 72057594037927936
17179869184 144115188075855872
17179869184 288230376151711744
17179869184 576460752303423488
17179869184 1152921504606846976
17179869184 2305843009213693952
17179869184 4611686018427387904
17179869184 9223372036854775808
34359738368 1
34359738368 2
34359738368 4
34359738368 8
34359738368 16
34359738368 32
34359738368 64
34359738368 128
34359738368 256
34359738368 512
34359738368 1024
34359738368 2048
34359738368 4096
34359738368 8192
34359738368 16384
34359738368 32768
34359738368 65536
34359738368 131072
34359738368 262144
34359738368 524288
34359738368 1048576
34359738368 2097152
34359738368 4194304
34359738368 8388608
34359738368 16777216
34359738368 33554432
34359738368 67108864
34359738368 134217728
34359738368 268435456
34359738368 536870912
34359738368 1073741824
34359738368 2147483648
34359738368 4294967296
34359738368 8589934592
34359738368 17179869184
34359738368 34359738368
34359738368 68719476736
34359738368 137438953472
34359738368 274877906944
34359738368 549755813888
34359738368 1099511627776
34359738368 2199023255552
34359738368 4398046511104
34359738368 8796093022208
34359738368 17592186044416
34359738368 35184372088832
34359738368 70368744177664
34359738368 140737488355328
34359738368 281474976710656
34359738368 562949953421312
34359738368 1125899906842624
34359738368 2251799813685248
34359738368 4503599627370496
34359738368 9007199254740992
34359738368 18014398509481984
34359738368 36028797018963968
34359738368 72057594037927936
34359738368 144115188075855872
34359738368 288230376151711744
34359738368 576460752303423488
34359738368 1152921504606846976
34359738368 2305843009213693952
34359738368 4611686018427387904
34359738368 9223372036854775808
68719476736 1
68719476736 2
68719476736 4
68719476736 8
68719476736 16
68719476736 32
68719476736 64
68719476736 128
68719476736 256
68719476736 512
68719476736 1024
68719476736 2048
68719476736 4096
68719476736 8192
68719476736 16384
68719476736 32768
68719476736 65536
68719476736 131072
68719476736 262144
68719476736 524288
68719476736 1048576
68719476736 2097152
68719476736 4194304
68719476736 8388608
68719476736 16777216
68719476736 33554432
68719476736 67108864
68719476736 134217728
68719476736 268435456
68719476736 536870912
68719476736 1073741824
68719476736 2147483648
68719476736 4294967296
68719476736 8589934592
68719476736 17179869184
68719476736 34359738368
68719476736 68719476736
68719476736 137438953472
68719476736 274877906944
68719476736 549755813888
68719476736 1099511627776
68719476736 2199023255552
68719476736 4398046511104
68719476736 8796093022208
68719476736 17592186044416
68719476736 35184372088832
68719476736 70368744177664
68719476736 140737488355328
68719476736 281474976710656
68719476736 562949953421312
68719476736 1125899906842624
68719476736 2251799813685248
68719476736 4503599627370496
68719476736 9007199254740992
68719476736 18014398509481984
68719476736 36028797018963968
68719476736 72057594037927936
68719476736 144115188075855872
68719476736 288230376151711744
68719476736 576460752303423488
68719476736 1152921504606846976
68719476736 2305843009213693952
68719476736 4611686018427387904
68719476736 9223372036854775808
137438953472 1
137438953472 2
137438953472 4
137438953472 8
137438953472 16
137438953472 32
137438953472 64
137438953472 128
137438953472 256
137438953472 512
137438953472 1024
137438953472 2048
137438953472 4096
137438953472 8192
137438953472 16384
137438953472 32768
137438953472 65536
137438953472 131072
137438953472 262144
137438953472 524288
137438953472 1048576
137438953472 2097152
137438953472 4194304
137438953472 8388608
137438953472 16777216
137438953472 33554432
137438953472 67108864
137438953472 134217728
137438953472 268435456
137438953472 536870912
137438953472 1073741824
137438953472 2147483648
137438953472 4294967296
137438953472 8589934592
137438953472 17179869184
137438953472 34359738368
137438953472 68719476736
137438953472 137438953472
137438953472 274877906944
137438953472 549755813888
137438953472 1099511627776
137438953472 2199023255552
137438953472 4398046511104
137438953472 8796093022208
137438953472 17592186044416
137438953472 35184372088832
137438953472 70368744177664
137438953472 140737488355328
137438953472 281474976710656
137438953472 562949953421312
137438953472 1125899906842624
137438953472 2251799813685248
137438953472 4503599627370496
137438953472 9007199254740992
137438953472 18014398509481984
137438953472 36028797018963968
137438953472 72057594037927936
137438953472 144115188075855872
137438953472 288230376151711744
137438953472 576460752303423488
137438953472 1152921504606846976
137438953472 2305843009213693952
137438953472 4611686018427387904
137438953472 9223372036854775808
274877906944 1
274877906944 2
274877906944 4
274877906944 8
274877906944 16
274877906944 32
274877906944 64
274877906944 128
274877906944 256
274877906944 512
274877906944 1024
274877906944 2048
274877906944 4096
274877906944 8192
274877906944 16384
274877906944 32768
274877906944 65536
274877906944 131072
274877906944 262144
274877906944 524288
274877906944 1048576
274877906944 2097152
274877906944 4194304
274877906944 8388608
274877906944 16777216
274877906944 33554432
274877906944 67108864
274877906944 134217728
274877906944 268435456
274877906944 536870912
274877906944 1073741824
274877906944 2147483648
274877906944 4294967296
274877906944 8589934592
274877906944 17179869184
274877906944 34359738368
274877906944 68719476736
274877906944 137438953472
274877906944 274877906944
274877906944 549755813888
274877906944 1099511627776
274877906944 2199023255552
274877906944 4398046511104
274877906944 8796093022208
274877906944 17592186044416
274877906944 35184372088832
274877906944 70368744177664
274877906944 140737488355328
274877906944 281474976710656
274877906944 562949953421312
274877906944 1125899906842624
274877906944 2251799813685248
274877906944 4503599627370496
274877906944 9007199254740992
274877906944 18014398509481984
274877906944 36028797018963968
274877906944 72057594037927936
274877906944 144115188075855872
274877906944 288230376151711744
274877906944 576460752303423488
274877906944 1152921504606846976
274877906944 2305843009213693952
274877906944 4611686018427387904
274877906944 9223372036854775808
549755813888 1
549755813888 2
549755813888 4
549755813888 8
549755813888 16
549755813888 32
549755813888 64
549755813888 128
549755813888 256
549755813888 512
549755813888 1024
549755813888 2048
549755813888 4096
549755813888 8192
549755813888 16384
549755813888 32768
549755813888 65536
549755813888 131072
549755813888 262144
549755813888 524288
549755813888 1048576
549755813888 2097152
549755813888 4194304
549755813888 8388608
549755813888 16777216
549755813888 33554432
549755813888 67108864
549755813888 134217728
549755813888 268435456
549755813888 536870912
549755813888 1073741824
549755813888 2147483648
549755813888 4294967296
549755813888 8589934592
549755813888 17179869184
549755813888 34359738368
549755813888 68719476736
549755813888 137438953472
549755813888 274877906944
549755813888 549755813888
549755813888 1099511627776
549755813888 2199023255552
549755813888 4398046511104
549755813888 8796093022208
549755813888 17592186044416
549755813888 35184372088832
549755813888 70368744177664
549755813888 140737488355328
549755813888 281474976710656
549755813888 562949953421312
549755813888 1125899906842624
549755813888 2251799813685248
549755813888 4503599627370496
549755813888 9007199254740992
549755813888 18014398509481984
549755813888 36028797018963968
549755813888 72057594037927936
549755813888 144115188075855872
549755813888 288230376151711744
549755813888 576460752303423488
549755813888 1152921504606846976
549755813888 2305843009213693952
549755813888 4611686018427387904
549755813888 9223372036854775808
1099511627776 1
1099511627776 2
1099511627776 4
1099511627776 8
1099511627776 16
1099511627776 32
1099511627776 64
1099511627776 128
1099511627776 256
1099511627776 512
1099511627776 1024
1099511627776 2048
1099511627776 4096
1099511627776 8192
1099511627776 16384
1099511627776 32768
1099511627776 65536
1099511627776 131072
1099511627776 262144
1099511627776 524288
1099511627776 1048576
1099511627776 2097152
1099511627776 4194304
1099511627776 8388608
1099511627776 16777216
1099511627776 33554432
1099511627776 67108864
1099511627776 134217728
1099511627776 268435456
1099511627776 536870912
1099511627776 1073741824
1099511627776 2147483648
1099511627776 4294967296
1099511627776 8589934592
1099511627776 17179869184
1099511627776 34359738368
1099511627776 68719476736
1099511627776 137438953472
1099511627776 274877906944
1099511627776 549755813888
1099511627776 1099511627776
1099511627776 2199023255552
1099511627776 4398046511104
1099511627776 8796093022208
1099511627776 17592186044416
1099511627776 35184372088832
1099511627776 70368744177664
1099511627776 140737488355328
1099511627776 281474976710656
1099511627776 562949953421312
1099511627776 1125899906842624
1099511627776 2251799813685248
1099511627776 4503599627370496
1099511627776 9007199254740992
1099511627776 18014398509481984
1099511627776 36028797018963968
1099511627776 72057594037927936
1099511627776 144115188075855872
1099511627776 288230376151711744
1099511627776 576460752303423488
1099511627776 1152921504606846976
1099511627776 2305843009213693952
1099511627776 4611686018427387904
1099511627776 9223372036854775808
2199023255552 1
2199023255552 2
2199023255552 4
2199023255552 8
2199023255552 16
2199023255552 32
2199023255552 64
2199023255552 128
2199023255552 256
2199023255552 512
2199023255552 1024
2199023255552 2048
2199023255552 4096
2199023255552 8192
2199023255552 16384
2199023255552 32768
2199023255552 65536
2199023255552 131072
2199023255552 262144
2199023255552 524288
2199023255552 1048576
2199023255552 2097152
2199023255552 4194304
2199023255552 8388608
2199023255552 16777216
2199023255552 33554432
2199023255552 67108864
2199023255552 134217728
2199023255552 268435456
2199023255552 536870912
2199023255552 1073741824
2199023255552 2147483648
2199023255552 4294967296
2199023255552 8589934592
2199023255552 17179869184
2199023255552 34359738368
2199023255552 68719476736
2199023255552 137438953472
2199023255552 274877906944
2199023255552 549755813888
2199023255552 1099511627776
2199023255552 2199023255552
2199023255552 4398046511104
2199023255552 8796093022208
2199023255552 17592186044416
2199023255552 35184372088832
2199023255552 70368744177664
2199023255552 140737488355328
2199023255552 281474976710656
2199023255552 562949953421312
2199023255552 1125899906842624
2199023255552 2251799813685248
2199023255552 4503599627370496
2199023255552 9007199254740992
2199023255552 18014398509481984
2199023255552 36028797018963968
2199023255552 72057594037927936
2199023255552 144115188075855872
2199023255552 288230376151711744
2199023255552 576460752303423488
2199023255552 1152921504606846976
2199023255552 2305843009213693952
2199023255552 4611686018427387904
2199023255552 9223372036854775808
4398046511104 1
4398046511104 2
4398046511104 4
4398046511104 8
4398046511104 16
4398046511104 32
4398046511104 64
4398046511104 128
4398046511104 256
4398046511104 512
4398046511104 1024
4398046511104 2048
4398046511104 4096
4398046511104 8192
4398046511104 16384
4398046511104 32768
4398046511104 65536
4398046511104 131072
4398046511104 262144
4398046511104 524288
4398046511104 1048576
4398046511104 2097152
4398046511104 4194304
4398046511104 8388608
4398046511104 16777216
4398046511104 33554432
4398046511104 67108864
4398046511104 134217728
4398046511104 268435456
4398046511104 536870912
4398046511104 1073741824
4398046511104 2147483648
4398046511104 4294967296
4398046511104 8589934592
4398046511104 17179869184
4398046511104 34359738368
4398046511104 68719476736
4398046511104 137438953472
4398046511104 274877906944
4398046511104 549755813888
4398046511104 1099511627776
4398046511104 2199023255552
4398046511104 4398046511104
4398046511104 8796093022208
4398046511104 17592186044416
4398046511104 35184372088832
4398046511104 70368744177664
4398046511104 140737488355328
4398046511104 281474976710656
4398046511104 562949953421312
4398046511104 1125899906842624
4398046511104 2251799813685248
4398046511104 4503599627370496
4398046511104 9007199254740992
4398046511104 18014398509481984
4398046511104 36028797018963968
4398046511104 72057594037927936
4398046511104 144115188075855872
4398046511104 288230376151711744
4398046511104 576460752303423488
4398046511104 1152921504606846976
4398046511104 2305843009213693952
4398046511104 4611686018427387904
4398046511104 9223372036854775808
8796093022208 1
8796093022208 2
8796093022208 4
8796093022208 8
8796093022208 16
8796093022208 32
8796093022208 64
8796093022208 128
8796093022208 256
8796093022208 512
8796093022208 1024
8796093022208 2048
8796093022208 4096
8796093022208 8192
8796093022208 16384
8796093022208 32768
8796093022208 65536
8796093022208 131072
8796093022208 262144
8796093022208 524288
8796093022208 1048576
8796093022208 2097152
8796093022208 4194304
8796093022208 8388608
8796093022208 16777216
8796093022208 33554432
8796093022208 67108864
8796093022208 134217728
8796093022208 268435456
8796093022208 536870912
8796093022208 1073741824
8796093022208 2147483648
8796093022208 4294967296
8796093022208 8589934592
8796093022208 17179869184
8796093022208 34359738368
8796093022208 68719476736
8796093022208 137438953472
8796093022208 274877906944
8796093022208 549755813888
8796093022208 1099511627776
8796093022208 2199023255552
8796093022208 4398046511104
8796093022208 8796093022208
8796093022208 17592186044416
8796093022208 35184372088832
8796093022208 70368744177664
8796093022208 140737488355328
8796093022208 281474976710656
8796093022208 562949953421312
8796093022208 1125899906842624
8796093022208 2251799813685248
8796093022208 4503599627370496
8796093022208 9007199254740992
8796093022208 18014398509481984
8796093022208 36028797018963968
8796093022208 72057594037927936
8796093022208 144115188075855872
8796093022208 288230376151711744
8796093022208 576460752303423488
8796093022208 1152921504606846976
8796093022208 2305843009213693952
8796093022208 4611686018427387904
8796093022208 9223372036854775808
17592186044416 1
17592186044416 2
17592186044416 4
17592186044416 8
17592186044416 16
17592186044416 32
17592186044416 64
17592186044416 128
17592186044416 256
17592186044416 512
17592186044416 1024
17592186044416 2048
17592186044416 4096
17592186044416 8192
17592186044416 16384
17592186044416 32768
17592186044416 65536
17592186044416 131072
17592186044416 262144
17592186044416 524288
17592186044416 1048576
17592186044416 2097152
17592186044416 4194304
17592186044416 8388608
17592186044416 16777216
17592186044416 33554432
17592186044416 67108864
17592186044416 134217728
17592186044416 268435456
17592186044416 536870912
17592186044416 1073741824
17592186044416 2147483648
17592186044416 4294967296
17592186044416 8589934592
17592186044416 17179869184
17592186044416 34359738368
17592186044416 68719476736
17592186044416 137438953472
17592186044416 274877906944
17592186044416 549755813888
17592186044416 1099511627776
17592186044416 2199023255552
17592186044416 4398046511104
17592186044416 8796093022208
17592186044416 17592186044416
17592186044416 35184372088832
17592186044416 70368744177664
17592186044416 140737488355328
17592186044416 281474976710656
17592186044416 562949953421312
17592186044416 1125899906842624
17592186044416 2251799813685248
17592186044416 4503599627370496
17592186044416 9007199254740992
17592186044416 18014398509481984
17592186044416 36028797018963968
17592186044416 72057594037927936
17592186044416 144115188075855872
17592186044416 288230376151711744
17592186044416 576460752303423488
17592186044416 1152921504606846976
17592186044416 2305843009213693952
17592186044416 4611686018427387904
17592186044416 9223372036854775808
35184372088832 1
35184372088832 2
35184372088832 4
35184372088832 8
35184372088832 16
35184372088832 32
35184372088832 64
35184372088832 128
35184372088832 256
35184372088832 512
35184372088832 1024
35184372088832 2048
35184372088832 4096
35184372088832 8192
35184372088832 16384
35184372088832 32768
35184372088832 65536
35184372088832 131072
35184372088832 262144
35184372088832 524288
35184372088832 1048576
35184372088832 2097152
35184372088832 4194304
35184372088832 8388608
35184372088832 16777216
35184372088832 33554432
35184372088832 67108864
35184372088832 134217728
35184372088832 268435456
35184372088832 536870912
35184372088832 1073741824
35184372088832 2147483648
35184372088832 4294967296
35184372088832 8589934592
35184372088832 17179869184
35184372088832 34359738368
35184372088832 68719476736
35184372088832 137438953472
35184372088832 274877906944
35184372088832 549755813888
35184372088832 1099511627776
35184372088832 2199023255552
35184372088832 4398046511104
35184372088832 8796093022208
35184372088832 17592186044416
35184372088832 35184372088832
35184372088832 70368744177664
35184372088832 140737488355328
35184372088832 281474976710656
35184372088832 562949953421312
35184372088832 1125899906842624
35184372088832 2251799813685248
35184372088832 4503599627370496
35184372088832 9007199254740992
35184372088832 18014398509481984
35184372088832 36028797018963968
35184372088832 72057594037927936
35184372088832 144115188075855872
35184372088832 288230376151711744
35184372088832 576460752303423488
35184372088832 1152921504606846976
35184372088832 2305843009213693952
35184372088832 4611686018427387904
35184372088832 9223372036854775808
70368744177664 1
70368744177664 2
70368744177664 4
70368744177664 8
70368744177664 16
70368744177664 32
70368744177664 64
70368744177664 128
70368744177664 256
70368744177664 512
70368744177664 1024
70368744177664 2048
70368744177664 4096
70368744177664 8192
70368744177664 16384
70368744177664 32768
70368744177664 65536
70368744177664 131072
70368744177664 262144
70368744177664 524288
70368744177664 1048576
70368744177664 2097152
70368744177664 4194304
70368744177664 8388608
70368744177664 16777216
70368744177664 33554432
70368744177664 67108864
70368744177664 134217728
70368744177664 268435456
70368744177664 536870912
70368744177664 1073741824
70368744177664 2147483648
70368744177664 4294967296
70368744177664 8589934592
70368744177664 17179869184
70368744177664 34359738368
70368744177664 68719476736
70368744177664 137438953472
70368744177664 274877906944
70368744177664 549755813888
70368744177664 1099511627776
70368744177664 2199023255552
70368744177664 4398046511104
70368744177664 8796093022208
70368744177664 17592186044416
70368744177664 35184372088832
70368744177664 70368744177664
70368744177664 140737488355328
70368744177664 281474976710656
70368744177664 562949953421312
70368744177664 1125899906842624
70368744177664 2251799813685248
70368744177664 4503599627370496
70368744177664 9007199254740992
70368744177664 18014398509481984
70368744177664 36028797018963968
70368744177664 72057594037927936
70368744177664 144115188075855872
70368744177664 288230376151711744
70368744177664 576460752303423488
70368744177664 1152921504606846976
70368744177664 2305843009213693952
70368744177664 4611686018427387904
70368744177664 9223372036854775808
140737488355328 1
140737488355328 2
140737488355328 4
140737488355328 8
140737488355328 16
140737488355328 32
140737488355328 64
140737488355328 128
140737488355328 256
140737488355328 512
140737488355328 1024
140737488355328 2048
140737488355328 4096
140737488355328 8192
140737488355328 16384
140737488355328 32768
140737488355328 65536
140737488355328 131072
140737488355328 262144
140737488355328 524288
140737488355328 1048576
140737488355328 2097152
140737488355328 4194304
140737488355328 8388608
140737488355328 16777216
140737488355328 33554432
140737488355328 67108864
140737488355328 134217728
140737488355328 268435456
140737488355328 536870912
140737488355328 1073741824
140737488355328 2147483648
140737488355328 4294967296
140737488355328 8589934592
140737488355328 17179869184
140737488355328 34359738368
140737488355328 68719476736
140737488355328 137438953472
140737488355328 274877906944
140737488355328 549755813888
140737488355328 1099511627776
140737488355328 2199023255552
140737488355328 4398046511104
140737488355328 8796093022208
140737488355328 17592186044416
140737488355328 35184372088832
140737488355328 70368744177664
140737488355328 140737488355328
140737488355328 281474976710656
140737488355328 562949953421312
140737488355328 1125899906842624
140737488355328 2251799813685248
140737488355328 4503599627370496
140737488355328 9007199254740992
140737488355328 18014398509481984
140737488355328 36028797018963968
140737488355328 72057594037927936
140737488355328 144115188075855872
140737488355328 288230376151711744
140737488355328 576460752303423488
140737488355328 1152921504606846976
140737488355328 2305843009213693952
140737488355328 4611686018427387904
140737488355328 9223372036854775808
281474976710656 1
281474976710656 2
281474976710656 4
281474976710656 8
281474976710656 16
281474976710656 32
281474976710656 64
281474976710656 128
281474976710656 256
281474976710656 512
281474976710656 1024
281474976710656 2048
281474976710656 4096
281474976710656 8192
281474976710656 16384
281474976710656 32768
281474976710656 65536
281474976710656 131072
281474976710656 262144
281474976710656 524288
281474976710656 1048576
281474976710656 2097152
281474976710656 4194304
281474976710656 8388608
281474976710656 16777216
281474976710656 33554432
281474976710656 67108864
281474976710656 134217728
281474976710656 268435456
281474976710656 536870912
281474976710656 1073741824
281474976710656 2147483648
281474976710656 4294967296
281474976710656 8589934592
281474976710656 17179869184
281474976710656 34359738368
281474976710656 68719476736
281474976710656 137438953472
281474976710656 274877906944
281474976710656 549755813888
281474976710656 1099511627776
281474976710656 2199023255552
281474976710656 4398046511104
281474976710656 8796093022208
281474976710656 17592186044416
281474976710656 35184372088832
281474976710656 70368744177664
281474976710656 140737488355328
281474976710656 281474976710656
281474976710656 562949953421312
281474976710656 1125899906842624
281474976710656 2251799813685248
281474976710656 4503599627370496
281474976710656 9007199254740992
281474976710656 18014398509481984
281474976710656 36028797018963968
281474976710656 72057594037927936
281474976710656 144115188075855872
281474976710656 288230376151711744
281474976710656 576460752303423488
281474976710656 1152921504606846976
281474976710656 2305843009213693952
281474976710656 4611686018427387904
281474976710656 9223372036854775808
562949953421312 1
562949953421312 2
562949953421312 4
562949953421312 8
562949953421312 16
562949953421312 32
562949953421312 64
562949953421312 128
562949953421312 256
562949953421312 512
562949953421312 1024
562949953421312 2048
562949953421312 4096
562949953421312 8192
562949953421312 16384
562949953421312 32768
562949953421312 65536
562949953421312 131072
562949953421312 262144
562949953421312 524288
562949953421312 1048576
562949953421312 2097152
562949953421312 4194304
562949953421312 8388608
562949953421312 16777216
562949953421312 33554432
562949953421312 67108864
562949953421312 134217728
562949953421312 268435456
562949953421312 536870912
562949953421312 1073741824
562949953421312 2147483648
562949953421312 4294967296
562949953421312 8589934592
562949953421312 17179869184
562949953421312 34359738368
562949953421312 68719476736
562949953421312 137438953472
562949953421312 274877906944
562949953421312 549755813888
562949953421312 1099511627776
562949953421312 2199023255552
562949953421312 4398046511104
562949953421312 8796093022208
562949953421312 17592186044416
562949953421312 35184372088832
562949953421312 70368744177664
562949953421312 140737488355328
562949953421312 281474976710656
562949953421312 562949953421312
562949953421312 1125899906842624
562949953421312 2251799813685248
562949953421312 4503599627370496
562949953421312 9007199254740992
562949953421312 18014398509481984
562949953421312 36028797018963968
562949953421312 72057594037927936
562949953421312 144115188075855872
562949953421312 288230376151711744
562949953421312 576460752303423488
562949953421312 1152921504606846976
562949953421312 2305843009213693952
562949953421312 4611686018427387904
562949953421312 9223372036854775808
1125899906842624 1
1125899906842624 2
1125899906842624 4
1125899906842624 8
1125899906842624 16
1125899906842624 32
1125899906842624 64
1125899906842624 128
1125899906842624 256
1125899906842624 512
1125899906842624 1024
1125899906842624 2048
1125899906842624 4096
1125899906842624 8192
1125899906842624 16384
1125899906842624 32768
1125899906842624 65536
1125899906842624 131072
1125899906842624 262144
1125899906842624 524288
1125899906842624 1048576
1125899906842624 2097152
1125899906842624 4194304
1125899906842624 8388608
1125899906842624 16777216
1125899906842624 33554432
1125899906842624 67108864
1125899906842624 134217728
1125899906842624 268435456
1125899906842624 536870912
1125899906842624 1073741824
1125899906842624 2147483648
1125899906842624 4294967296
1125899906842624 8589934592
1125899906842624 17179869184
1125899906842624 34359738368
1125899906842624 68719476736
1125899906842624 137438953472
1125899906842624 274877906944
1125899906842624 549755813888
1125899906842624 1099511627776
1125899906842624 2199023255552
1125899906842624 4398046511104
1125899906842624 8796093022208
1125899906842624 17592186044416
1125899906842624 35184372088832
1125899906842624 70368744177664
1125899906842624 140737488355328
1125899906842624 281474976710656
1125899906842624 562949953421312
1125899906842624 1125899906842624
1125899906842624 2251799813685248
1125899906842624 4503599627370496
1125899906842624 9007199254740992
1125899906842624 18014398509481984
1125899906842624 36028797018963968
1125899906842624 72057594037927936
1125899906842624 144115188075855872
1125899906842624 288230376151711744
1125899906842624 576460752303423488
1125899906842624 1152921504606846976
1125899906842624 2305843009213693952
1125899906842624 4611686018427387904
1125899906842624 9223372036854775808
2251799813685248 1
2251799813685248 2
2251799813685248 4
2251799813685248 8
2251799813685248 16
2251799813685248 32
2251799813685248 64
2251799813685248 128
2251799813685248 256
2251799813685248 512
2251799813685248 1024
2251799813685248 2048
2251799813685248 4096
2251799813685248 8192
2251799813685248 16384
2251799813685248 32768
2251799813685248 65536
2251799813685248 131072
2251799813685248 262144
2251799813685248 524288
2251799813685248 1048576
2251799813685248 2097152
2251799813685248 4194304
2251799813685248 8388608
2251799813685248 16777216
2251799813685248 33554432
2251799813685248 67108864
2251799813685248 134217728
2251799813685248 268435456
2251799813685248 536870912
2251799813685248 1073741824
2251799813685248 2147483648
2251799813685248 4294967296
2251799813685248 8589934592
2251799813685248 17179869184
2251799813685248 34359738368
2251799813685248 68719476736
2251799813685248 137438953472
2251799813685248 274877906944
2251799813685248 549755813888
2251799813685248 1099511627776
2251799813685248 2199023255552
2251799813685248 4398046511104
2251799813685248 8796093022208
2251799813685248 17592186044416
2251799813685248 35184372088832
2251799813685248 70368744177664
2251799813685248 140737488355328
2251799813685248 281474976710656
2251799813685248 562949953421312
2251799813685248 1125899906842624
2251799813685248 2251799813685248
2251799813685248 4503599627370496
2251799813685248 9007199254740992
2251799813685248 18014398509481984
2251799813685248 36028797018963968
2251799813685248 72057594037927936
2251799813685248 144115188075855872
2251799813685248 288230376151711744
2251799813685248 576460752303423488
2251799813685248 1152921504606846976
2251799813685248 2305843009213693952
2251799813685248 4611686018427387904
2251799813685248 9223372036854775808
4503599627370496 1
4503599627370496 2
4503599627370496 4
4503599627370496 8
4503599627370496 16
4503599627370496 32
4503599627370496 64
4503599627370496 128
4503599627370496 256
4503599627370496 512
4503599627370496 1024
4503599627370496 2048
4503599627370496 4096
4503599627370496 8192
4503599627370496 16384
4503599627370496 32768
4503599627370496 65536
4503599627370496 131072
4503599627370496 262144
4503599627370496 524288
4503599627370496 1048576
4503599627370496 2097152
4503599627370496 4194304
4503599627370496 8388608
4503599627370496 16777216
4503599627370496 33554432
4503599627370496 67108864
4503599627370496 134217728
4503599627370496 268435456
4503599627370496 536870912
4503599627370496 1073741824
4503599627370496 2147483648
4503599627370496 4294967296
4503599627370496 8589934592
4503599627370496 17179869184
4503599627370496 34359738368
4503599627370496 68719476736
4503599627370496 137438953472
4503599627370496 274877906944
4503599627370496 549755813888
4503599627370496 1099511627776
4503599627370496 2199023255552
4503599627370496 4398046511104
4503599627370496 8796093022208
4503599627370496 17592186044416
4503599627370496 35184372088832
4503599627370496 70368744177664
4503599627370496 140737488355328
4503599627370496 281474976710656
4503599627370496 562949953421312
4503599627370496 1125899906842624
4503599627370496 2251799813685248
4503599627370496 4503599627370496
4503599627370496 9007199254740992
4503599627370496 18014398509481984
4503599627370496 36028797018963968
4503599627370496 72057594037927936
4503599627370496 144115188075855872
4503599627370496 288230376151711744
4503599627370496 576460752303423488
4503599627370496 1152921504606846976
4503599627370496 2305843009213693952
4503599627370496 4611686018427387904
4503599627370496 9223372036854775808
9007199254740992 1
9007199254740992 2
9007199254740992 4
9007199254740992 8
9007199254740992 16
9007199254740992 32
9007199254740992 64
9007199254740992 128
9007199254740992 256
9007199254740992 512
9007199254740992 1024
9007199254740992 2048
9007199254740992 4096
9007199254740992 8192
9007199254740992 16384
9007199254740992 32768
9007199254740992 65536
9007199254740992 131072
9007199254740992 262144
9007199254740992 524288
9007199254740992 1048576
9007199254740992 2097152
9007199254740992 4194304
9007199254740992 8388608
9007199254740992 16777216
9007199254740992 33554432
9007199254740992 67108864
9007199254740992 134217728
9007199254740992 268435456
9007199254740992 536870912
9007199254740992 1073741824
9007199254740992 2147483648
9007199254740992 4294967296
9007199254740992 8589934592
9007199254740992 17179869184
9007199254740992 34359738368
9007199254740992 68719476736
9007199254740992 137438953472
9007199254740992 274877906944
9007199254740992 549755813888
9007199254740992 1099511627776
9007199254740992 2199023255552
9007199254740992 4398046511104
9007199254740992 8796093022208
9007199254740992 17592186044416
9007199254740992 35184372088832
9007199254740992 70368744177664
9007199254740992 140737488355328
9007199254740992 281474976710656
9007199254740992 562949953421312
9007199254740992 1125899906842624
9007199254740992 2251799813685248
9007199254740992 4503599627370496
9007199254740992 9007199254740992
9007199254740992 18014398509481984
9007199254740992 36028797018963968
9007199254740992 72057594037927936
9007199254740992 144115188075855872
9007199254740992 288230376151711744
9007199254740992 576460752303423488
9007199254740992 1152921504606846976
9007199254740992 2305843009213693952
9007199254740992 4611686018427387904
9007199254740992 9223372036854775808
18014398509481984 1
18014398509481984 2
18014398509481984 4
18014398509481984 8
18014398509481984 16
18014398509481984 32
18014398509481984 64
18014398509481984 128
18014398509481984 256
18014398509481984 512
18014398509481984 1024
18014398509481984 2048
18014398509481984 4096
18014398509481984 8192
18014398509481984 16384
18014398509481984 32768
18014398509481984 65536
18014398509481984 131072
18014398509481984 262144
18014398509481984 524288
18014398509481984 1048576
18014398509481984 2097152
18014398509481984 4194304
18014398509481984 8388608
18014398509481984 16777216
18014398509481984 33554432
18014398509481984 67108864
18014398509481984 134217728
18014398509481984 268435456
18014398509481984 536870912
18014398509481984 1073741824
18014398509481984 2147483648
18014398509481984 4294967296
18014398509481984 8589934592
18014398509481984 17179869184
18014398509481984 34359738368
18014398509481984 68719476736
18014398509481984 137438953472
18014398509481984 274877906944
18014398509481984 549755813888
18014398509481984 1099511627776
18014398509481984 2199023255552
18014398509481984 4398046511104
18014398509481984 8796093022208
18014398509481984 17592186044416
18014398509481984 35184372088832
18014398509481984 70368744177664
18014398509481984 140737488355328
18014398509481984 281474976710656
18014398509481984 562949953421312
18014398509481984 1125899906842624
18014398509481984 2251799813685248
18014398509481984 4503599627370496
18014398509481984 9007199254740992
18014398509481984 18014398509481984
18014398509481984 36028797018963968
18014398509481984 72057594037927936
18014398509481984 144115188075855872
18014398509481984 288230376151711744
18014398509481984 576460752303423488
18014398509481984 1152921504606846976
18014398509481984 2305843009213693952
18014398509481984 4611686018427387904
18014398509481984 9223372036854775808
36028797018963968 1
36028797018963968 2
36028797018963968 4
36028797018963968 8
36028797018963968 16
36028797018963968 32
36028797018963968 64
36028797018963968 128
36028797018963968 256
36028797018963968 512
36028797018963968 1024
36028797018963968 2048
36028797018963968 4096
36028797018963968 8192
36028797018963968 16384
36028797018963968 32768
36028797018963968 65536
36028797018963968 131072
36028797018963968 262144
36028797018963968 524288
36028797018963968 1048576
36028797018963968 2097152
36028797018963968 4194304
36028797018963968 8388608
36028797018963968 16777216
36028797018963968 33554432
36028797018963968 67108864
36028797018963968 134217728
36028797018963968 268435456
36028797018963968 536870912
36028797018963968 1073741824
36028797018963968 2147483648
36028797018963968 4294967296
36028797018963968 8589934592
36028797018963968 17179869184
36028797018963968 34359738368
36028797018963968 68719476736
36028797018963968 137438953472
36028797018963968 274877906944
36028797018963968 549755813888
36028797018963968 1099511627776
36028797018963968 2199023255552
36028797018963968 4398046511104
36028797018963968 8796093022208
36028797018963968 17592186044416
36028797018963968 35184372088832
36028797018963968 70368744177664
36028797018963968 140737488355328
36028797018963968 281474976710656
36028797018963968 562949953421312
36028797018963968 1125899906842624
36028797018963968 2251799813685248
36028797018963968 4503599627370496
36028797018963968 9007199254740992
36028797018963968 18014398509481984
36028797018963968 36028797018963968
36028797018963968 72057594037927936
36028797018963968 144115188075855872
36028797018963968 288230376151711744
36028797018963968 576460752303423488
36028797018963968 1152921504606846976
36028797018963968 2305843009213693952
36028797018963968 4611686018427387904
36028797018963968 9223372036854775808
72057594037927936 1
72057594037927936 2
72057594037927936 4
72057594037927936 8
72057594037927936 16
72057594037927936 32
72057594037927936 64
72057594037927936 128
72057594037927936 256
72057594037927936 512
72057594037927936 1024
72057594037927936 2048
72057594037927936 4096
72057594037927936 8192
72057594037927936 16384
72057594037927936 32768
72057594037927936 65536
72057594037927936 131072
72057594037927936 262144
72057594037927936 524288
72057594037927936 1048576
72057594037927936 2097152
72057594037927936 4194304
72057594037927936 8388608
72057594037927936 16777216
72057594037927936 33554432
72057594037927936 67108864
72057594037927936 134217728
72057594037927936 268435456
72057594037927936 536870912
72057594037927936 1073741824
72057594037927936 2147483648
72057594037927936 4294967296
72057594037927936 8589934592
72057594037927936 17179869184
72057594037927936 34359738368
72057594037927936 68719476736
72057594037927936 137438953472
72057594037927936 274877906944
72057594037927936 549755813888
72057594037927936 1099511627776
72057594037927936 2199023255552
72057594037927936 4398046511104
72057594037927936 8796093022208
72057594037927936 17592186044416
72057594037927936 35184372088832
72057594037927936 70368744177664
72057594037927936 140737488355328
72057594037927936 281474976710656
72057594037927936 562949953421312
72057594037927936 1125899906842624
72057594037927936 2251799813685248
72057594037927936 4503599627370496
72057594037927936 9007199254740992
72057594037927936 18014398509481984
72057594037927936 36028797018963968
72057594037927936 72057594037927936
72057594037927936 144115188075855872
72057594037927936 288230376151711744
72057594037927936 576460752303423488
72057594037927936 1152921504606846976
72057594037927936 2305843009213693952
72057594037927936 4611686018427387904
72057594037927936 9223372036854775808
144115188075855872 1
144115188075855872 2
144115188075855872 4
144115188075855872 8
144115188075855872 16
144115188075855872 32
144115188075855872 64
144115188075855872 128
144115188075855872 256
144115188075855872 512
144115188075855872 1024
144115188075855872 2048
144115188075855872 4096
144115188075855872 8192
144115188075855872 16384
144115188075855872 32768
144115188075855872 65536
144115188075855872 131072
144115188075855872 262144
144115188075855872 524288
144115188075855872 1048576
144115188075855872 2097152
144115188075855872 4194304
144115188075855872 8388608
144115188075855872 16777216
144115188075855872 33554432
144115188075855872 67108864
144115188075855872 134217728
144115188075855872 268435456
144115188075855872 536870912
144115188075855872 1073741824
144115188075855872 2147483648
144115188075855872 4294967296
144115188075855872 8589934592
144115188075855872 17179869184
144115188075855872 34359738368
144115188075855872 68719476736
144115188075855872 137438953472
144115188075855872 274877906944
144115188075855872 549755813888
144115188075855872 1099511627776
144115188075855872 2199023255552
144115188075855872 4398046511104
144115188075855872 8796093022208
144115188075855872 17592186044416
144115188075855872 35184372088832
144115188075855872 70368744177664
144115188075855872 140737488355328
144115188075855872 281474976710656
144115188075855872 562949953421312
144115188075855872 1125899906842624
144115188075855872 2251799813685248
144115188075855872 4503599627370496
144115188075855872 9007199254740992
144115188075855872 18014398509481984
144115188075855872 36028797018963968
144115188075855872 72057594037927936
144115188075855872 144115188075855872
144115188075855872 288230376151711744
144115188075855872 576460752303423488
144115188075855872 1152921504606846976
144115188075855872 2305843009213693952
144115188075855872 4611686018427387904
144115188075855872 9223372036854775808
288230376151711744 1
288230376151711744 2
288230376151711744 4
288230376151711744 8
288230376151711744 16
288230376151711744 32
288230376151711744 64
288230376151711744 128
288230376151711744 256
288230376151711744 512
288230376151711744 1024
288230376151711744 2048
288230376151711744 4096
288230376151711744 8192
288230376151711744 16384
288230376151711744 32768
288230376151711744 65536
288230376151711744 131072
288230376151711744 262144
288230376151711744 524288
288230376151711744 1048576
288230376151711744 2097152
288230376151711744 4194304
288230376151711744 8388608
288230376151711744 16777216
288230376151711744 33554432
288230376151711744 67108864
288230376151711744 134217728
288230376151711744 268435456
288230376151711744 536870912
288230376151711744 1073741824
288230376151711744 2147483648
288230376151711744 4294967296
288230376151711744 8589934592
288230376151711744 17179869184
288230376151711744 34359738368
288230376151711744 68719476736
288230376151711744 137438953472
288230376151711744 274877906944
288230376151711744 549755813888
288230376151711744 1099511627776
288230376151711744 2199023255552
288230376151711744 4398046511104
288230376151711744 8796093022208
288230376151711744 17592186044416
288230376151711744 35184372088832
288230376151711744 70368744177664
288230376151711744 140737488355328
288230376151711744 281474976710656
288230376151711744 562949953421312
288230376151711744 1125899906842624
288230376151711744 2251799813685248
288230376151711744 4503599627370496
288230376151711744 9007199254740992
288230376151711744 18014398509481984
288230376151711744 36028797018963968
288230376151711744 72057594037927936
288230376151711744 144115188075855872
288230376151711744 288230376151711744
288230376151711744 576460752303423488
288230376151711744 1152921504606846976
288230376151711744 2305843009213693952
288230376151711744 4611686018427387904
288230376151711744 9223372036854775808
576460752303423488 1
576460752303423488 2
576460752303423488 4
576460752303423488 8
576460752303423488 16
576460752303423488 32
576460752303423488 64
576460752303423488 128
576460752303423488 256
576460752303423488 512
576460752303423488 1024
576460752303423488 2048
576460752303423488 4096
576460752303423488 8192
576460752303423488 16384
576460752303423488 32768
576460752303423488 65536
576460752303423488 131072
576460752303423488 262144
576460752303423488 524288
576460752303423488 1048576
576460752303423488 2097152
576460752303423488 4194304
576460752303423488 8388608
576460752303423488 16777216
576460752303423488 33554432
576460752303423488 67108864
576460752303423488 134217728
576460752303423488 268435456
576460752303423488 536870912
576460752303423488 1073741824
576460752303423488 2147483648
576460752303423488 4294967296
576460752303423488 8589934592
576460752303423488 17179869184
576460752303423488 34359738368
576460752303423488 68719476736
576460752303423488 137438953472
576460752303423488 274877906944
576460752303423488 549755813888
576460752303423488 1099511627776
576460752303423488 2199023255552
576460752303423488 4398046511104
576460752303423488 8796093022208
576460752303423488 17592186044416
576460752303423488 35184372088832
576460752303423488 70368744177664
576460752303423488 140737488355328
576460752303423488 281474976710656
576460752303423488 562949953421312
576460752303423488 1125899906842624
576460752303423488 2251799813685248
576460752303423488 4503599627370496
576460752303423488 9007199254740992
576460752303423488 18014398509481984
576460752303423488 36028797018963968
576460752303423488 72057594037927936
576460752303423488 144115188075855872
576460752303423488 288230376151711744
576460752303423488 576460752303423488
576460752303423488 1152921504606846976
576460752303423488 2305843009213693952
576460752303423488 4611686018427387904
576460752303423488 9223372036854775808
1152921504606846976 1
1152921504606846976 2
1152921504606846976 4
1152921504606846976 8
1152921504606846976 16
1152921504606846976 32
1152921504606846976 64
1152921504606846976 128
1152921504606846976 256
1152921504606846976 512
1152921504606846976 1024
1152921504606846976 2048
1152921504606846976 4096
1152921504606846976 8192
1152921504606846976 16384
1152921504606846976 32768
1152921504606846976 65536
1152921504606846976 131072
1152921504606846976 262144
1152921504606846976 524288
1152921504606846976 1048576
1152921504606846976 2097152
1152921504606846976 4194304
1152921504606846976 8388608
1152921504606846976 16777216
1152921504606846976 33554432
1152921504606846976 67108864
1152921504606846976 134217728
1152921504606846976 268435456
1152921504606846976 536870912
1152921504606846976 1073741824
1152921504606846976 2147483648
1152921504606846976 4294967296
1152921504606846976 8589934592
1152921504606846976 17179869184
1152921504606846976 34359738368
1152921504606846976 68719476736
1152921504606846976 137438953472
1152921504606846976 274877906944
1152921504606846976 549755813888
1152921504606846976 1099511627776
1152921504606846976 2199023255552
1152921504606846976 4398046511104
1152921504606846976 8796093022208
1152921504606846976 17592186044416
1152921504606846976 35184372088832
1152921504606846976 70368744177664
1152921504606846976 140737488355328
1152921504606846976 281474976710656
1152921504606846976 562949953421312
1152921504606846976 1125899906842624
1152921504606846976 2251799813685248
1152921504606846976 4503599627370496
1152921504606846976 9007199254740992
1152921504606846976 18014398509481984
1152921504606846976 36028797018963968
1152921504606846976 72057594037927936
1152921504606846976 144115188075855872
1152921504606846976 288230376151711744
1152921504606846976 576460752303423488
1152921504606846976 1152921504606846976
1152921504606846976 2305843009213693952
1152921504606846976 4611686018427387904
1152921504606846976 9223372036854775808
2305843009213693952 1
2305843009213693952 2
2305843009213693952 4
2305843009213693952 8
2305843009213693952 16
2305843009213693952 32
2305843009213693952 64
2305843009213693952 128
2305843009213693952 256
2305843009213693952 512
2305843009213693952 1024
2305843009213693952 2048
2305843009213693952 4096
2305843009213693952 8192
2305843009213693952 16384
2305843009213693952 32768
2305843009213693952 65536
2305843009213693952 131072
2305843009213693952 262144
2305843009213693952 524288
2305843009213693952 1048576
2305843009213693952 2097152
2305843009213693952 4194304
2305843009213693952 8388608
2305843009213693952 16777216
2305843009213693952 33554432
2305843009213693952 67108864
2305843009213693952 134217728
2305843009213693952 268435456
2305843009213693952 536870912
2305843009213693952 1073741824
2305843009213693952 2147483648
2305843009213693952 4294967296
2305843009213693952 8589934592
2305843009213693952 17179869184
2305843009213693952 34359738368
2305843009213693952 68719476736
2305843009213693952 137438953472
2305843009213693952 274877906944
2305843009213693952 549755813888
2305843009213693952 1099511627776
2305843009213693952 2199023255552
2305843009213693952 4398046511104
2305843009213693952 8796093022208
2305843009213693952 17592186044416
2305843009213693952 35184372088832
2305843009213693952 70368744177664
2305843009213693952 140737488355328
2305843009213693952 281474976710656
2305843009213693952 562949953421312
2305843009213693952 1125899906842624
2305843009213693952 2251799813685248
2305843009213693952 4503599627370496
2305843009213693952 9007199254740992
2305843009213693952 18014398509481984
2305843009213693952 36028797018963968
2305843009213693952 72057594037927936
2305843009213693952 144115188075855872
2305843009213693952 288230376151711744
2305843009213693952 576460752303423488
2305843009213693952 1152921504606846976
2305843009213693952 2305843009213693952
2305843009213693952 4611686018427387904
2305843009213693952 9223372036854775808
4611686018427387904 1
4611686018427387904 2
4611686018427387904 4
4611686018427387904 8
4611686018427387904 16
4611686018427387904 32
4611686018427387904 64
4611686018427387904 128
4611686018427387904 256
4611686018427387904 512
4611686018427387904 1024
4611686018427387904 2048
4611686018427387904 4096
4611686018427387904 8192
4611686018427387904 16384
4611686018427387904 32768
4611686018427387904 65536
4611686018427387904 131072
4611686018427387904 262144
4611686018427387904 524288
4611686018427387904 1048576
4611686018427387904 2097152
4611686018427387904 4194304
4611686018427387904 8388608
4611686018427387904 16777216
4611686018427387904 33554432
4611686018427387904 67108864
4611686018427387904 134217728
4611686018427387904 268435456
4611686018427387904 536870912
4611686018427387904 1073741824
4611686018427387904 2147483648
4611686018427387904 4294967296
4611686018427387904 8589934592
4611686018427387904 17179869184
4611686018427387904 34359738368
4611686018427387904 68719476736
4611686018427387904 137438953472
4611686018427387904 274877906944
4611686018427387904 549755813888
4611686018427387904 1099511627776
4611686018427387904 2199023255552
4611686018427387904 4398046511104
4611686018427387904 8796093022208
4611686018427387904 17592186044416
4611686018427387904 35184372088832
4611686018427387904 70368744177664
4611686018427387904 140737488355328
4611686018427387904 281474976710656
4611686018427387904 562949953421312
4611686018427387904 1125899906842624
4611686018427387904 2251799813685248
4611686018427387904 4503599627370496
4611686018427387904 9007199254740992
4611686018427387904 18014398509481984
4611686018427387904 36028797018963968
4611686018427387904 72057594037927936
4611686018427387904 144115188075855872
4611686018427387904 288230376151711744
4611686018427387904 576460752303423488
4611686018427387904 1152921504606846976
4611686018427387904 2305843009213693952
4611686018427387904 4611686018427387904
4611686018427387904 9223372036854775808
9223372036854775808 1
9223372036854775808 2
9223372036854775808 4
9223372036854775808 8
9223372036854775808 16
9223372036854775808 32
9223372036854775808 64
9223372036854775808 128
9223372036854775808 256
9223372036854775808 512
9223372036854775808 1024
9223372036854775808 2048
9223372036854775808 4096
9223372036854775808 8192
9223372036854775808 16384
9223372036854775808 32768
9223372036854775808 65536
9223372036854775808 131072
9223372036854775808 262144
9223372036854775808 524288
9223372036854775808 1048576
9223372036854775808 2097152
9223372036854775808 4194304
9223372036854775808 8388608
9223372036854775808 16777216
9223372036854775808 33554432
9223372036854775808 67108864
9223372036854775808 134217728
9223372036854775808 268435456
9223372036854775808 536870912
9223372036854775808 1073741824
9223372036854775808 2147483648
9223372036854775808 4294967296
9223372036854775808 8589934592
9223372036854775808 17179869184
9223372036854775808 34359738368
9223372036854775808 68719476736
9223372036854775808 137438953472
9223372036854775808 274877906944
9223372036854775808 549755813888
9223372036854775808 1099511627776
9223372036854775808 2199023255552
9223372036854775808 4398046511104
9223372036854775808 8796093022208
9223372036854775808 17592186044416
9223372036854775808 35184372088832
9223372036854775808 70368744177664
9223372036854775808 140737488355328
9223372036854775808 281474976710656
9223372036854775808 562949953421312
9223372036854775808 1125899906842624
9223372036854775808 2251799813685248
9223372036854775808 4503599627370496
9223372036854775808 9007199254740992
9223372036854775808 18014398509481984
9223372036854775808 36028797018963968
9223372036854775808 72057594037927936
9223372036854775808 144115188075855872
9223372036854775808 288230376151711744
9223372036854775808 576460752303423488
9223372036854775808 1152921504606846976
9223372036854775808 2305843009213693952
9223372036854775808 4611686018427387904
9223372036854775808 9223372036854775808
